16.08999816 45.0462526 4.5526776267791265 HRV 0
64.85306756 40.84370834 12.800566630480661 UZB 1
24.54381493 43.06148004 6.3724454835751505 BGR 2
-11.72505734 25.97013059 9.8701078583206741 ESH 3
9.647772196 2.480871235 3.2051952368216887 GNQ 4
21.63543477 44.06986458 5.6886742187974573 SRB 5
-1.12270605 12.70365824 9.9985374125564945 BFA 6
1.29253793 7.632703251 4.5603519857839236 TGO 7
59.3796474 40.33287894 13.370129438428238 TKM 8
25.08044302 57.63937792 4.8625002969637778 LVA 9
8.911323467 51.0617739 11.436279335159089 DEU 10
99.68470438 15.35745722 13.708525639829128 THA 11
46.66837887 40.40823473 5.6317061854582686 AZE 12
105.1167302 33.00200137 59.624244055997465 CHN 13
12.00116613 -1.266730834 9.901006387181587 GAB 14
70.10958283 29.78549349 17.971892835527065 PAK 15
30.58429347 -1.527915225 3.1057915955951527 RWA 16
38.35999367 33.73878603 8.2352819195243896 SYR 17
29.59060794 -13.49629669 16.602245666982306 ZMB 18
9.780435402 55.51155289 3.9727373069308731 DNK 19
82.33092031 26.8564153 7.3418742401924684 NPL 20
9.58865819 34.4789737 7.7408066349161162 TUN 21
92.04582618 23.1777112 7.3515691515904384 BGD 22
75.11081764 41.58306676 8.5574228086869208 KGZ 23
29.74700739 27.59469743 19.16075246330227 EGY 24
3.307324222 28.47986616 29.534425053208992 DZA 25
8.844365022 18.06465144 21.541181336294471 NER 26
64.29036865 33.33880014 15.455449563713943 AFG 27
47.72010499 15.45331175 13.905448296150741 YEM 28
-7.889210595 39.07361256 5.8074704465109814 PRT 29
24.37081073 -0.4435308941 29.304851741309538 COD 30
48.27595671 28.474927 2.5545139778953314 KWT 31
-3.930370074 34.49480449 0.049164679376643552 GIB 32
104.9846532 11.97309692 8.1425872479937649 KHM 33
119.3904263 -4.737687501 26.410681245322071 IDN 34
70.24084789 38.76291764 7.2393717431424731 TJK 35
-12.39683602 8.568052377 5.1257960764766386 SLE 36
32.33997015 39.00621262 16.940177626341764 TUR 37
27.21062339 53.45509092 8.7195653003162121 BLR 38
20.16963933 46.56535442 5.8369746277505596 HUN 39
22.24095384 42.01024395 3.0687320534447307 MKD 40
114.7288338 3.610885045 1.453036016482347 BRN 41
23.10891059 -28.33878476 21.146848235527195 ZAF 42
19.76427175 14.8292657 21.685216825491182 TCD 43
10.98328946 46.95109417 0.14966318452911395 SMR 44
1.623191289 45.83886476 14.214471604740707 FRA 45
35.97836219 -16.99859654 17.133943665848665 MOZ 46
38.1136175 9.222320263 20.110589591703491 ETH 47
38.6106067 15.71857985 6.5627388980373613 ERI 48
1.178919698 42.04280367 0.41407441383512078 AND 49
18.37779717 43.36836409 4.3306613245573979 BIH 50
18.01417693 -11.0409049 21.367918388391331 AGO 51
25.71245939 63.24138355 11.132986753931805 FIN 52
29.77949476 16.03102784 26.282090574320566 SDN 53
89.87731593 28.45511597 3.749839655771483 BTN 54
96.95289414 20.81678502 15.74128351252131 MMR 55
107.940335 49.12452232 23.933976599751627 MNG 56
129.5240363 36.36092238 6.0581046968333183 KOR 57
20.6374718 7.396071834 15.104965295379047 CAF 58
34.65700242 30.7647768 2.7580464920412568 ISR 59
112.9095149 22.45791352 0.10993556517815699 MAC 60
106.2818427 15.47632742 11.013729508072137 VNM 61
-5.182242311 31.30688738 12.788400021873175 MAR 62
36.204754 32.93970603 1.9565236374913348 LBN 63
44.30066072 23.81292068 28.058804141709228 SAU 64
52.11459114 32.10222826 24.568891108590357 IRN 65
42.24381943 13.03016984 2.9149030374888021 DJI 66
23.6170463 56.00421685 4.8903247615768484 LTU 67
98.41456399 66.79525367 79.132880342658851 RUS 68
29.36343167 -19.17523947 11.962848551320587 ZWE 69
-11.58107791 20.00986023 19.428862804347926 MRT 70
24.13757597 -19.95765873 14.599658289365967 BWA 71
52.05776324 26.13132475 2.0599159718334348 QAT 72
-16.6372455 14.40438462 1.9785551345459282 GMB 73
78.16924712 19.68103111 34.699247425117875 IND 74
11.87136477 5.575558022 13.195626536088458 CMR 75
10.281991 40.92493349 0.012694265629824517 VAT 76
-9.912331053 6.826830496 6.3865025746447772 LBR 77
-1.435555397 7.962802465 9.3466352887464552 GHA 78
24.41607605 46.22448347 9.343859091966177 ROU 79
33.64252479 49.08140195 14.866882024982077 UKR 80
30.17230803 -3.624020404 3.19277815183945 BDI 81
37.17036855 1.028951549 14.579163740507054 KEN 82
-10.71610884 11.30839058 9.4890463466215635 GIN 83
34.21421605 -12.58922797 6.5873576571332961 MWI 84
14.89237786 46.30025202 2.7248352799749322 SVN 85
28.19796876 -29.26898196 3.3342449855370329 LSO 86
-5.395677197 7.326689869 10.867284926928818 CIV 87
50.31796236 9.079152061 15.281808080540799 SOM 88
29.36214289 7.657003215 15.065644083474325 SSD 89
126.7440937 -8.665622027 2.333984953220948 TLS 90
8.311680116 46.80881119 0.24219115234978761 LIE 91
3.299132086 50.75387459 3.3437283629014938 BEL 92
16.13087238 -1.564474703 11.191656516480931 COG 93
35.32662951 -6.571674583 18.604462963356873 TZA 94
15.08874323 49.92077901 5.3743239114709889 CZE 95
112.0059826 1.5438452 11.006923884705028 MYS 96
19.51216226 48.67137397 4.23783185708528 SVK 97
32.22428048 1.971717201 9.4055599638554988 UGA 98
127.6796214 42.92101907 6.6442082198163428 PRK 99
6.175850078 49.51032655 0.97316263828712479 LUX 100
2.674440722 10.01503342 6.4223324680246954 BEN 101
22.20507708 39.05752589 6.9526691021093443 GRC 102
7.44173238 46.61403828 3.8884050369080385 CHE 103
-14.27723674 15.28092256 8.4880413831868076 SEN 104
37.02053451 30.26899098 5.7201718798253314 JOR 105
5.294134557 51.94631201 3.914982317706948 NLD 106
58.57958487 19.81004873 10.64661481915231 OMN 107
12.03678798 43.36519564 10.505262218673552 ITA 108
103.7469569 18.64065959 9.3126260878911555 LAO 109
44.28220836 39.60815702 3.3004602392946678 ARM 110
7.999175216 42.66796556 0.028385240872726803 MCO 111
54.8331838 24.00661003 5.5333021042866761 ARE 112
35.74935449 31.82841999 1.5092835896515178 PSE 113
14.62193341 63.17916064 12.841917149747891 SWE 114
30.12549943 47.55865577 3.5207540575210716 MDA 115
-2.284867235 40.58094182 13.612976759834263 ESP 116
7.748990512 10.25846022 18.393430203769647 NGA 117
19.97446401 41.0354098 3.2447695147537408 ALB 118
31.84399976 -26.61161964 2.521785440438141 SWZ 119
43.17623901 41.7161118 5.0523974578903728 GEO 120
14.77908419 26.46682891 25.385214666124078 LBY 121
148.6104994 -5.492503964 13.019570787693549 PNG 122
20.38837989 53.38732303 10.701152987039785 POL 123
13.04900209 47.54989891 5.5422646197479413 AUT 124
114.4799627 22.4963814 0.63585473900906408 HKG 125
26.8488846 60.34548261 4.0698734210711329 EST 126
8.950366269 62.58366333 10.889830355676377 NOR 127
18.96743166 42.16841343 2.2491072070557596 MNE 128
44.6336343 32.70214968 12.669964586671146 IRQ 129
-15.45761642 12.95031803 3.6373446189428389 GNB 130
-3.809014712 18.27463518 21.312072863289 MLI 131
68.26336964 49.13854921 31.590503210666249 KAZ 132
