59.20956626 92.04633694 5.4112177593872124 ECU 0
103.4933905 122.8472814 4.1625857459458588 SUR 1
118.2910829 91.99428584 30.011777918051365 BRA 2
94.34903846 37.40640291 17.148789956564176 ARG 3
40.963503 112.4904866 3.7134148315639348 NIC 4
26.32425756 119.3699587 1.5585495969623206 BLZ 5
87.45830766 65.26541705 10.779432063945656 BOL 6
33.15761196 116.9695464 3.4493794041639863 HND 7
107.7371332 56.97282629 6.5591052689396285 PRY 8
-17.50590034 226.1142611 32.497256445753457 CAN 9
115.1430133 48.69663499 4.375825145837303 URY 10
29.11694839 112.2112474 1.4918012341502951 SLV 11
6.159636614 119.5325869 14.414250154933548 MEX 12
44.98285092 107.9831153 2.3248214720880878 CRI 13
51.40492051 109.0291036 2.8243214135934163 PAN 14
24.82985897 114.6474498 3.3936874521203024 GTM 15
80.0517264 123.8364467 9.8453937208227611 VEN 16
72.73942719 52.03681289 8.9427291487690432 CHL 17
68.7891598 77.76876099 11.659176208262863 PER 18
2.311810521 165.275054 31.485464686567525 USA 19
68.64353555 106.3881978 10.989172304478629 COL 20
110.5030941 124.1843034 2.9724289122313405 GUF 21
94.5850143 122.2091922 4.7683463885384132 GUY 22
