64.41343138 40.22527899 9.165249799839879 UZB 0
57.60439686 21.69464133 7.6241105511623832 OMN 1
104.3403972 17.87088082 6.667895066691008 LAO 2
116.3331027 5.530209841 1.0456093754722486 BRN 3
46.11015916 40.34405812 2.3767017744604053 ARM 4
58.22332097 39.31667132 9.5736563890706456 TKM 5
98.69303055 13.44159999 9.8179695206792577 THA 6
106.5587734 35.07613855 42.686824002953294 CHN 7
49.09192683 40.50711993 4.027066922312823 AZE 8
54.29830822 24.26065482 3.9586132058775765 ARE 9
71.02911581 29.44675141 12.869918156710751 PAK 10
35.31386985 32.37098947 1.0456093754722486 PSE 11
126.5907932 -9.030271262 1.6532535846592511 TLS 12
38.23415442 35.1479593 5.8994364493626845 SYR 13
91.73284563 27.36368341 2.6997517985615711 BTN 14
95.58486416 21.02913308 11.269644917170192 MMR 15
104.7265275 54.61406732 17.133323448509998 MNG 16
126.2291715 36.54308486 4.3322394806414879 KOR 17
83.03903503 27.37201288 5.2627851125215495 NPL 18
36.29130031 30.7688616 4.0943763236693087 JOR 19
44.01553038 42.39077849 3.6220971263765955 GEO 20
74.94473387 40.92641096 6.1267118289713665 KGZ 21
112.7040007 21.76766739 0 MAC 22
106.8588828 13.82947817 7.8826280244570492 VNM 23
89.13457804 23.26795175 5.2627851125215495 BGD 24
34.44865702 31.45751271 1.956156021707913 ISR 25
64.08670334 33.43815672 11.065689504068517 AFG 26
36.06016373 34.04045992 1.415761787097328 LBN 27
43.54006347 23.86523764 20.090035713661454 SAU 28
53.38810413 31.79485882 17.589872296277676 IRN 29
46.42672918 14.46685317 9.956192692197936 YEM 30
112.1418503 1.937364738 7.8826280244570492 MYS 31
126.1037876 39.61498633 4.7534035489208106 PRK 32
51.60372616 25.73464687 1.4787149597373157 QAT 33
113.4223701 21.47568286 0.42686824002953294 HKG 34
47.30960396 29.97889592 1.8110485631882978 KWT 35
77.52215922 18.89275891 24.842851413426768 IND 36
104.7610648 9.848773885 5.8373353889155064 KHM 37
121.0507644 -4.886561679 18.907902102207885 IDN 38
69.52227908 38.81835373 5.1755023590806051 TJK 39
43.73812668 33.68730175 9.0753432686786972 IRQ 40
34.50994757 39.98874903 12.126364291787961 TUR 41
68.32572587 50.24877386 22.615961169691023 KAZ 42
