37.23662041 61.29153889 4.5526776267791265 HRV 0
104.4134281 36.66295852 12.800566630480661 UZB 1
52.65605433 54.20829823 6.3724454835751505 BGR 2
-49.60205224 50.5825407 9.8701078583206741 ESH 3
-16.68032615 -29.89088724 3.2051952368216887 GNQ 4
46.58490947 57.35225444 5.6886742187974573 SRB 5
-30.89826561 4.751317841 9.9985374125564945 BFA 6
-23.28906956 -6.830831323 4.5603519857839236 TGO 7
90.24587347 41.05632264 13.370129438428238 TKM 8
64.09408147 89.23371414 4.8625002969637778 LVA 9
30.8153144 87.45339557 11.436279335159089 DEU 10
141.7904093 -13.33303915 13.708525639829128 THA 11
82.95001634 48.97820753 5.6317061854582686 AZE 12
157.1156541 43.80600244 59.624244055997465 CHN 13
-18.02848395 -38.21604679 9.901006387181587 GAB 14
118.7039806 4.926696062 17.971892835527065 PAK 15
36.58819537 -40.22454883 3.1057915955951527 RWA 16
60.74412663 30.29306916 8.2352819195243896 SYR 17
23.33653066 -66.33424545 16.602245666982306 ZMB 18
25.93331372 101.6551956 3.9727373069308731 DNK 19
128.510208 15.44334932 7.3418742401924684 NPL 20
6.876328894 54.84024976 7.7408066349161162 TUN 21
131.3367368 -1.93719229 7.3515691515904384 BGD 22
118.8128785 49.00065079 8.5574228086869208 KGZ 23
40.98633331 22.58031992 19.16075246330227 EGY 24
-10.96488289 43.04626415 29.534425053208992 DZA 25
-15.73050645 14.48310177 21.541181336294471 NER 26
112.4635116 22.81739738 15.455449563713943 AFG 27
74.84010042 -14.24428541 13.905448296150741 YEM 28
-30.0239771 64.67233329 5.8074704465109814 PRT 29
16.76309615 -41.15200755 29.304851741309538 COD 30
73.30026131 22.91816349 2.5545139778953314 KWT 31
-22.18831971 62.46225836 0.049164679376643552 GIB 32
154.2208425 -13.1052834 8.1425872479937649 KHM 33
157.0967657 -43.92327968 26.410681245322071 IDN 34
115.1395248 40.83436662 7.2393717431424731 TJK 35
-49.96350465 -2.143559096 5.1257960764766386 SLE 36
61.67557772 44.55001731 16.940177626341764 TUR 37
64.5847473 81.55017261 8.7195653003162121 BLR 38
44.99354202 66.61914699 5.8369746277505596 HUN 39
47.06665983 52.34571338 3.0687320534447307 MKD 40
147.582082 -19.68420436 1.453036016482347 BRN 41
19.70852004 -97.02882894 21.146848235527195 ZAF 42
7.499180298 6.677475003 21.685216825491182 TCD 43
22.43766388 71.58050074 0.14966318452911395 SMR 44
10.8943303 79.77201204 14.214471604740707 FRA 45
50.22269612 -78.69149456 17.133943665848665 MOZ 46
56.99424272 -27.9755877 20.110589591703491 ETH 47
60.99280462 -13.39173586 6.5627388980373613 ERI 48
0.8299966705 69.15664246 0.41407441383512078 AND 49
42.272017 61.04806896 4.3306613245573979 BIH 50
-7.520620376 -58.06367996 21.367918388391331 AGO 51
77.23880868 93.36142993 11.132986753931805 FIN 52
33.01237844 -2.732361187 26.282090574320566 SDN 53
132.6209465 10.00492697 3.749839655771483 BTN 54
143.6391219 3.259512885 15.74128351252131 MMR 55
181.5757988 84.47460204 23.933976599751627 MNG 56
192.8601237 54.23204225 6.0581046968333183 KOR 57
8.201317855 -17.47567591 15.104965295379047 CAF 58
51.64673029 28.96537774 2.7580464920412568 ISR 59
154.796901 9.127930734 0.10993556517815699 MAC 60
163.2207018 -7.027742317 11.013729508072137 VNM 61
-32.15465467 54.30110471 12.788400021873175 MAR 62
50.96190444 32.11028612 1.9565236374913348 LBN 63
62.54560443 6.171502089 28.058804141709228 SAU 64
89.76268695 19.55689769 24.568891108590357 IRN 65
65.08155842 -16.92596961 2.9149030374888021 DJI 66
56.93415997 82.64183493 4.8903247615768484 LTU 67
129.2497877 119.9786242 79.132880342658851 RUS 68
29.78328221 -81.18992454 11.962848551320587 ZWE 69
-58.75345898 32.89913544 19.428862804347926 MRT 70
8.001199326 -75.175095 14.599658289365967 BWA 71
79.0726942 1.387642544 2.0599159718334348 QAT 72
-63.4593917 12.7047351 1.9785551345459282 GMB 73
116.5209354 -24.85021124 34.699247425117875 IND 74
-6.63030929 -25.15716 13.195626536088458 CMR 75
22.08522647 58.92161036 0.012694265629824517 VAT 76
-47.25134277 -9.145683076 6.3865025746447772 LBR 77
-31.11822118 -7.812722208 9.3466352887464552 GHA 78
52.86426743 63.11386676 9.343859091966177 ROU 79
65.62626073 68.22237207 14.866882024982077 UKR 80
35.04275109 -43.4502 3.19277815183945 BDI 81
57.27645245 -47.6388238 14.579163740507054 KEN 82
-49.34478411 6.119609431 9.4890463466215635 GIN 83
39.39522552 -70.31839084 6.5873576571332961 MWI 84
38.15924727 67.97583057 2.7248352799749322 SVN 85
37.54532848 -85.05973166 3.3342449855370329 LSO 86
-40.82761959 -1.701194794 10.867284926928818 CIV 87
76.94444315 -30.6570747 15.281808080540799 SOM 88
37.16794383 -25.85710315 15.065644083474325 SSD 89
173.2818132 -41.9212513 2.333984953220948 TLS 90
31.57538709 74.10651104 0.24219115234978761 LIE 91
16.45539667 89.34177988 3.3437283629014938 BEL 92
-6.141316072 -39.51640162 11.191656516480931 COG 93
40.46345345 -56.07657458 18.604462963356873 TZA 94
39.59997609 78.27956596 5.3743239114709889 CZE 95
144.1102877 -27.15168793 11.006923884705028 MYS 96
46.91514204 72.06870573 4.23783185708528 SVK 97
43.62094825 -38.15685486 9.4055599638554988 UGA 98
187.6624192 65.70997936 6.6442082198163428 PRK 99
18.89748106 89.13112075 0.97316263828712479 LUX 100
-22.81676862 -0.5379639627 6.4223324680246954 BEN 101
44.93064951 47.08124594 6.9526691021093443 GRC 102
27.73449707 73.12956238 3.8884050369080385 CHE 103
-57.5432492 12.20290586 8.4880413831868076 SEN 104
55.82382203 24.10016345 5.7201718798253314 JOR 105
17.58034139 93.4156009 3.914982317706948 NLD 106
85.45391588 -5.143298758 10.64661481915231 OMN 107
29.07677188 64.56045077 10.505262218673552 ITA 108
157.8404727 3.168230906 9.3126260878911555 LAO 109
79.14637198 45.09390608 3.3004602392946678 ARM 110
15.57676878 73.19211661 0.028385240872726803 MCO 111
82.75499294 3.623399127 5.5333021042866761 ARE 112
53.22964595 30.79679314 1.5092835896515178 PSE 113
65.5076402 100.2193486 12.841917149747891 SWE 114
59.47795408 59.80586717 3.5207540575210716 MDA 115
-12.84244186 72.28983969 13.612976759834263 ESP 116
-10.30074908 -7.628165181 18.393430203769647 NGA 117
42.97798594 53.68087307 3.2447695147537408 ALB 118
40.69908139 -86.09715792 2.521785440438141 SWZ 119
77.91206405 53.34377449 5.0523974578903728 GEO 120
19.29152391 35.53920003 25.385214666124078 LBY 121
176.5113667 -29.97688626 13.019570787693549 PNG 122
48.1859051 81.3828492 10.701152987039785 POL 123
37.1471913 72.55557401 5.5422646197479413 AUT 124
156.60627 9.177765276 0.63585473900906408 HKG 125
68.76052628 91.19842935 4.0698734210711329 EST 126
55.30044844 91.46242999 10.889830355676377 NOR 127
41.46729735 56.844488 2.2491072070557596 MNE 128
72.50718008 31.71847117 12.669964586671146 IRQ 129
-56.90864849 5.196641383 3.6373446189428389 GNB 130
-39.29510454 20.40029514 21.312072863289 MLI 131
98.97691279 65.00573484 31.590503210666249 KAZ 132
