81.05199515 38.26545525 1.6274742635229698 UZB 0
73.78246017 18.08731094 1.3538140231036011 OMN 1
89.85444884 23.15576439 1.1840187501600856 LAO 2
89.18645616 16.85880486 0.18566895452310958 BRN 3
71.66391908 33.63032514 0.42203115621259546 ARM 4
76.96637426 37.69824078 1.699995059741517 TKM 5
87.14229729 20.66126756 1.743377765354261 THA 6
90.61616973 33.24964386 7.5799033276272221 CHN 7
72.5875653 34.29342423 0.71508664975648273 AZE 8
73.52076085 20.13522654 0.70293131693153232 ARE 9
80.99757878 31.06093805 2.2853125698832177 PAK 10
68.16208181 29.18054248 0.18566895452310958 PSE 11
89.7759299 6.428672645 0.29356839353762415 TLS 12
69.02734198 30.13934314 1.0475634816625328 SYR 13
82.97275281 29.11004929 0.47939517918383051 BTN 14
86.92622227 24.4084179 2.0011519011797541 MMR 15
87.6930969 43.52916167 3.0423658459971032 MNG 16
97.31697587 27.87776052 0.76927616945970356 KOR 17
83.60696082 27.84368825 0.93451324427952775 NPL 18
68.76915038 28.31008102 0.72703878644595221 JOR 19
71.39536767 34.94398961 0.64317612524444223 GEO 20
83.77242936 38.59930327 1.0879207920603362 KGZ 21
89.92331886 24.34258769 0 MAC 22
92.1926778 22.05699172 1.3997189949970463 VNM 23
85.12041187 26.74498354 0.93451324427952775 BGD 24
67.64312967 29.05906631 0.34735480759299403 ISR 25
79.48567754 35.03281621 1.9649355194140361 AFG 26
67.49009441 29.63964563 0.25139695284905833 LBN 27
70.44357928 23.17032847 3.5673895192482963 SAU 28
75.56431837 31.79084206 3.1234352675633259 IRN 29
70.10698126 16.69743034 1.7679220668388862 YEM 30
87.60626324 16.73219081 1.3997189949970463 MYS 31
98.29232832 29.65899403 0.84406231242519092 PRK 32
73.68757391 21.0861336 0.26257555359821499 QAT 33
90.25996726 24.35797344 0.075799033276272229 HKG 34
71.83394796 26.89465638 0.32158806262222112 KWT 35
80.58004826 23.43783456 4.4113474472440064 IND 36
89.90573121 20.36110708 1.0365361905550903 KHM 37
88.31554164 10.78621165 3.3574779433827091 IDN 38
82.69058358 36.31644121 0.91901443759375256 TJK 39
71.54592437 29.28714306 1.6115095523821987 IRQ 40
69.105296 33.33948762 2.1532796405978627 TUR 41
80.62696156 43.89235522 4.0159183385432664 KAZ 42
