81.05353273 38.26943866 1.6274742635229698 UZB 0
73.78289527 18.08718493 1.3538140231036011 OMN 1
89.85748796 23.15479986 1.1840187501600856 LAO 2
89.18577959 16.85877844 0.18566895452310958 BRN 3
71.66204643 33.63160388 0.42203115621259546 ARM 4
76.9591284 37.70049609 1.699995059741517 TKM 5
87.13948841 20.66436891 1.743377765354261 THA 6
90.61836644 33.25130259 7.5799033276272221 CHN 7
72.58819018 34.29138645 0.71508664975648273 AZE 8
73.51887642 20.13495195 0.70293131693153232 ARE 9
80.99608126 31.06828918 2.2853125698832177 PAK 10
68.16029767 29.18027119 0.18566895452310958 PSE 11
89.77603168 6.42623531 0.29356839353762415 TLS 12
69.02535096 30.13961476 1.0475634816625328 SYR 13
82.97292967 29.11069637 0.47939517918383051 BTN 14
86.92948863 24.4086663 2.0011519011797541 MMR 15
87.6930969 43.52916167 3.0423658459971032 MNG 16
97.31680222 27.87744215 0.76927616945970356 KOR 17
83.60655924 27.84285628 0.93451324427952775 NPL 18
68.7668078 28.30619694 0.72703878644595221 JOR 19
71.39855161 34.9468705 0.64317612524444223 GEO 20
83.7736126 38.60267842 1.0879207920603362 KGZ 21
89.92331886 24.34258769 0 MAC 22
92.19794709 22.05426204 1.3997189949970463 VNM 23
85.12140821 26.74546961 0.93451324427952775 BGD 24
67.64160063 29.05751234 0.34735480759299403 ISR 25
79.48014473 35.03935353 1.9649355194140361 AFG 26
67.48842932 29.63929107 0.25139695284905833 LBN 27
70.44372785 23.16485866 3.5673895192482963 SAU 28
75.56321289 31.78926591 3.1234352675633259 IRN 29
70.10585278 16.69673129 1.7679220668388862 YEM 30
87.60468026 16.73372454 1.3997189949970463 MYS 31
98.29244475 29.65950133 0.84406231242519092 PRK 32
73.68750773 21.08567479 0.26257555359821499 QAT 33
90.25996726 24.35797344 0.075799033276272229 HKG 34
71.83394796 26.89465638 0.32158806262222112 KWT 35
80.57905778 23.43611476 4.4113474472440064 IND 36
89.90422293 20.35971038 1.0365361905550903 KHM 37
88.31388982 10.78514006 3.3574779433827091 IDN 38
82.69201575 36.31851807 0.91901443759375256 TJK 39
71.54383963 29.28632702 1.6115095523821987 IRQ 40
69.10265684 33.34384557 2.1532796405978627 TUR 41
80.62269234 43.89639133 4.0159183385432664 KAZ 42
