81.0652481 38.30036857 1.6274742635229698 UZB 0
73.78146061 18.08505093 1.3538140231036011 OMN 1
89.86693744 23.15635237 1.1840187501600856 LAO 2
89.18511317 16.8588862 0.18566895452310958 BRN 3
71.66666701 33.63227099 0.42203115621259546 ARM 4
76.9512637 37.71876461 1.699995059741517 TKM 5
87.13146037 20.66933494 1.743377765354261 THA 6
90.65061566 33.28454796 7.5799033276272221 CHN 7
72.59698764 34.29246703 0.71508664975648273 AZE 8
73.51180154 20.13194712 0.70293131693153232 ARE 9
81.00564624 31.07283097 2.2853125698832177 PAK 10
68.15799355 29.17972044 0.18566895452310958 PSE 11
89.77219564 6.422884954 0.29356839353762415 TLS 12
69.02114112 30.14387965 1.0475634816625328 SYR 13
82.97216004 29.11164325 0.47939517918383051 BTN 14
86.93187643 24.42049941 2.0011519011797541 MMR 15
87.6930969 43.52916167 3.0423658459971032 MNG 16
97.31538875 27.87624165 0.76927616945970356 KOR 17
83.60655924 27.84285628 0.93451324427952775 NPL 18
68.76190342 28.30070745 0.72703878644595221 JOR 19
71.40483929 34.95205271 0.64317612524444223 GEO 20
83.7773665 38.61259863 1.0879207920603362 KGZ 21
89.92331886 24.34258769 0 MAC 22
92.21165454 22.05256686 1.3997189949970463 VNM 23
85.12937461 26.74918367 0.93451324427952775 BGD 24
67.63712692 29.05783719 0.34735480759299403 ISR 25
79.49089804 35.05949723 1.9649355194140361 AFG 26
67.4849069 29.63893181 0.25139695284905833 LBN 27
70.44632515 23.14909315 3.5673895192482963 SAU 28
75.57569259 31.78638535 3.1234352675633259 IRN 29
70.09341345 16.69576891 1.7679220668388862 YEM 30
87.59985687 16.73196369 1.3997189949970463 MYS 31
98.29277627 29.66081743 0.84406231242519092 PRK 32
73.68733038 21.08462575 0.26257555359821499 QAT 33
90.25996726 24.35797344 0.075799033276272229 HKG 34
71.83394796 26.89465638 0.32158806262222112 KWT 35
80.57654278 23.41727998 4.4113474472440064 IND 36
89.90437669 20.3569104 1.0365361905550903 KHM 37
88.30988218 10.77100025 3.3574779433827091 IDN 38
82.68452168 36.32541089 0.91901443759375256 TJK 39
71.54303654 29.27594295 1.6115095523821987 IRQ 40
69.09768226 33.35392429 2.1532796405978627 TUR 41
80.60961769 43.94327934 4.0159183385432664 KAZ 42
