37.20923423 61.27308808 4.5526776267791265 HRV 0
104.4402926 36.78760717 12.800566630480661 UZB 1
52.64076933 54.19022026 6.3724454835751505 BGR 2
-49.60205224 50.5825407 9.8701078583206741 ESH 3
-16.68032615 -29.89088724 3.2051952368216887 GNQ 4
46.58617612 57.36367514 5.6886742187974573 SRB 5
-30.8967567 4.750889803 9.9985374125564945 BFA 6
-23.28913084 -6.830848806 4.5603519857839236 TGO 7
90.23450629 41.05488219 13.370129438428238 TKM 8
64.09640532 89.26876247 4.8625002969637778 LVA 9
30.8153144 87.45339557 11.436279335159089 DEU 10
141.7966312 -13.32723203 13.708525639829128 THA 11
82.94040344 48.97831838 5.6317061854582686 AZE 12
157.0992501 43.83522792 59.624244055997465 CHN 13
-18.01498755 -38.21093278 9.901006387181587 GAB 14
118.6493288 5.013455046 17.971892835527065 PAK 15
36.58819537 -40.22454883 3.1057915955951527 RWA 16
60.77374196 30.30366142 8.2352819195243896 SYR 17
23.3344682 -66.33787419 16.602245666982306 ZMB 18
25.93331372 101.6551956 3.9727373069308731 DNK 19
128.5149512 15.45628811 7.3418742401924684 NPL 20
6.876328894 54.84024976 7.7408066349161162 TUN 21
131.3367368 -1.93719229 7.3515691515904384 BGD 22
118.8039936 49.00774011 8.5574228086869208 KGZ 23
40.99156358 22.57771854 19.16075246330227 EGY 24
-10.96965146 43.03328653 29.534425053208992 DZA 25
-15.73283225 14.47123948 21.541181336294471 NER 26
112.4324364 22.90986204 15.455449563713943 AFG 27
74.83612621 -14.24501451 13.905448296150741 YEM 28
-30.0239771 64.67233329 5.8074704465109814 PRT 29
16.7609162 -41.15959754 29.304851741309538 COD 30
73.30026131 22.91816349 2.5545139778953314 KWT 31
-22.18831971 62.46225836 0.049164679376643552 GIB 32
154.224322 -13.10032202 8.1425872479937649 KHM 33
157.0956953 -43.91619992 26.410681245322071 IDN 34
115.1341442 40.84135143 7.2393717431424731 TJK 35
-49.96355626 -2.141323288 5.1257960764766386 SLE 36
61.68126034 44.55449999 16.940177626341764 TUR 37
64.52290049 81.58275535 8.7195653003162121 BLR 38
45.02406781 66.61315068 5.8369746277505596 HUN 39
47.06637872 52.34567783 3.0687320534447307 MKD 40
147.5809123 -19.68229036 1.453036016482347 BRN 41
19.70596232 -97.0157448 21.146848235527195 ZAF 42
7.491187122 6.669558149 21.685216825491182 TCD 43
22.43766388 71.58050074 0.14966318452911395 SMR 44
10.89242823 79.76652959 14.214471604740707 FRA 45
50.22269612 -78.69149456 17.133943665848665 MOZ 46
56.99191522 -27.96385948 20.110589591703491 ETH 47
60.98643397 -13.38354891 6.5627388980373613 ERI 48
0.8264892357 69.15351745 0.41407441383512078 AND 49
42.2519193 61.03261783 4.3306613245573979 BIH 50
-7.520620376 -58.06367996 21.367918388391331 AGO 51
77.20087785 93.39089876 11.132986753931805 FIN 52
32.99608652 -2.743039851 26.282090574320566 SDN 53
132.6209465 10.00492697 3.749839655771483 BTN 54
143.6399289 3.261834166 15.74128351252131 MMR 55
181.5757988 84.47460204 23.933976599751627 MNG 56
192.8449608 54.23008187 6.0581046968333183 KOR 57
8.205830462 -17.48608852 15.104965295379047 CAF 58
51.64618399 28.96574628 2.7580464920412568 ISR 59
154.796901 9.127930734 0.10993556517815699 MAC 60
163.213331 -7.008868671 11.013729508072137 VNM 61
-32.14913988 54.29437032 12.788400021873175 MAR 62
50.96190444 32.11028612 1.9565236374913348 LBN 63
62.51925732 6.178773839 28.058804141709228 SAU 64
89.75898982 19.55774937 24.568891108590357 IRN 65
65.08155842 -16.92596961 2.9149030374888021 DJI 66
56.88977795 82.6974625 4.8903247615768484 LTU 67
129.3011466 119.9404119 79.132880342658851 RUS 68
29.79021419 -81.18501107 11.962848551320587 ZWE 69
-58.75345898 32.89913544 19.428862804347926 MRT 70
8.013598183 -75.16985495 14.599658289365967 BWA 71
79.0726942 1.387642544 2.0599159718334348 QAT 72
-63.4593917 12.7047351 1.9785551345459282 GMB 73
116.5146023 -24.76237912 34.699247425117875 IND 74
-6.631904776 -25.15325917 13.195626536088458 CMR 75
22.08522647 58.92161036 0.012694265629824517 VAT 76
-47.25134277 -9.145683076 6.3865025746447772 LBR 77
-31.11822118 -7.812722208 9.3466352887464552 GHA 78
52.92028865 63.09333216 9.343859091966177 ROU 79
65.63206737 68.2608238 14.866882024982077 UKR 80
35.03604234 -43.45329648 3.19277815183945 BDI 81
57.27551956 -47.62278579 14.579163740507054 KEN 82
-49.34020195 6.118424216 9.4890463466215635 GIN 83
39.39885977 -70.31301813 6.5873576571332961 MWI 84
38.15924727 67.97583057 2.7248352799749322 SVN 85
37.54677388 -85.05825368 3.3342449855370329 LSO 86
-40.82761959 -1.701194794 10.867284926928818 CIV 87
76.94596476 -30.65221581 15.281808080540799 SOM 88
37.1671974 -25.84099579 15.065644083474325 SSD 89
173.2818132 -41.9212513 2.333984953220948 TLS 90
31.57379053 74.10670303 0.24219115234978761 LIE 91
16.45539667 89.34177988 3.3437283629014938 BEL 92
-6.132762658 -39.52424198 11.191656516480931 COG 93
40.47471979 -56.07550713 18.604462963356873 TZA 94
39.60498802 78.27414085 5.3743239114709889 CZE 95
144.121285 -27.14101984 11.006923884705028 MYS 96
46.91105298 72.07007718 4.23783185708528 SVK 97
43.62094825 -38.15685486 9.4055599638554988 UGA 98
187.6624192 65.70997936 6.6442082198163428 PRK 99
18.89748106 89.13112075 0.97316263828712479 LUX 100
-22.81676862 -0.5379639627 6.4223324680246954 BEN 101
44.93307348 47.08172469 6.9526691021093443 GRC 102
27.72882557 73.11393227 3.8884050369080385 CHE 103
-57.5432492 12.20290586 8.4880413831868076 SEN 104
55.84051253 24.12120369 5.7201718798253314 JOR 105
17.58034139 93.4156009 3.914982317706948 NLD 106
85.4535979 -5.140317642 10.64661481915231 OMN 107
29.07677188 64.56045077 10.505262218673552 ITA 108
157.8393856 3.181286498 9.3126260878911555 LAO 109
79.14637198 45.09390608 3.3004602392946678 ARM 110
15.57659573 73.19233305 0.028385240872726803 MCO 111
82.75582386 3.624096603 5.5333021042866761 ARE 112
53.22964595 30.79679314 1.5092835896515178 PSE 113
65.47023694 100.2482867 12.841917149747891 SWE 114
59.49693952 59.83637055 3.5207540575210716 MDA 115
-12.84567971 72.27677362 13.612976759834263 ESP 116
-10.30365788 -7.630241208 18.393430203769647 NGA 117
42.97798594 53.68087307 3.2447695147537408 ALB 118
40.69902196 -86.09703131 2.521785440438141 SWZ 119
77.91206405 53.34377449 5.0523974578903728 GEO 120
19.29152391 35.53920003 25.385214666124078 LBY 121
176.5113667 -29.97688626 13.019570787693549 PNG 122
48.1034626 81.558586 10.701152987039785 POL 123
37.14295115 72.55483629 5.5422646197479413 AUT 124
156.60627 9.177765276 0.63585473900906408 HKG 125
68.83652887 91.27289011 4.0698734210711329 EST 126
55.25995818 91.49262372 10.889830355676377 NOR 127
41.46729735 56.844488 2.2491072070557596 MNE 128
72.53324011 31.75334343 12.669964586671146 IRQ 129
-56.90864849 5.196641383 3.6373446189428389 GNB 130
-39.28820217 20.39089801 21.312072863289 MLI 131
99.03216896 64.9710145 31.590503210666249 KAZ 132
