22.48569413 73.15758039 4.5526776267791265 HRV 0
86.72096861 56.48688878 12.800566630480661 UZB 1
35.96798575 66.33687432 6.3724454835751505 BGR 2
-54.60469986 44.58374365 9.8701078583206741 ESH 3
-13.36366913 -26.22420551 3.2051952368216887 GNQ 4
31.57053072 70.73220756 5.6886742187974573 SRB 5
-30.2763772 4.959387595 9.9985374125564945 BFA 6
-22.68806444 -6.234844643 4.5603519857839236 TGO 7
74.07846707 52.01933289 13.370129438428238 TKM 8
43.6104156 104.3534928 4.8625002969637778 LVA 9
14.10790389 90.18166038 11.436279335159089 DEU 10
124.6231372 -7.236811636 13.708525639829128 THA 11
65.29918505 61.50417243 5.6317061854582686 AZE 12
134.7006779 48.20026485 59.624244055997465 CHN 13
-13.35318964 -33.36684332 9.901006387181587 GAB 14
98.50707647 27.43840313 17.971892835527065 PAK 15
36.07296354 -37.56646468 3.1057915955951527 RWA 16
44.53216349 43.72738313 8.2352819195243896 SYR 17
27.75663667 -63.65561433 16.602245666982306 ZMB 18
10.45187204 101.6143525 3.9727373069308731 DNK 19
110.708293 21.8876582 7.3418742401924684 NPL 20
-2.397879529 51.4999112 7.7408066349161162 TUN 21
115.3217516 14.63652716 7.3515691515904384 BGD 22
101.5683129 62.9011337 8.5574228086869208 KGZ 23
28.92855006 27.65274223 19.16075246330227 EGY 24
-21.07500789 43.7810628 29.534425053208992 DZA 25
-17.2463353 16.85802851 21.541181336294471 NER 26
90.57735035 42.5537017 15.455449563713943 AFG 27
69.29653116 -9.299426551 13.905448296150741 YEM 28
-40.23969284 58.30189314 5.8074704465109814 PRT 29
18.81512829 -37.5208557 29.304851741309538 COD 30
57.64315389 34.84653952 2.5545139778953314 KWT 31
-34.35532005 53.14553639 0.049164679376643552 GIB 32
136.0469179 -7.315793955 8.1425872479937649 KHM 33
143.6831164 -30.84259457 26.410681245322071 IDN 34
97.30855291 55.83378976 7.2393717431424731 TJK 35
-48.35997052 -2.304604145 5.1257960764766386 SLE 36
43.28818226 56.56868322 16.940177626341764 TUR 37
44.80834192 97.62983475 8.7195653003162121 BLR 38
28.39559034 78.86635755 5.8369746277505596 HUN 39
31.20491095 64.68463931 3.0687320534447307 MKD 40
132.5730083 -12.60304873 1.453036016482347 BRN 41
19.21619265 -90.13619256 21.146848235527195 ZAF 42
4.709625454 9.780129746 21.685216825491182 TCD 43
7.996097778 77.44643076 0.14966318452911395 SMR 44
-6.785950198 77.12240829 14.214471604740707 FRA 45
48.6791049 -75.47586886 17.133943665848665 MOZ 46
55.11565478 -24.6387041 20.110589591703491 ETH 47
58.52815494 -10.81874692 6.5627388980373613 ERI 48
-15.6199474 65.47078356 0.41407441383512078 AND 49
26.96255942 72.87921693 4.3306613245573979 BIH 50
-3.858582113 -51.7672831 21.367918388391331 AGO 51
58.30042446 111.3571317 11.132986753931805 FIN 52
26.82223964 -2.70402228 26.282090574320566 SDN 53
116.5387023 20.41529133 3.749839655771483 BTN 54
125.7111204 8.859495407 15.74128351252131 MMR 55
157.2777363 86.29584347 23.933976599751627 MNG 56
169.486545 48.59555063 6.0581046968333183 KOR 57
8.323932598 -14.99476766 15.104965295379047 CAF 58
36.40732648 38.4161205 2.7580464920412568 ISR 59
138.9554789 14.60668873 0.10993556517815699 MAC 60
143.2827372 -0.6468825787 11.013729508072137 VNM 61
-42.98734527 48.12884556 12.788400021873175 MAR 62
36.13486551 41.43420175 1.9565236374913348 LBN 63
54.26989941 8.034628871 28.058804141709228 SAU 64
71.00196901 32.38206035 24.568891108590357 IRN 65
62.12323334 -14.57173912 2.9149030374888021 DJI 66
39.30624604 101.6508211 4.8903247615768484 LTU 67
120.0735444 125.0911611 79.132880342658851 RUS 68
32.02066455 -78.10566016 11.962848551320587 ZWE 69
-58.86352306 29.68418879 19.428862804347926 MRT 70
10.28670378 -73.49211611 14.599658289365967 BWA 71
70.25910383 8.222985098 2.0599159718334348 QAT 72
-61.15292864 11.78102907 1.9785551345459282 GMB 73
100.4484147 -2.689633866 34.699247425117875 IND 74
-5.751472976 -21.33201073 13.195626536088458 CMR 75
12.09544489 62.90195239 0.012694265629824517 VAT 76
-45.75150436 -8.083878828 6.3865025746447772 LBR 77
-30.06464071 -6.389413627 9.3466352887464552 GHA 78
36.72089296 77.24491925 9.343859091966177 ROU 79
47.9557258 84.84977044 14.866882024982077 UKR 80
35.6190747 -40.9649422 3.19277815183945 BDI 81
58.15422449 -42.68853685 14.579163740507054 KEN 82
-47.93573037 5.488686884 9.4890463466215635 GIN 83
39.89542307 -65.82564099 6.5873576571332961 MWI 84
21.45538834 78.57043139 2.7248352799749322 SVN 85
38.37877976 -83.59084637 3.3342449855370329 LSO 86
-39.46125562 -1.197340733 10.867284926928818 CIV 87
74.03778812 -24.11522504 15.281808080540799 SOM 88
36.74259518 -22.40536327 15.065644083474325 SSD 89
158.7947902 -31.16808391 2.333984953220948 TLS 90
14.57107558 81.10448603 0.24219115234978761 LIE 91
0.5608763641 86.18829008 3.3437283629014938 BEL 92
-2.218882191 -33.85548102 11.191656516480931 COG 93
44.11276395 -53.18229195 18.604462963356873 TZA 94
23.31073719 87.42644533 5.3743239114709889 CZE 95
127.8104378 -20.07537563 11.006923884705028 MYS 96
28.86900175 85.33290313 4.23783185708528 SVK 97
41.87902851 -34.4122241 9.4055599638554988 UGA 98
167.4500792 60.24134998 6.6442082198163428 PRK 99
4.143915194 83.78225422 0.97316263828712479 LUX 100
-22.31896821 -0.0009929891291 6.4223324680246954 BEN 101
30.02012373 58.07443156 6.9526691021093443 GRC 102
11.16537599 79.26410039 3.8884050369080385 CHE 103
-55.75929568 13.64256999 8.4880413831868076 SEN 104
39.96753222 35.55230308 5.7201718798253314 JOR 105
2.061787576 91.7083094 3.914982317706948 NLD 106
74.90000835 2.502405433 10.64661481915231 OMN 107
13.45485029 72.00289485 10.505262218673552 ITA 108
138.620319 9.104985932 9.3126260878911555 LAO 109
61.83701244 58.20509444 3.3004602392946678 ARM 110
1.369017227 66.39983495 0.028385240872726803 MCO 111
71.5428799 12.18091848 5.5333021042866761 ARE 112
38.09210774 41.62419526 1.5092835896515178 PSE 113
46.79455626 115.7666425 12.841917149747891 SWE 114
43.23448595 75.32866713 3.5207540575210716 MDA 115
-29.52813288 65.64134524 13.612976759834263 ESP 116
-10.27870574 -5.205993686 18.393430203769647 NGA 117
27.79345663 65.17213813 3.2447695147537408 ALB 118
41.55247206 -83.06545665 2.521785440438141 SWZ 119
60.55722456 66.20306161 5.0523974578903728 GEO 120
6.576184348 34.96501965 25.385214666124078 LBY 121
163.3328321 -19.34539314 13.019570787693549 PNG 122
35.75715044 94.26593298 10.701152987039785 POL 123
19.84170088 82.56065994 5.5422646197479413 AUT 124
140.8060769 14.37873783 0.63585473900906408 HKG 125
48.68453271 107.4001148 4.0698734210711329 EST 126
36.45846544 109.2794975 10.889830355676377 NOR 127
26.68136661 69.264793 2.2491072070557596 MNE 128
55.22468441 44.46784322 12.669964586671146 IRQ 129
-55.48958786 6.868208773 3.6373446189428389 GNB 130
-39.71884329 19.67944557 21.312072863289 MLI 131
85.72541664 79.94873008 31.590503210666249 KAZ 132
