37.13586502 61.33661779 4.5526776267791265 HRV 0
104.5574934 36.69289441 12.800566630480661 UZB 1
52.53582672 54.16540457 6.3724454835751505 BGR 2
-49.60205224 50.5825407 9.8701078583206741 ESH 3
-16.68032615 -29.89088724 3.2051952368216887 GNQ 4
46.49024157 57.37620777 5.6886742187974573 SRB 5
-30.89726029 4.748651324 9.9985374125564945 BFA 6
-23.28893497 -6.830424451 4.5603519857839236 TGO 7
90.32600485 40.91958477 13.370129438428238 TKM 8
64.18470164 89.19026082 4.8625002969637778 LVA 9
30.8153144 87.45339557 11.436279335159089 DEU 10
141.7452267 -13.36249152 13.708525639829128 THA 11
83.07704864 48.89485638 5.6317061854582686 AZE 12
157.1704682 43.77398551 59.624244055997465 CHN 13
-18.05182673 -38.19730817 9.901006387181587 GAB 14
118.7012181 4.868287492 17.971892835527065 PAK 15
36.58819537 -40.22454883 3.1057915955951527 RWA 16
60.69918461 30.30849925 8.2352819195243896 SYR 17
23.30894251 -66.3363228 16.602245666982306 ZMB 18
25.93331372 101.6551956 3.9727373069308731 DNK 19
128.5292141 15.34480788 7.3418742401924684 NPL 20
6.876328894 54.84024976 7.7408066349161162 TUN 21
131.3814704 -1.939357469 7.3515691515904384 BGD 22
118.845028 48.95303773 8.5574228086869208 KGZ 23
40.98005429 22.57717026 19.16075246330227 EGY 24
-10.94421144 43.05445777 29.534425053208992 DZA 25
-15.7358638 14.48077924 21.541181336294471 NER 26
112.5557467 22.80483879 15.455449563713943 AFG 27
74.84125161 -14.23731117 13.905448296150741 YEM 28
-30.0239771 64.67233329 5.8074704465109814 PRT 29
16.7526071 -41.13629179 29.304851741309538 COD 30
73.30026131 22.91816349 2.5545139778953314 KWT 31
-22.18831971 62.46225836 0.049164679376643552 GIB 32
154.2151601 -13.10519243 8.1425872479937649 KHM 33
157.1039801 -43.95848635 26.410681245322071 IDN 34
115.1678143 40.78059476 7.2393717431424731 TJK 35
-49.96577066 -2.146265764 5.1257960764766386 SLE 36
61.64051184 44.57803985 16.940177626341764 TUR 37
64.61537671 81.49882345 8.7195653003162121 BLR 38
44.98970951 66.60963897 5.8369746277505596 HUN 39
47.06576977 52.34726262 3.0687320534447307 MKD 40
147.5828113 -19.68968174 1.453036016482347 BRN 41
19.72335167 -97.05283846 21.146848235527195 ZAF 42
7.512048732 6.691868139 21.685216825491182 TCD 43
22.43766388 71.58050074 0.14966318452911395 SMR 44
10.89692283 79.77682108 14.214471604740707 FRA 45
50.22269612 -78.69149456 17.133943665848665 MOZ 46
57.04236532 -27.98952259 20.110589591703491 ETH 47
61.0014174 -13.38678769 6.5627388980373613 ERI 48
0.8356161794 69.16286931 0.41407441383512078 AND 49
42.17855964 61.07796058 4.3306613245573979 BIH 50
-7.520620376 -58.06367996 21.367918388391331 AGO 51
77.46435134 93.35397069 11.132986753931805 FIN 52
33.0214581 -2.769461795 26.282090574320566 SDN 53
132.5988874 9.968731537 3.749839655771483 BTN 54
143.587328 3.240336425 15.74128351252131 MMR 55
181.5757988 84.47460204 23.933976599751627 MNG 56
192.9231646 54.24653145 6.0581046968333183 KOR 57
8.199493858 -17.4433148 15.104965295379047 CAF 58
51.64617864 28.96442156 2.7580464920412568 ISR 59
154.796901 9.127930734 0.10993556517815699 MAC 60
163.2404396 -7.053408847 11.013729508072137 VNM 61
-32.15964009 54.29026352 12.788400021873175 MAR 62
50.96190444 32.11028612 1.9565236374913348 LBN 63
62.56628857 6.192763871 28.058804141709228 SAU 64
89.61077786 19.40953079 24.568891108590357 IRN 65
65.08155842 -16.92596961 2.9149030374888021 DJI 66
56.9780083 82.61964414 4.8903247615768484 LTU 67
129.3783068 119.8837791 79.132880342658851 RUS 68
29.78345122 -81.19108411 11.962848551320587 ZWE 69
-58.75345898 32.89913544 19.428862804347926 MRT 70
7.980136743 -75.19138926 14.599658289365967 BWA 71
79.0726942 1.387642544 2.0599159718334348 QAT 72
-63.4593917 12.7047351 1.9785551345459282 GMB 73
116.4470678 -24.92121554 34.699247425117875 IND 74
-6.634976182 -25.16578718 13.195626536088458 CMR 75
22.08522647 58.92161036 0.012694265629824517 VAT 76
-47.25134277 -9.145683076 6.3865025746447772 LBR 77
-31.11822118 -7.812722208 9.3466352887464552 GHA 78
52.84551816 63.07300939 9.343859091966177 ROU 79
65.63027573 68.15767236 14.866882024982077 UKR 80
35.04800919 -43.4523136 3.19277815183945 BDI 81
57.27727906 -47.66386164 14.579163740507054 KEN 82
-49.3437269 6.120416103 9.4890463466215635 GIN 83
39.39913016 -70.32409609 6.5873576571332961 MWI 84
38.13529512 67.97114016 2.7248352799749322 SVN 85
37.55169061 -85.05598777 3.3342449855370329 LSO 86
-40.82761959 -1.701194794 10.867284926928818 CIV 87
76.95219331 -30.65791602 15.281808080540799 SOM 88
37.1629379 -25.88761064 15.065644083474325 SSD 89
173.2818132 -41.9212513 2.333984953220948 TLS 90
31.58011536 74.10565966 0.24219115234978761 LIE 91
16.45539667 89.34177988 3.3437283629014938 BEL 92
-6.156517793 -39.4743581 11.191656516480931 COG 93
40.43186271 -56.06095168 18.604462963356873 TZA 94
39.62249172 78.27060081 5.3743239114709889 CZE 95
144.1017673 -27.1832101 11.006923884705028 MYS 96
46.92209896 72.02902462 4.23783185708528 SVK 97
43.62175031 -38.17491907 9.4055599638554988 UGA 98
187.6882186 65.72359662 6.6442082198163428 PRK 99
18.89748106 89.13112075 0.97316263828712479 LUX 100
-22.81676862 -0.5379639627 6.4223324680246954 BEN 101
44.93070298 47.0794507 6.9526691021093443 GRC 102
27.74531607 73.1565276 3.8884050369080385 CHE 103
-57.5432492 12.20290586 8.4880413831868076 SEN 104
55.77079741 24.10632208 5.7201718798253314 JOR 105
17.58034139 93.4156009 3.914982317706948 NLD 106
85.45636332 -5.14741854 10.64661481915231 OMN 107
29.07677188 64.56045077 10.505262218673552 ITA 108
157.815743 3.119738743 9.3126260878911555 LAO 109
79.14637198 45.09390608 3.3004602392946678 ARM 110
15.57702905 73.19170351 0.028385240872726803 MCO 111
82.75548478 3.623760787 5.5333021042866761 ARE 112
53.22964595 30.79679314 1.5092835896515178 PSE 113
65.73117174 100.2263249 12.841917149747891 SWE 114
59.41265938 59.78415917 3.5207540575210716 MDA 115
-12.8415863 72.27488883 13.612976759834263 ESP 116
-10.29088749 -7.62563281 18.393430203769647 NGA 117
42.97798594 53.68087307 3.2447695147537408 ALB 118
40.70373491 -86.10787953 2.521785440438141 SWZ 119
77.91206405 53.34377449 5.0523974578903728 GEO 120
19.29152391 35.53920003 25.385214666124078 LBY 121
176.5113667 -29.97688626 13.019570787693549 PNG 122
48.18619843 81.63310374 10.701152987039785 POL 123
37.15806747 72.5845471 5.5422646197479413 AUT 124
156.60627 9.177765276 0.63585473900906408 HKG 125
68.89116876 91.16761021 4.0698734210711329 EST 126
55.5229336 91.45720479 10.889830355676377 NOR 127
41.46729735 56.844488 2.2491072070557596 MNE 128
72.47083164 31.7472714 12.669964586671146 IRQ 129
-56.90864849 5.196641383 3.6373446189428389 GNB 130
-39.3054374 20.41974058 21.312072863289 MLI 131
99.13817285 64.85026614 31.590503210666249 KAZ 132
