37.11318112 61.19202559 2.5753833779614381 HRV 0
104.5249466 36.58512598 7.2410939739544888 UZB 1
52.47978517 54.11254222 3.6047995313420618 BGR 2
-49.54632634 50.6152026 5.5833761581289432 ESH 3
-16.68032615 -29.89088724 1.8131322295867507 GNQ 4
46.4249152 57.35492997 3.2180000928582135 SRB 5
-30.89726029 4.748651324 5.6560268850928752 BFA 6
-23.28907542 -6.830314496 2.5797246509962801 TGO 7
90.37489536 40.80885205 7.5632873530035933 TKM 8
64.05717159 89.1612649 2.7506455468037503 LVA 9
30.8153144 87.45339557 6.469336535547658 DEU 10
141.8058793 -13.34036869 7.7547131519942649 THA 11
83.2327475 48.8056572 3.1857741067102125 AZE 12
157.2129669 43.75204349 33.728565836094006 CHN 13
-18.0611289 -38.20096011 5.6008550055579374 GAB 14
118.6813703 4.948571789 10.166437835807294 PAK 15
36.58819537 -40.22454883 1.7569010385580162 RWA 16
60.63150298 30.30278004 4.6585789522229302 SYR 17
23.30814914 -66.33405296 9.3916483952385317 ZMB 18
25.93331372 101.6551956 2.2473195916828819 DNK 19
128.5683151 15.25742972 4.1531912494871408 NPL 20
6.876328894 54.84024976 4.3788614907224046 TUN 21
131.3812696 -1.941985248 4.1586755195611458 BGD 22
118.9122261 48.90662763 4.8408093580023621 KGZ 23
40.9756493 22.58025124 10.838958399550304 EGY 24
-11.162763 42.95637137 16.707193786855953 DZA 25
-15.7338387 14.47249248 12.185532318130331 NER 26
112.5883453 22.8305173 8.7429225542310363 AFG 27
74.84136577 -14.23485782 7.8661094285176905 YEM 28
-30.01911241 64.69222804 3.2852013874147055 PRT 29
16.73648501 -41.24271362 16.577327510357101 COD 30
73.30026131 22.91816349 1.4450513251244892 KWT 31
-22.18831971 62.46225836 0.027811742545669652 GIB 32
154.2120817 -13.10991846 4.6061429275675998 KHM 33
157.1031889 -43.95491679 14.940137443458887 IDN 34
115.2289574 40.76471251 4.0952070808850562 TJK 35
-49.96497755 -2.146088369 2.8995881317248244 SLE 36
61.55237034 44.58060824 9.5828115792727147 TUR 37
64.40226586 81.50517394 4.9325310022820057 BLR 38
44.97840333 66.57682377 3.3018914727169957 HUN 39
47.06591238 52.34766255 1.73593699570823 MKD 40
147.5803077 -19.6925272 0.82196129645036453 BRN 41
19.86490856 -97.02507838 11.962463830451245 ZAF 42
7.403945712 6.577632552 12.267011095044344 TCD 43
22.43766388 71.58050074 0.084662282139608067 SMR 44
10.91838293 79.73387295 8.0409194101566239 FRA 45
50.22269612 -78.69149456 9.6924222036719083 MOZ 46
57.00176545 -27.94875577 11.376267419162509 ETH 47
61.00110787 -13.38030532 3.7124457423671591 ERI 48
0.8862449888 69.22243044 0.23423586075092695 AND 49
42.13280719 61.05565422 2.4497919916934814 BIH 50
-7.520620376 -58.06367996 12.087519993817788 AGO 51
77.24817783 93.54661363 6.2977683428521516 FIN 52
33.04162478 -2.768123942 14.86739557508889 SDN 53
132.5705308 9.90515557 2.1212296391665957 BTN 54
143.583359 3.189610307 8.9046146530270534 MMR 55
181.5757988 84.47460204 13.539101723555618 MNG 56
192.9626456 54.2687701 3.42698152981513 KOR 57
8.351597125 -17.62857387 8.5446587119599897 CAF 58
51.64691708 28.96624344 1.5601867018801132 ISR 59
154.796901 9.127930734 0.062188946904840385 MAC 60
163.2470213 -7.068876209 6.2303062570497492 VNM 61
-32.11719023 54.41104394 7.2342115007941707 MAR 62
50.96190444 32.11028612 1.1067769052975145 LBN 63
62.58239068 6.198973056 15.872456544470223 SAU 64
89.30393002 19.42827396 13.89826360729449 IRN 65
65.08733429 -16.93271187 1.6489181634476777 DJI 66
56.81979275 82.72188988 2.7663854408923805 LTU 67
128.9937265 119.4809841 44.764317044094177 RUS 68
29.78072836 -81.19125507 6.7672090663571627 ZWE 69
-58.74873427 32.91102879 10.990624511758002 MRT 70
7.983901099 -75.19777948 8.2588139035336514 BWA 71
79.0725916 1.3877065 1.1652644418863194 QAT 72
-63.45961545 12.70456932 1.1192398020711103 GMB 73
116.3742183 -24.68179662 19.628858525096557 IND 74
-6.581047057 -25.12132728 7.4645736045386402 CMR 75
22.08522647 58.92161036 0.0071809610472257888 VAT 76
-47.25134277 -9.145683076 3.6127514228773343 LBR 77
-31.11822118 -7.812722208 5.2872553551600818 GHA 78
52.75981727 62.9955368 5.2856849011046885 ROU 79
65.37736891 68.23217533 8.4099784759721761 UKR 80
35.04838081 -43.45376204 1.8061080655919421 BDI 81
57.14990821 -47.53196044 8.2472204359532562 KEN 82
-49.34821885 6.122831717 5.3678152149516336 GIN 83
39.39913016 -70.32409609 3.7263722155680647 MWI 84
38.1342121 67.98690074 1.5413996032692954 SVN 85
37.55243888 -85.05475965 1.8861337915283827 LSO 86
-40.82761959 -1.701194794 6.1474646919341778 CIV 87
76.90146697 -30.61183128 8.6446960980334211 SOM 88
37.14991451 -25.92030763 8.5224152754941471 SSD 89
173.2830124 -41.92065183 1.3203012700879193 TLS 90
31.59171475 74.10336824 0.13700400493593523 LIE 91
16.45539667 89.34177988 1.8914983998827517 BEL 92
-6.16856985 -39.3409768 6.3309569724114239 COG 93
40.44411186 -56.0683915 10.524273537378891 TZA 94
39.68039331 78.2882072 3.0401767056753175 CZE 95
144.0898535 -27.20201816 6.2264564151032813 MYS 96
46.77275742 71.97103124 2.3972797149387048 SVK 97
43.61939171 -38.18751391 5.3205881850391359 UGA 98
187.7086797 65.73991878 3.7585317502780273 PRK 99
18.89748106 89.13112075 0.55050392058417374 LUX 100
-22.81676862 -0.5379639627 3.6330198713398381 BEN 101
44.92953461 47.07856465 3.9330235755581615 GRC 102
27.74548989 73.39488825 2.1996140556780812 CHE 103
-57.54250733 12.20295046 4.8015612968347474 SEN 104
55.77017172 24.10799181 3.2358178606216743 JOR 105
17.58034139 93.4156009 2.2146484360608074 NLD 106
85.45743511 -5.150097621 6.0226348282430298 OMN 107
29.07677188 64.56045077 5.9426737223735238 ITA 108
157.7338329 3.066538743 5.2680168459220686 LAO 109
79.15300024 45.11023239 1.8670222529934679 ARM 110
15.57993378 73.18730587 0.016057117045374939 MCO 111
82.75543536 3.623045705 3.1301083522359217 ARE 112
53.23046519 30.79771961 0.85377972878093011 PSE 113
65.5914424 100.4114534 7.2644853600180426 SWE 114
59.36141717 59.74179044 1.9916392551705613 MDA 115
-12.74829323 72.09051246 7.7006625432109468 ESP 116
-10.28994096 -7.622670023 10.404895381093581 NGA 117
42.97560802 53.67909749 1.8355188218158025 ALB 118
40.68863354 -86.11258491 1.4265372685050512 SWZ 119
77.96288985 53.32126738 2.858067602979165 GEO 120
19.29159496 35.56306949 14.360045945834029 LBY 121
176.5113667 -29.97688626 7.3649814336931101 PNG 122
48.06003439 81.90702534 6.0534862749204086 POL 123
37.07718774 72.57766423 3.1351783166032408 AUT 124
156.60627 9.177765276 0.35969375824232919 HKG 125
68.88965044 91.1823891 2.3022680756882323 EST 126
55.45432744 91.66180069 6.1602183123759033 NOR 127
41.46729735 56.844488 1.2722871661797313 MNE 128
72.33022571 31.81400544 7.167214301302864 IRQ 129
-56.90864849 5.196641383 2.0575928364535039 GNB 130
-39.30793953 20.42611831 12.055928994218759 MLI 131
99.04312018 64.65162452 17.870287233086007 KAZ 132
