36.98869505 61.3493866 4.5526776267791265 HRV 0
103.2854684 37.7723762 12.800566630480661 UZB 1
52.19601971 55.43156484 6.3724454835751505 BGR 2
-48.68752084 49.89085611 9.8701078583206741 ESH 3
-16.28393267 -29.84395749 3.2051952368216887 GNQ 4
46.31669119 58.77370649 5.6886742187974573 SRB 5
-31.12790091 5.200296604 9.9985374125564945 BFA 6
-22.98499111 -6.596136565 4.5603519857839236 TGO 7
89.5517269 42.97480651 13.370129438428238 TKM 8
64.11677197 90.18755154 4.8625002969637778 LVA 9
31.20133381 87.3164175 11.436279335159089 DEU 10
141.7784622 -13.72326509 13.708525639829128 THA 11
81.65488455 50.49754704 5.6317061854582686 AZE 12
155.8177131 43.08782685 59.624244055997465 CHN 13
-17.39917457 -37.20840942 9.901006387181587 GAB 14
117.3977169 6.186737612 17.971892835527065 PAK 15
36.10675891 -39.26314206 3.1057915955951527 RWA 16
60.48287338 30.81917548 8.2352819195243896 SYR 17
24.15045853 -65.21901711 16.602245666982306 ZMB 18
26.38211636 101.5396449 3.9727373069308731 DNK 19
125.7678376 17.64730894 7.3418742401924684 NPL 20
6.784213661 54.73678582 7.7408066349161162 TUN 21
131.0775955 -1.736979333 7.3515691515904384 BGD 22
117.9769902 48.57399345 8.5574228086869208 KGZ 23
41.06869767 22.33892971 19.16075246330227 EGY 24
-10.57988749 42.79596751 29.534425053208992 DZA 25
-14.57999255 14.31867613 21.541181336294471 NER 26
111.1548672 23.89671432 15.455449563713943 AFG 27
73.56303067 -13.97863911 13.905448296150741 YEM 28
-29.77998451 64.26736116 5.8074704465109814 PRT 29
16.95973226 -40.50313441 29.304851741309538 COD 30
73.19478879 24.91123725 2.5545139778953314 KWT 31
-21.91219922 62.55950614 0.049164679376643552 GIB 32
154.0655468 -13.64290982 8.1425872479937649 KHM 33
156.8149405 -44.311708 26.410681245322071 IDN 34
114.3889467 40.47328813 7.2393717431424731 TJK 35
-49.74156797 -1.938557187 5.1257960764766386 SLE 36
59.97469286 44.92522537 16.940177626341764 TUR 37
64.16547793 82.57423118 8.7195653003162121 BLR 38
44.81033771 67.29897581 5.8369746277505596 HUN 39
47.36031271 53.12281975 3.0687320534447307 MKD 40
147.3417643 -20.16244402 1.453036016482347 BRN 41
18.11934301 -94.45646121 21.146848235527195 ZAF 42
8.142738142 5.878739036 21.685216825491182 TCD 43
22.75364748 71.48068531 0.14966318452911395 SMR 44
10.70874142 80.08092587 14.214471604740707 FRA 45
49.04754712 -77.87175304 17.133943665848665 MOZ 46
56.19935649 -26.63323918 20.110589591703491 ETH 47
60.25342915 -12.23891362 6.5627388980373613 ERI 48
1.337861124 69.07358795 0.41407441383512078 AND 49
41.98089887 62.34811315 4.3306613245573979 BIH 50
-7.839268086 -56.93197139 21.367918388391331 AGO 51
77.15482076 94.53092844 11.132986753931805 FIN 52
33.82811561 -2.095398136 26.282090574320566 SDN 53
132.996112 10.85370019 3.749839655771483 BTN 54
143.2845524 2.735550145 15.74128351252131 MMR 55
181.6778614 82.1515705 23.933976599751627 MNG 56
191.2851382 53.00632902 6.0581046968333183 KOR 57
7.880926654 -16.28742034 15.104965295379047 CAF 58
51.20121498 29.32032609 2.7580464920412568 ISR 59
154.8357127 8.444035741 0.10993556517815699 MAC 60
162.6869703 -7.230361087 11.013729508072137 VNM 61
-31.61411145 53.78583026 12.788400021873175 MAR 62
51.14626011 32.31030333 1.9565236374913348 LBN 63
62.90499833 7.000289591 28.058804141709228 SAU 64
88.87681667 21.17686973 24.568891108590357 IRN 65
64.01115614 -16.28712036 2.9149030374888021 DJI 66
56.6527663 83.91348815 4.8903247615768484 LTU 67
129.2301037 120.5850612 79.132880342658851 RUS 68
29.95441067 -80.14545727 11.962848551320587 ZWE 69
-58.12158071 31.42764984 19.428862804347926 MRT 70
8.940837905 -74.42144747 14.599658289365967 BWA 71
79.16527873 2.434265468 2.0599159718334348 QAT 72
-63.37403765 12.97903105 1.9785551345459282 GMB 73
116.3819823 -23.36664576 34.699247425117875 IND 74
-7.016192388 -25.17108516 13.195626536088458 CMR 75
22.34529363 58.82347531 0.012694265629824517 VAT 76
-47.1607192 -8.751689916 6.3865025746447772 LBR 77
-30.76554143 -7.103075059 9.3466352887464552 GHA 78
52.7676107 64.2250362 9.343859091966177 ROU 79
65.40352759 69.40792689 14.866882024982077 UKR 80
35.30443359 -43.13581664 3.19277815183945 BDI 81
57.48634184 -46.04072857 14.579163740507054 KEN 82
-48.97344918 6.852744791 9.4890463466215635 GIN 83
39.48922535 -68.615796 6.5873576571332961 MWI 84
37.86962748 68.52907382 2.7248352799749322 SVN 85
37.11740027 -84.88202348 3.3342449855370329 LSO 86
-40.66512627 -1.583553641 10.867284926928818 CIV 87
75.7360488 -30.19807575 15.281808080540799 SOM 88
36.5266538 -25.13607758 15.065644083474325 SSD 89
172.8490643 -42.54106032 2.333984953220948 TLS 90
31.13754421 74.08519987 0.24219115234978761 LIE 91
16.87825669 89.26353894 3.3437283629014938 BEL 92
-5.680183295 -38.7881048 11.191656516480931 COG 93
40.93223154 -54.56469684 18.604462963356873 TZA 94
39.68258057 78.61001477 5.3743239114709889 CZE 95
144.5327885 -27.30471469 11.006923884705028 MYS 96
46.59404882 72.65833846 4.23783185708528 SVK 97
43.28738233 -37.1040055 9.4055599638554988 UGA 98
186.6943732 63.76140634 6.6442082198163428 PRK 99
19.28874565 89.04365982 0.97316263828712479 LUX 100
-22.78368683 -0.4387267597 6.4223324680246954 BEN 101
45.48072873 47.70167062 6.9526691021093443 GRC 102
27.40994705 73.10568986 3.8884050369080385 CHE 103
-57.49119382 12.2410654 8.4880413831868076 SEN 104
55.78499967 24.55892385 5.7201718798253314 JOR 105
17.99282761 93.33702936 3.914982317706948 NLD 106
83.66220696 -3.091073867 10.64661481915231 OMN 107
28.89766884 64.28622216 10.505262218673552 ITA 108
157.4304586 2.88306745 9.3126260878911555 LAO 109
77.60324527 46.66498371 3.3004602392946678 ARM 110
15.89771186 73.12708315 0.028385240872726803 MCO 111
81.70487832 5.854667459 5.5333021042866761 ARE 112
53.10129756 31.15369215 1.5092835896515178 PSE 113
65.44279395 101.1712281 12.841917149747891 SWE 114
59.27692688 61.11356206 3.5207540575210716 MDA 115
-12.40304841 71.86953884 13.612976759834263 ESP 116
-9.957446705 -7.700738755 18.393430203769647 NGA 117
43.59027833 53.880726 3.2447695147537408 ALB 118
40.21047717 -85.98588096 2.521785440438141 SWZ 119
76.65382463 54.96344634 5.0523974578903728 GEO 120
18.90138276 33.86833262 25.385214666124078 LBY 121
176.3772234 -30.75632204 13.019570787693549 PNG 122
48.07054077 82.12184177 10.701152987039785 POL 123
36.82375503 73.07512379 5.5422646197479413 AUT 124
156.6447105 8.483021489 0.63585473900906408 HKG 125
68.78850017 92.2458975 4.0698734210711329 EST 126
55.22285471 92.64791112 10.889830355676377 NOR 127
41.89798928 58.00916943 2.2491072070557596 MNE 128
71.92774579 33.36481503 12.669964586671146 IRQ 129
-56.89455786 5.462382459 3.6373446189428389 GNB 130
-37.44467668 21.69647514 21.312072863289 MLI 131
98.28641736 66.7598416 31.590503210666249 KAZ 132
