2.754651361 15.18307163 5.4112177593872115 ECU 0
52.88618013 42.23126364 4.162585745945858 SUR 1
64.51405359 10.01716579 30.011777918051362 BRA 2
38.48478772 -43.95332927 17.148789956564176 ARG 3
-12.56622019 35.34856993 3.7134148315639344 NIC 4
-25.35844805 45.17697429 1.5585495969623204 BLZ 5
31.91170957 -14.3067004 10.779432063945654 BOL 6
-19.23974792 40.92819352 3.4493794041639858 HND 7
51.39012512 -24.11204636 6.5591052689396285 PRY 8
-35.40402175 172.8930974 32.497256445753457 CAN 9
60.89496094 -33.31399665 4.3758251458373021 URY 10
-23.59523841 37.04546739 1.4918012341502951 SLV 11
-45.28866335 46.66291509 14.414250154933546 MEX 12
-8.12791832 29.72712675 2.3248214720880873 CRI 13
-1.68641958 30.06000561 2.8243214135934158 PAN 14
-27.75904736 40.77049354 3.3936874521203024 GTM 15
27.43248895 43.56950051 9.8453937208227593 VEN 16
17.67825895 -28.01277052 8.9427291487690415 CHL 17
13.0243741 -2.257848313 11.659176208262862 PER 18
-46.99603555 95.35463687 31.485464686567518 USA 19
15.22186557 26.28274414 10.989172304478625 COL 20
60.92366167 43.71556777 2.9724289122313401 GUF 21
42.6850097 42.32768799 4.7683463885384132 GUY 22
