15.92149473 44.36589472 4.5526776267791265 HRV 0
63.47556626 40.82280081 12.800566630480661 UZB 1
25.94190453 41.7539989 6.3724454835751505 BGR 2
-12.04824504 27.42510515 9.8701078583206741 ESH 3
11.22592237 2.460057214 3.2051952368216887 GNQ 4
21.52186853 42.58750595 5.6886742187974573 SRB 5
-1.883475991 12.4993383 9.9985374125564945 BFA 6
0.561447345 7.157758265 4.5603519857839236 TGO 7
57.80946334 40.88225177 13.370129438428238 TKM 8
25.26889001 56.53639261 4.8625002969637778 LVA 9
8.114672669 49.86747114 11.436279335159089 DEU 10
98.69439742 12.68340343 13.708525639829128 THA 11
47.58401255 39.61205655 5.6317061854582686 AZE 12
108.3167429 33.71552926 59.624244055997465 CHN 13
11.96472949 -0.4002141669 9.901006387181587 GAB 14
70.5003189 29.08390468 17.971892835527065 PAK 15
32.20389848 -2.242093096 3.1057915955951527 RWA 16
39.37724418 33.65271626 8.2352819195243896 SYR 17
29.94875112 -12.69813244 16.602245666982306 ZMB 18
9.740494958 57.14154788 3.9727373069308731 DNK 19
81.61037767 27.59787523 7.3418742401924684 NPL 20
7.265276959 35.66915744 7.7408066349161162 TUN 21
91.92136655 22.1529024 7.3515691515904384 BGD 22
74.9859964 41.77417384 8.5574228086869208 KGZ 23
29.8555068 27.83552443 19.16075246330227 EGY 24
3.233177186 28.52756407 29.534425053208992 DZA 25
9.701299084 19.49502226 21.541181336294471 NER 26
62.67762679 33.27982401 15.455449563713943 AFG 27
45.68114845 13.55751861 13.905448296150741 YEM 28
-10.4036546 38.73458507 5.8074704465109814 PRT 29
25.2608482 -1.22577769 29.304851741309538 COD 30
47.27910101 29.88904926 2.5545139778953314 KWT 31
-9.128797212 34.12939243 0.049164679376643552 GIB 32
106.1638124 8.975627218 8.1425872479937649 KHM 33
121.2689134 -4.79718047 26.410681245322071 IDN 34
70.83981026 39.19832338 7.2393717431424731 TJK 35
-14.61927839 7.493720483 5.1257960764766386 SLE 36
33.16223489 38.95538656 16.940177626341764 TUR 37
27.64915223 52.69386402 8.7195653003162121 BLR 38
21.29282905 45.61162984 5.8369746277505596 HUN 39
22.57010486 40.56938958 3.0687320534447307 MKD 40
114.6926147 2.069406587 1.453036016482347 BRN 41
22.66254875 -28.88179948 21.146848235527195 ZAF 42
18.90821311 16.14263792 21.685216825491182 TCD 43
10.08232065 47.83941628 0.14966318452911395 SMR 44
0.4624608738 45.70717733 14.214471604740707 FRA 45
37.03842331 -16.16062817 17.133943665848665 MOZ 46
37.91580785 9.463716793 20.110589591703491 ETH 47
39.15009546 16.00104823 6.5627388980373613 ERI 48
0.9161540918 42.30613508 0.41407441383512078 AND 49
17.73664741 43.54186179 4.3306613245573979 BIH 50
19.29663083 -13.33463423 21.367918388391331 AGO 51
27.84406642 65.56424604 11.132986753931805 FIN 52
29.49180388 17.26081609 26.282090574320566 SDN 53
87.86002168 26.27584803 3.749839655771483 BTN 54
97.36435008 21.17775637 15.74128351252131 MMR 55
109.0869645 51.96923047 23.933976599751627 MNG 56
127.5679133 35.15893861 6.0581046968333183 KOR 57
21.77891205 7.899321759 15.104965295379047 CAF 58
34.89866572 30.77029261 2.7580464920412568 ISR 59
114.3990546 19.40613221 0.10993556517815699 MAC 60
107.4236194 14.91288183 11.013729508072137 VNM 61
-5.874325357 31.73492372 12.788400021873175 MAR 62
36.08784936 32.17128471 1.9565236374913348 LBN 63
45.11900896 22.90807543 28.058804141709228 SAU 64
52.68108844 32.32501086 24.568891108590357 IRN 65
42.40940366 11.97022153 2.9149030374888021 DJI 66
23.88896566 54.52703194 4.8903247615768484 LTU 67
95.91006416 70.25247701 79.132880342658851 RUS 68
29.87133846 -19.2731042 11.962848551320587 ZWE 69
-12.26240598 20.96950276 19.428862804347926 MRT 70
23.80030049 -20.53769145 14.599658289365967 BWA 71
51.66745638 23.6783079 2.0599159718334348 QAT 72
-19.98470884 12.34026162 1.9785551345459282 GMB 73
77.2382515 19.53872964 34.699247425117875 IND 74
13.59934141 5.905817722 13.195626536088458 CMR 75
11.65799747 40.59903317 0.012694265629824517 VAT 76
-12.19955875 4.647238248 6.3865025746447772 LBR 77
-2.536799522 7.177741254 9.3466352887464552 GHA 78
25.32216496 45.28617986 9.343859091966177 ROU 79
35.25886062 48.49132186 14.866882024982077 UKR 80
32.02117119 -4.700625604 3.19277815183945 BDI 81
40.30418368 0.2542087865 14.579163740507054 KEN 82
-11.60921723 12.07136386 9.4890463466215635 GIN 83
34.88573312 -11.26221645 6.5873576571332961 MWI 84
15.05733346 46.02606601 2.7248352799749322 SVN 85
28.17020003 -30.85645433 3.3342449855370329 LSO 86
-6.96898864 7.051525727 10.867284926928818 CIV 87
50.19528081 8.452947205 15.281808080540799 SOM 88
29.76676141 7.818522771 15.065644083474325 SSD 89
127.4977995 -6.744029858 2.333984953220948 TLS 90
8.511262814 46.39466678 0.24219115234978761 LIE 91
2.261101939 49.46642638 3.3437283629014938 BEL 92
16.47992912 0.1634690057 11.191656516480931 COG 93
36.73028444 -5.950529505 18.604462963356873 TZA 94
15.04630607 49.808352 5.3743239114709889 CZE 95
111.7144806 0.4898217881 11.006923884705028 MYS 96
19.51177328 48.57927827 4.23783185708528 SVK 97
33.86466301 0.4015369997 9.4055599638554988 UGA 98
128.2237906 42.22484584 6.6442082198163428 PRK 99
4.910571586 48.41655678 0.97316263828712479 LUX 100
2.209474063 9.291056536 6.4223324680246954 BEN 101
23.13317697 37.75166569 6.9526691021093443 GRC 102
6.593918822 46.13138844 3.8884050369080385 CHE 103
-14.26438123 15.02840838 8.4880413831868076 SEN 104
38.5924205 30.0080465 5.7201718798253314 JOR 105
4.06340746 52.4280384 3.914982317706948 NLD 106
58.98311149 17.72209092 10.64661481915231 OMN 107
12.28422795 42.79433661 10.505262218673552 ITA 108
105.1519052 19.08448443 9.3126260878911555 LAO 109
44.04939149 38.06640513 3.3004602392946678 ARM 110
8.853919349 42.95894083 0.028385240872726803 MCO 111
54.37462384 24.13175337 5.5333021042866761 ARE 112
36.78362759 32.7610985 1.5092835896515178 PSE 113
13.63613021 63.95388201 12.841917149747891 SWE 114
29.01851318 45.79595721 3.5207540575210716 MDA 115
-4.894177358 40.50385079 13.612976759834263 ESP 116
8.216603901 10.13227917 18.393430203769647 NGA 117
20.55477468 40.10394892 3.2447695147537408 ALB 118
32.41161638 -28.10671602 2.521785440438141 SWZ 119
42.49525384 41.93277807 5.0523974578903728 GEO 120
16.4284817 28.62953144 25.385214666124078 LBY 121
151.2075891 -4.784170643 13.019570787693549 PNG 122
20.5289911 52.38027022 10.701152987039785 POL 123
12.69120156 47.30338941 5.5422646197479413 AUT 124
115.3372992 22.44583822 0.63585473900906408 HKG 125
28.61391134 61.16647495 4.0698734210711329 EST 126
6.419654208 62.13397406 10.889830355676377 NOR 127
19.68051417 41.1846252 2.2491072070557596 MNE 128
44.01338642 32.18224602 12.669964586671146 IRQ 129
-16.6731072 11.64667182 3.6373446189428389 GNB 130
-3.409638666 19.53679939 21.312072863289 MLI 131
68.54412386 50.51760659 31.590503210666249 KAZ 132
