36.8851353 61.28085715 4.5526776267791265 HRV 0
103.4909293 37.84102773 12.800566630480661 UZB 1
51.91815847 55.19058971 6.3724454835751505 BGR 2
-49.16432389 50.019343 9.8701078583206741 ESH 3
-16.52682165 -29.83417255 3.2051952368216887 GNQ 4
46.09601232 58.7251377 5.6886742187974573 SRB 5
-31.03036503 5.179724723 9.9985374125564945 BFA 6
-23.05734931 -6.590170033 4.5603519857839236 TGO 7
89.53870168 42.68209992 13.370129438428238 TKM 8
64.06785585 90.04822103 4.8625002969637778 LVA 9
31.20133381 87.3164175 11.436279335159089 DEU 10
141.6651506 -13.83996128 13.708525639829128 THA 11
81.92552987 50.37969874 5.6317061854582686 AZE 12
156.0513034 43.26467216 59.624244055997465 CHN 13
-17.7226206 -37.15731481 9.901006387181587 GAB 14
117.6454176 6.230126415 17.971892835527065 PAK 15
36.11985429 -39.31956784 3.1057915955951527 RWA 16
60.26427223 30.94945335 8.2352819195243896 SYR 17
23.90871044 -65.32611691 16.602245666982306 ZMB 18
26.38211636 101.5396449 3.9727373069308731 DNK 19
126.7924494 17.20108679 7.3418742401924684 NPL 20
6.784213661 54.73678582 7.7408066349161162 TUN 21
131.0002306 -1.709210963 7.3515691515904384 BGD 22
117.9767173 48.79091974 8.5574228086869208 KGZ 23
41.1795683 22.52353217 19.16075246330227 EGY 24
-10.76464542 42.78878088 29.534425053208992 DZA 25
-15.12458861 14.30029297 21.541181336294471 NER 26
111.5652161 24.08856647 15.455449563713943 AFG 27
73.82501693 -13.88426657 13.905448296150741 YEM 28
-29.76686428 64.31921913 5.8074704465109814 PRT 29
16.85227971 -40.39965802 29.304851741309538 COD 30
73.24378423 24.51651999 2.5545139778953314 KWT 31
-21.91219922 62.55950614 0.049164679376643552 GIB 32
154.0574599 -13.67122352 8.1425872479937649 KHM 33
156.7653376 -44.5597074 26.410681245322071 IDN 34
114.4607758 40.58538585 7.2393717431424731 TJK 35
-49.76816119 -1.938020023 5.1257960764766386 SLE 36
60.42767227 45.15898165 16.940177626341764 TUR 37
64.33816393 82.38922726 8.7195653003162121 BLR 38
44.82028289 67.33710172 5.8369746277505596 HUN 39
47.03646688 53.05485821 3.0687320534447307 MKD 40
147.372683 -20.2157637 1.453036016482347 BRN 41
18.35634847 -95.1066438 21.146848235527195 ZAF 42
7.836615978 6.059675023 21.685216825491182 TCD 43
22.75364748 71.48068531 0.14966318452911395 SMR 44
10.77265215 80.04894966 14.214471604740707 FRA 45
49.2427086 -78.00970608 17.133943665848665 MOZ 46
56.48818426 -26.77023236 20.110589591703491 ETH 47
60.29986442 -12.20798039 6.5627388980373613 ERI 48
1.314733281 69.07466459 0.41407441383512078 AND 49
41.77662414 62.38053473 4.3306613245573979 BIH 50
-7.937358295 -57.21270478 21.367918388391331 AGO 51
77.30901336 94.29524823 11.132986753931805 FIN 52
33.67678249 -1.998092378 26.282090574320566 SDN 53
132.996112 10.85370019 3.749839655771483 BTN 54
143.2644752 2.700473347 15.74128351252131 MMR 55
181.9341698 82.67658981 23.933976599751627 MNG 56
191.7858981 53.09803125 6.0581046968333183 KOR 57
7.789325596 -16.52913729 15.104965295379047 CAF 58
51.46473474 29.39498146 2.7580464920412568 ISR 59
154.8357127 8.444035741 0.10993556517815699 MAC 60
162.7708924 -7.274011749 11.013729508072137 VNM 61
-31.83878282 54.02794055 12.788400021873175 MAR 62
51.14626011 32.31030333 1.9565236374913348 LBN 63
62.9458103 7.148625203 28.058804141709228 SAU 64
89.1820846 21.06475094 24.568891108590357 IRN 65
64.30555889 -16.38745904 2.9149030374888021 DJI 66
56.75303514 83.60099678 4.8903247615768484 LTU 67
128.7038522 121.0618833 79.132880342658851 RUS 68
29.79472299 -80.33180862 11.962848551320587 ZWE 69
-58.55026166 32.14773838 19.428862804347926 MRT 70
8.846763385 -74.44358843 14.599658289365967 BWA 71
79.24691054 2.340970908 2.0599159718334348 QAT 72
-63.37744784 12.98104242 1.9785551345459282 GMB 73
116.0695301 -23.44930861 34.699247425117875 IND 74
-7.032400879 -25.22853933 13.195626536088458 CMR 75
22.34529363 58.82347531 0.012694265629824517 VAT 76
-47.17805799 -8.774593892 6.3865025746447772 LBR 77
-30.88336762 -7.168742619 9.3466352887464552 GHA 78
52.72072482 64.02255211 9.343859091966177 ROU 79
65.44157419 69.1271364 14.866882024982077 UKR 80
35.30443359 -43.13581664 3.19277815183945 BDI 81
57.44012087 -46.32133979 14.579163740507054 KEN 82
-48.96376428 6.817298735 9.4890463466215635 GIN 83
39.47331758 -68.85924684 6.5873576571332961 MWI 84
37.91565956 68.46334304 2.7248352799749322 SVN 85
37.11077314 -84.91256895 3.3342449855370329 LSO 86
-40.75657353 -1.455380315 10.867284926928818 CIV 87
76.16542713 -30.18789339 15.281808080540799 SOM 88
36.70573817 -25.13461398 15.065644083474325 SSD 89
172.8642082 -42.57884287 2.333984953220948 TLS 90
31.21661987 74.07554528 0.24219115234978761 LIE 91
16.86653434 89.266929 3.3437283629014938 BEL 92
-5.954471349 -38.94758359 11.191656516480931 COG 93
40.69168408 -54.69644707 18.604462963356873 TZA 94
39.67906337 78.67372902 5.3743239114709889 CZE 95
144.2686639 -27.54091798 11.006923884705028 MYS 96
46.6834728 72.71137057 4.23783185708528 SVK 97
43.37041931 -37.22810739 9.4055599638554988 UGA 98
187.2015734 63.95121274 6.6442082198163428 PRK 99
19.29224473 89.04439659 0.97316263828712479 LUX 100
-22.78004295 -0.3989721017 6.4223324680246954 BEN 101
45.46478903 47.62236314 6.9526691021093443 GRC 102
27.4853974 73.09208536 3.8884050369080385 CHE 103
-57.51297489 12.2770712 8.4880413831868076 SEN 104
55.48664171 24.68933678 5.7201718798253314 JOR 105
17.99282761 93.33702936 3.914982317706948 NLD 106
83.79978624 -3.198271026 10.64661481915231 OMN 107
28.89766884 64.28622216 10.505262218673552 ITA 108
157.4443002 2.883908917 9.3126260878911555 LAO 109
77.75224435 46.48140115 3.3004602392946678 ARM 110
15.89771186 73.12708315 0.028385240872726803 MCO 111
81.85655293 5.739772883 5.5333021042866761 ARE 112
53.10369576 31.15906734 1.5092835896515178 PSE 113
65.58767261 101.0522663 12.841917149747891 SWE 114
59.23413579 60.81424998 3.5207540575210716 MDA 115
-12.41929197 71.91293378 13.612976759834263 ESP 116
-10.1424375 -7.676190376 18.393430203769647 NGA 117
43.57070099 53.880341 3.2447695147537408 ALB 118
40.21795128 -86.03737627 2.521785440438141 SWZ 119
76.80637422 54.78016755 5.0523974578903728 GEO 120
19.11462067 34.56424538 25.385214666124078 LBY 121
176.3772234 -30.75632204 13.019570787693549 PNG 122
48.08920043 82.07234299 10.701152987039785 POL 123
36.9095072 73.05542538 5.5422646197479413 AUT 124
156.6447105 8.483021489 0.63585473900906408 HKG 125
68.71119128 92.03401092 4.0698734210711329 EST 126
55.36812624 92.40040975 10.889830355676377 NOR 127
41.67675374 57.98371621 2.2491072070557596 MNE 128
71.88640159 32.9994411 12.669964586671146 IRQ 129
-56.89935168 5.454809195 3.6373446189428389 GNB 130
-38.26279595 21.33530734 21.312072863289 MLI 131
98.18045659 66.54794567 31.590503210666249 KAZ 132
