22.84581475 47.63107662 2.8472294011907016 HRV 0
61.44206279 44.7444905 8.0054316712052405 UZB 1
31.83604396 45.89639836 3.9853061485392791 BGR 2
-19.6260124 32.73543705 6.172732530375888 ESH 3
5.438074435 -2.873258728 2.0045184093764634 GNQ 4
29.06409028 48.40166412 3.5576778804376921 SRB 5
-8.372087119 10.27227154 6.2530519451860123 BFA 6
-4.608092983 3.579551183 2.8520289197125539 TGO 7
56.00881251 39.27053628 8.3616343513761962 TKM 8
35.89380515 68.8704097 3.0409914656330357 LVA 9
17.82601277 57.75872612 7.1522109476332441 DEU 10
99.60186832 7.372366931 8.5732662069269931 THA 11
48.18527005 44.55379178 3.5220502624185133 AZE 12
104.9416275 34.45906504 37.28880334101504 CHN 13
6.223480421 -8.395802923 6.1920563672557192 GAB 14
73.48754044 29.98698336 11.239561829586954 PAK 15
33.78866693 -9.586810526 1.9423517037391398 RWA 16
37.74617039 33.24694916 5.150317841624239 SYR 17
28.82184458 -21.79545978 10.382989059180376 ZMB 18
17.87658459 62.83333312 2.4845366596938532 DNK 19
83.76323154 26.50492924 4.5915836591552281 NPL 20
9.914207397 37.39865913 4.8410746480764368 TUN 21
89.03878472 18.61920127 4.5976468244037116 BGD 22
72.26047224 42.89459191 5.3517836791248348 KGZ 23
27.01275394 28.18550161 11.983070675058393 EGY 24
-0.9083900222 33.43892468 18.470730908801858 DZA 25
1.955218311 18.31180888 13.471782951710756 NER 26
64.25217882 34.03486276 9.6657866016220915 AFG 27
52.33639502 5.932333718 8.6964209793056693 YEM 28
-12.87287478 41.21882992 3.6319726449751468 PRT 29
23.30455677 -9.397137243 18.327156525339245 COD 30
44.84950859 25.10843994 1.5975845205542965 KWT 31
-9.058762749 37.26487317 0.030747426481045892 GIB 32
105.7992281 4.998487071 5.092346903255291 KHM 33
122.5973526 -5.589186212 16.51715195137955 IDN 34
68.50370965 39.98312504 4.5274789394229229 TJK 35
-19.3929474 6.057183557 3.2056557678513338 SLE 36
36.37829203 40.59090045 10.594330579307057 TUR 37
36.58286638 64.18606953 5.4531870525228845 BLR 38
27.2841783 51.60245853 3.65042446150379 HUN 39
28.85829707 43.75423646 1.9191747896996547 MKD 40
115.3262115 0.8433860884 0.90872387774234764 BRN 41
19.77477249 -39.33009922 13.225168345887766 ZAF 42
13.11093487 12.15103064 13.561862266187914 TCD 43
13.97443842 48.41441 0.093598856365455577 SMR 44
4.949806953 49.68873618 8.8896831256731588 FRA 45
38.26635913 -30.01274885 10.7155112140595 MOZ 46
41.15551171 -0.5712810702 12.577095646740775 ETH 47
45.91189781 5.769997117 4.1043150151725811 ERI 48
0.8642157721 43.89403191 0.25896075716352485 AND 49
26.0666031 47.23211009 2.708381146372238 BIH 50
12.79318392 -20.11782695 13.36342488205411 AGO 51
42.10693244 73.27838107 6.9625327790421014 FIN 52
27.24003175 14.06597213 16.436731774681608 SDN 53
87.91082259 25.0185271 2.3451372121897363 BTN 54
94.7636293 14.64057849 9.8445461997354649 MMR 55
103.9666237 59.20976839 14.968229127708712 MNG 56
123.874597 38.96914853 3.7887184690733942 KOR 57
20.30015268 3.60267368 9.4465949093335446 CAF 58
33.19950863 30.18394589 1.7248730759674589 ISR 59
114.5281694 16.48370397 0.068753335744795765 MAC 60
109.0682225 9.822943396 6.8879496952938899 VNM 61
-13.47405645 35.69148586 7.9978227147668894 MAR 62
33.33963131 31.61438727 1.2236033564122524 LBN 63
43.53162955 15.73062646 17.547882513053192 SAU 64
53.92176274 28.0270145 15.36530254362002 IRN 65
47.82632523 3.368969249 1.8229706362560438 DJI 66
33.19537687 67.2982631 3.0583927929865764 LTU 67
83.072892 83.00044781 49.489439398748566 RUS 68
29.42637126 -30.21024857 7.4815255789170862 ZWE 69
-21.86629043 24.25220123 12.150745987999125 MRT 70
21.52865883 -28.89416583 9.1305775933510933 BWA 71
53.21813304 19.26616393 1.2882645774187642 QAT 72
-23.22557092 12.8384012 1.2373817811786163 GMB 73
77.17996303 14.7989772 21.700793591634529 IND 74
11.37785475 1.698357297 8.2525008183510522 CMR 75
14.64510623 39.48180129 0.0079389513799885108 VAT 76
-18.05317722 1.939889399 3.994097406403275 LBR 77
-8.458869405 2.110657695 5.8453545315380921 GHA 78
31.817142 52.20242062 5.8436183073324051 ROU 79
38.66509867 57.23615563 9.2976984262136835 UKR 80
32.9531215 -11.28332565 1.9967528058488695 BDI 81
45.67577641 -9.730912753 9.1177603708594344 KEN 82
-17.16451403 10.50411871 5.9344179320854185 GIN 83
40.0900946 -23.09776423 4.1197115049891391 MWI 84
22.80425845 50.50714456 1.704102894725499 SVN 85
29.61637172 -35.59752892 2.0852256917452676 LSO 86
-13.78369584 4.883911224 6.7963637427494517 CIV 87
58.64291476 -0.04814615333 9.5571917972702831 SOM 88
30.93323891 1.193257132 9.4220035545740863 SSD 89
129.1815798 -11.08348901 1.4596664041527554 TLS 90
18.10083487 52.36185013 0.15146553879028399 LIE 91
11.250151 55.34506028 2.09115656431482 BEL 92
11.90387231 -5.826392639 6.9992246528326314 COG 93
37.58760579 -16.07898026 11.635169077435553 TZA 94
23.6924059 56.16288729 3.3610842468299347 CZE 95
111.2976439 -1.060983525 6.883693481141961 MYS 96
26.93735469 54.96190781 2.650325907071124 SVK 97
34.19447694 -5.887479268 5.8822058267932684 UGA 98
121.0190546 45.98760623 4.1552656572518192 PRK 99
12.94067306 53.45755366 0.60861266775694767 LUX 100
-4.226908169 7.749974231 4.0165053022034884 BEN 101
28.53061193 39.9348076 4.3481760640893015 GRC 102
15.91850646 51.17330149 2.43179553933299 CHE 103
-20.4903749 14.89551553 5.3083927670561941 SEN 104
35.59755325 28.64079012 3.5773764125761844 JOR 105
12.15760781 57.87986392 2.4484168820894485 NLD 106
60.68324535 16.23546314 6.6583573934464608 OMN 107
18.49357482 44.3274378 6.5699559486240631 ITA 108
104.2626179 13.50982664 5.824085290769399 LAO 109
45.83472825 42.85088996 2.0640968241427786 ARM 110
10.43101487 43.30666494 0.017752034955720072 MCO 111
56.69677319 19.09100513 3.4605086783052688 ARE 112
33.74075664 32.6606739 0.94390092237447276 PSE 113
34.89718218 74.42193116 8.0312921480199488 SWE 114
35.58136482 51.64439935 2.201867843216343 MDA 115
-7.857484965 44.16572573 8.5135102561054357 ESP 116
2.846471805 5.610405113 11.503189893542348 NGA 117
27.0173536 43.30925312 2.0292680307852486 ALB 118
33.52061921 -34.03072565 1.5771162024028067 SWZ 119
45.00469035 47.81845743 3.1597525166269662 GEO 120
13.82110111 26.58419264 15.875828573449844 LBY 121
147.1711761 -7.616339813 8.1423961405829388 PNG 122
30.79842108 62.52122146 6.6924653817175637 POL 123
20.96193622 53.77594885 3.4661138055780274 AUT 124
116.1376076 17.11604911 0.39766143272346399 HKG 125
38.12384718 70.48576881 2.5452852614553239 EST 126
28.64757714 71.13324384 6.8104635786822483 NOR 127
26.24523143 45.06279709 1.4065841448320362 MNE 128
42.97533246 29.86008927 7.9237535886626116 IRQ 129
-21.04238348 10.18850092 2.2747831914124852 GNB 130
-10.63365817 19.87039044 13.328499276941853 MLI 131
61.69348788 58.39753807 19.756595329911754 KAZ 132
