37.20635293 61.26885801 4.5526776267791265 HRV 0
104.4689438 36.75758896 12.800566630480661 UZB 1
52.63477691 54.21225553 6.3724454835751505 BGR 2
-49.60205224 50.5825407 9.8701078583206741 ESH 3
-16.68032615 -29.89088724 3.2051952368216887 GNQ 4
46.56349298 57.35677843 5.6886742187974573 SRB 5
-30.8967567 4.750889803 9.9985374125564945 BFA 6
-23.28964294 -6.830795982 4.5603519857839236 TGO 7
90.27924797 41.08806871 13.370129438428238 TKM 8
64.09374091 89.25547558 4.8625002969637778 LVA 9
30.8153144 87.45339557 11.436279335159089 DEU 10
141.7957882 -13.32544172 13.708525639829128 THA 11
82.98794475 49.01708916 5.6317061854582686 AZE 12
157.101102 43.8150926 59.624244055997465 CHN 13
-18.02243961 -38.21000058 9.901006387181587 GAB 14
118.6719406 4.972097646 17.971892835527065 PAK 15
36.58819537 -40.22454883 3.1057915955951527 RWA 16
60.747569 30.31538087 8.2352819195243896 SYR 17
23.33901424 -66.33361432 16.602245666982306 ZMB 18
25.93331372 101.6551956 3.9727373069308731 DNK 19
128.5149512 15.45628811 7.3418742401924684 NPL 20
6.876328894 54.84024976 7.7408066349161162 TUN 21
131.3367368 -1.93719229 7.3515691515904384 BGD 22
118.800104 49.01072004 8.5574228086869208 KGZ 23
40.98970986 22.57604484 19.16075246330227 EGY 24
-10.96433352 43.03106948 29.534425053208992 DZA 25
-15.73405807 14.47175803 21.541181336294471 NER 26
112.4607123 22.87509584 15.455449563713943 AFG 27
74.83653443 -14.24282963 13.905448296150741 YEM 28
-30.0239771 64.67233329 5.8074704465109814 PRT 29
16.76169019 -41.15387774 29.304851741309538 COD 30
73.30026131 22.91816349 2.5545139778953314 KWT 31
-22.18831971 62.46225836 0.049164679376643552 GIB 32
154.2242291 -13.10048047 8.1425872479937649 KHM 33
157.0975298 -43.92158225 26.410681245322071 IDN 34
115.1332733 40.84044446 7.2393717431424731 TJK 35
-49.96377213 -2.142831901 5.1257960764766386 SLE 36
61.68510303 44.58157342 16.940177626341764 TUR 37
64.53257399 81.56871849 8.7195653003162121 BLR 38
45.02406781 66.61315068 5.8369746277505596 HUN 39
47.06671855 52.3460817 3.0687320534447307 MKD 40
147.5809908 -19.68235531 1.453036016482347 BRN 41
19.7043367 -97.01957816 21.146848235527195 ZAF 42
7.496349523 6.67237421 21.685216825491182 TCD 43
22.43766388 71.58050074 0.14966318452911395 SMR 44
10.89299929 79.76900964 14.214471604740707 FRA 45
50.22269612 -78.69149456 17.133943665848665 MOZ 46
56.99413715 -27.96794655 20.110589591703491 ETH 47
60.98908879 -13.38395652 6.5627388980373613 ERI 48
0.8271203219 69.15435098 0.41407441383512078 AND 49
42.24384185 61.04481396 4.3306613245573979 BIH 50
-7.520620376 -58.06367996 21.367918388391331 AGO 51
77.22443441 93.3722895 11.132986753931805 FIN 52
33.00513786 -2.747280956 26.282090574320566 SDN 53
132.6209465 10.00492697 3.749839655771483 BTN 54
143.637361 3.267616825 15.74128351252131 MMR 55
181.5757988 84.47460204 23.933976599751627 MNG 56
192.8497234 54.23049192 6.0581046968333183 KOR 57
8.197922364 -17.47955165 15.104965295379047 CAF 58
51.64646663 28.96582318 2.7580464920412568 ISR 59
154.796901 9.127930734 0.10993556517815699 MAC 60
163.2153591 -7.010291286 11.013729508072137 VNM 61
-32.14918954 54.29467092 12.788400021873175 MAR 62
50.96190444 32.11028612 1.9565236374913348 LBN 63
62.53880333 6.181426761 28.058804141709228 SAU 64
89.76645782 19.58717258 24.568891108590357 IRN 65
65.08155842 -16.92596961 2.9149030374888021 DJI 66
56.89627132 82.67493097 4.8903247615768484 LTU 67
129.2825047 120.0218751 79.132880342658851 RUS 68
29.7869486 -81.18787876 11.962848551320587 ZWE 69
-58.75345898 32.89913544 19.428862804347926 MRT 70
8.012923408 -75.17008632 14.599658289365967 BWA 71
79.0726942 1.387642544 2.0599159718334348 QAT 72
-63.4593917 12.7047351 1.9785551345459282 GMB 73
116.5148992 -24.80894662 34.699247425117875 IND 74
-6.631282616 -25.15385341 13.195626536088458 CMR 75
22.08522647 58.92161036 0.012694265629824517 VAT 76
-47.25134277 -9.145683076 6.3865025746447772 LBR 77
-31.11822118 -7.812722208 9.3466352887464552 GHA 78
52.8968194 63.11778073 9.343859091966177 ROU 79
65.62853356 68.24307133 14.866882024982077 UKR 80
35.04041197 -43.45431091 3.19277815183945 BDI 81
57.27421373 -47.63130291 14.579163740507054 KEN 82
-49.34160812 6.119140663 9.4890463466215635 GIN 83
39.39855574 -70.31513682 6.5873576571332961 MWI 84
38.15924727 67.97583057 2.7248352799749322 SVN 85
37.54688972 -85.05884211 3.3342449855370329 LSO 86
-40.82761959 -1.701194794 10.867284926928818 CIV 87
76.94589748 -30.6539291 15.281808080540799 SOM 88
37.16584431 -25.84939561 15.065644083474325 SSD 89
173.2818132 -41.9212513 2.333984953220948 TLS 90
31.57379053 74.10670303 0.24219115234978761 LIE 91
16.45539667 89.34177988 3.3437283629014938 BEL 92
-6.137650566 -39.52478477 11.191656516480931 COG 93
40.4630451 -56.07302678 18.604462963356873 TZA 94
39.5992747 78.27361619 5.3743239114709889 CZE 95
144.1207974 -27.14231133 11.006923884705028 MYS 96
46.91165224 72.06602518 4.23783185708528 SVK 97
43.62094825 -38.15685486 9.4055599638554988 UGA 98
187.6624192 65.70997936 6.6442082198163428 PRK 99
18.89748106 89.13112075 0.97316263828712479 LUX 100
-22.81676862 -0.5379639627 6.4223324680246954 BEN 101
44.93282648 47.08100245 6.9526691021093443 GRC 102
27.73011435 73.11882406 3.8884050369080385 CHE 103
-57.5432492 12.20290586 8.4880413831868076 SEN 104
55.83094058 24.11719669 5.7201718798253314 JOR 105
17.58034139 93.4156009 3.914982317706948 NLD 106
85.45456286 -5.141564316 10.64661481915231 OMN 107
29.07677188 64.56045077 10.505262218673552 ITA 108
157.840012 3.182073441 9.3126260878911555 LAO 109
79.14637198 45.09390608 3.3004602392946678 ARM 110
15.5766532 73.19222146 0.028385240872726803 MCO 111
82.7553355 3.624590826 5.5333021042866761 ARE 112
53.22964595 30.79679314 1.5092835896515178 PSE 113
65.49323077 100.2348408 12.841917149747891 SWE 114
59.48656071 59.82104717 3.5207540575210716 MDA 115
-12.84567971 72.27677362 13.612976759834263 ESP 116
-10.30160496 -7.626360321 18.393430203769647 NGA 117
42.97798594 53.68087307 3.2447695147537408 ALB 118
40.70008195 -86.09712886 2.521785440438141 SWZ 119
77.91206405 53.34377449 5.0523974578903728 GEO 120
19.29152391 35.53920003 25.385214666124078 LBY 121
176.5113667 -29.97688626 13.019570787693549 PNG 122
48.11718491 81.54606438 10.701152987039785 POL 123
37.14393592 72.55628981 5.5422646197479413 AUT 124
156.60627 9.177765276 0.63585473900906408 HKG 125
68.83881456 91.2504524 4.0698734210711329 EST 126
55.28360412 91.47435873 10.889830355676377 NOR 127
41.46729735 56.844488 2.2491072070557596 MNE 128
72.51104374 31.75333629 12.669964586671146 IRQ 129
-56.90864849 5.196641383 3.6373446189428389 GNB 130
-39.29344104 20.39912994 21.312072863289 MLI 131
99.03231046 65.02575152 31.590503210666249 KAZ 132
