64.19201807 41.53602275 9.165249799839879 UZB 0
56.66999916 21.11303708 7.6241105511623832 OMN 1
104.6939615 18.55529047 6.667895066691008 LAO 2
114.6834374 4.983827596 1.0456093754722486 BRN 3
45.08127882 40.44378659 2.3767017744604053 ARM 4
59.94816898 40.22638009 9.5736563890706456 TKM 5
99.85960163 15.22149706 9.8179695206792577 THA 6
104.8864614 33.38833253 42.686824002953294 CHN 7
47.57434469 41.04761243 4.027066922312823 AZE 8
54.11139816 23.9244115 3.9586132058775765 ARE 9
69.69634188 30.36640993 12.869918156710751 PAK 10
35.13140744 32.33538076 1.0456093754722486 PSE 11
125.841034 -8.526580299 1.6532535846592511 TLS 12
38.1479117 34.93464879 5.8994364493626845 SYR 13
90.46728414 27.40056438 2.6997517985615711 BTN 14
98.16414014 22.0414163 11.269644917170192 MMR 15
104.7654123 47.42008101 17.133323448509998 MNG 16
127.0881994 37.33890762 4.3322394806414879 KOR 17
83.92718837 28.02359128 5.2627851125215495 NPL 18
36.02606149 31.14394782 4.0943763236693087 JOR 19
43.61258183 42.47943438 3.6220971263765955 GEO 20
74.90674238 40.9106602 6.1267118289713665 KGZ 21
113.5440555 22.10294518 0 MAC 22
106.4206676 15.57268691 7.8826280244570492 VNM 23
89.91027696 24.0264214 5.2627851125215495 BGD 24
34.70516132 31.70887644 1.956156021707913 ISR 25
64.76879516 33.10788253 11.065689504068517 AFG 26
35.75632274 33.68961486 1.415761787097328 LBN 27
44.72633199 25.11760142 20.090035713661454 SAU 28
52.9118164 31.81123577 17.589872296277676 IRN 29
47.83586928 15.00682276 9.956192692197936 YEM 30
112.0124728 2.482141436 7.8826280244570492 MYS 31
126.5059573 39.67778277 4.7534035489208106 PRK 32
51.24343961 25.37024663 1.4787149597373157 QAT 33
114.4783323 21.69982966 0.42686824002953294 HKG 34
47.85935595 29.69761454 1.8110485631882978 KWT 35
77.70214517 20.50065254 24.842851413426768 IND 36
105.2155283 12.59845314 5.8373353889155064 KHM 37
119.8518111 -5.045794984 18.907902102207885 IDN 38
71.06002843 39.28743836 5.1755023590806051 TJK 39
43.84270735 33.10893057 9.0753432686786972 IRQ 40
34.63500763 39.08199209 12.126364291787961 TUR 41
67.92784886 47.9816459 22.615961169691023 KAZ 42
