15.94002311 44.92338905 4.5526776267791265 HRV 0
64.78552474 40.67653786 12.800566630480661 UZB 1
24.62061773 43.34304577 6.3724454835751505 BGR 2
-11.80177357 26.0314969 9.8701078583206741 ESH 3
10.02468134 2.000256538 3.2051952368216887 GNQ 4
21.49859948 44.23996529 5.6886742187974573 SRB 5
-1.320066693 12.49212282 9.9985374125564945 BFA 6
1.209736215 7.815456032 4.5603519857839236 TGO 7
58.9160828 40.07485716 13.370129438428238 TKM 8
25.01530323 57.639644 4.8625002969637778 LVA 9
9.078943756 50.71265686 11.436279335159089 DEU 10
99.33416073 15.5692347 13.708525639829128 THA 11
46.40430553 40.39487136 5.6317061854582686 AZE 12
105.7869405 32.73078417 59.624244055997465 CHN 13
11.77826315 -0.8887317695 9.901006387181587 GAB 14
69.98579943 29.43163085 17.971892835527065 PAK 15
30.38694794 -1.657502544 3.1057915955951527 RWA 16
38.289989 33.75457829 8.2352819195243896 SYR 17
29.41972882 -13.70099402 16.602245666982306 ZMB 18
9.886153093 55.70592991 3.9727373069308731 DNK 19
82.28787953 27.03600812 7.3418742401924684 NPL 20
9.254248346 34.59243159 7.7408066349161162 TUN 21
91.60629601 22.95798445 7.3515691515904384 BGD 22
74.94754572 41.5513818 8.5574228086869208 KGZ 23
29.20078285 27.448715 19.16075246330227 EGY 24
3.338595932 28.82704284 29.534425053208992 DZA 25
9.066059706 18.18568624 21.541181336294471 NER 26
64.20745013 33.58142364 15.455449563713943 AFG 27
47.90580206 15.32753676 13.905448296150741 YEM 28
-7.91012066 38.76541927 5.8074704465109814 PRT 29
24.02851938 -0.5967080959 29.304851741309538 COD 30
48.20242437 28.43825804 2.5545139778953314 KWT 31
-3.834057781 34.35977638 0.049164679376643552 GIB 32
105.0440103 11.70303691 8.1425872479937649 KHM 33
119.843552 -4.840060348 26.410681245322071 IDN 34
70.29327488 38.29761455 7.2393717431424731 TJK 35
-12.20496446 8.288091402 5.1257960764766386 SLE 36
32.40534438 38.78979995 16.940177626341764 TUR 37
27.2082952 53.74753569 8.7195653003162121 BLR 38
20.35783945 46.57918246 5.8369746277505596 HUN 39
22.04249801 41.70715328 3.0687320534447307 MKD 40
114.5730737 3.448489937 1.453036016482347 BRN 41
23.26657961 -28.59717955 21.146848235527195 ZAF 42
19.71558026 15.0491386 21.685216825491182 TCD 43
10.82361832 47.06569122 0.14966318452911395 SMR 44
1.751793833 45.81319398 14.214471604740707 FRA 45
36.37627142 -17.43379694 17.133943665848665 MOZ 46
38.44295734 8.880987797 20.110589591703491 ETH 47
38.76730703 15.18076789 6.5627388980373613 ERI 48
1.174309583 42.00046412 0.41407441383512078 AND 49
18.28139985 43.62900666 4.3306613245573979 BIH 50
18.1522391 -11.05002525 21.367918388391331 AGO 51
26.10493881 63.33872154 11.132986753931805 FIN 52
29.75161994 16.17479351 26.282090574320566 SDN 53
89.78337232 28.52398245 3.749839655771483 BTN 54
96.53933743 20.83192599 15.74128351252131 MMR 55
108.1147552 49.24327346 23.933976599751627 MNG 56
129.8260413 35.58793164 6.0581046968333183 KOR 57
20.47580312 7.609635912 15.104965295379047 CAF 58
34.81963742 30.9164163 2.7580464920412568 ISR 59
112.6958797 22.64017924 0.10993556517815699 MAC 60
106.7024966 15.22139292 11.013729508072137 VNM 61
-5.135566138 31.29702189 12.788400021873175 MAR 62
36.32616617 33.08555482 1.9565236374913348 LBN 63
44.03960996 23.65503566 28.058804141709228 SAU 64
52.49604772 31.77166004 24.568891108590357 IRN 65
42.31335544 12.88773463 2.9149030374888021 DJI 66
23.86123246 55.85019329 4.8903247615768484 LTU 67
98.12987857 67.17635961 79.132880342658851 RUS 68
29.78395098 -19.42412153 11.962848551320587 ZWE 69
-11.75618339 20.03426643 19.428862804347926 MRT 70
24.5344985 -20.42845301 14.599658289365967 BWA 71
52.31260587 26.21603358 2.0599159718334348 QAT 72
-16.83163615 14.74606347 1.9785551345459282 GMB 73
78.07833842 19.31184748 34.699247425117875 IND 74
11.93300435 5.497196749 13.195626536088458 CMR 75
10.43828756 41.08971723 0.012694265629824517 VAT 76
-9.819812493 6.750012235 6.3865025746447772 LBR 77
-1.580038747 8.363866086 9.3466352887464552 GHA 78
24.51281763 46.52668367 9.343859091966177 ROU 79
33.46330292 49.36865181 14.866882024982077 UKR 80
30.31896053 -3.637071992 3.19277815183945 BDI 81
36.9177219 1.407763688 14.579163740507054 KEN 82
-10.5481435 11.3405634 9.4890463466215635 GIN 83
34.05766923 -12.31207934 6.5873576571332961 MWI 84
15.00431178 46.60944723 2.7248352799749322 SVN 85
28.13035671 -29.08071844 3.3342449855370329 LSO 86
-5.614495493 7.661989173 10.867284926928818 CIV 87
50.45300795 8.939045475 15.281808080540799 SOM 88
29.60020934 7.710257527 15.065644083474325 SSD 89
126.2494251 -8.953201229 2.333984953220948 TLS 90
8.172585533 46.74422235 0.24219115234978761 LIE 91
3.256020744 50.71975726 3.3437283629014938 BEL 92
15.97922425 -1.839666115 11.191656516480931 COG 93
35.24160912 -6.425476166 18.604462963356873 TZA 94
15.3763906 49.91074365 5.3743239114709889 CZE 95
111.9419413 1.863114277 11.006923884705028 MYS 96
19.47428508 48.39179473 4.23783185708528 SVK 97
31.86092834 1.638554598 9.4055599638554988 UGA 98
127.6182458 42.82892838 6.6442082198163428 PRK 99
6.384515594 49.46362367 0.97316263828712479 LUX 100
2.628534744 10.15734734 6.4223324680246954 BEN 101
22.32395542 39.11533929 6.9526691021093443 GRC 102
6.845029843 46.25490765 3.8884050369080385 CHE 103
-13.94367163 14.92222431 8.4880413831868076 SEN 104
37.08338069 29.86468527 5.7201718798253314 JOR 105
5.346075784 52.15281973 3.914982317706948 NLD 106
58.88275263 19.91972825 10.64661481915231 OMN 107
11.98413084 43.4143729 10.505262218673552 ITA 108
104.1319762 18.39328777 9.3126260878911555 LAO 109
44.18660273 39.51678665 3.3004602392946678 ARM 110
8.121637271 42.61039544 0.028385240872726803 MCO 111
54.86353079 23.97036709 5.5333021042866761 ARE 112
35.69893826 31.9140134 1.5092835896515178 PSE 113
14.5107251 63.24202483 12.841917149747891 SWE 114
30.05721121 47.82789055 3.5207540575210716 MDA 115
-2.272171563 40.56046486 13.612976759834263 ESP 116
7.840630307 10.29339091 18.393430203769647 NGA 117
20.14145452 41.24036496 3.2447695147537408 ALB 118
31.8188097 -26.92223916 2.521785440438141 SWZ 119
43.12971308 41.63211955 5.0523974578903728 GEO 120
14.79897186 26.26876851 25.385214666124078 LBY 121
148.4968145 -5.79551627 13.019570787693549 PNG 122
20.76749397 53.19343763 10.701152987039785 POL 123
13.14489454 47.83020824 5.5422646197479413 AUT 124
114.6699833 22.69741712 0.63585473900906408 HKG 125
26.83616149 60.26235362 4.0698734210711329 EST 126
8.650641617 62.55201007 10.889830355676377 NOR 127
18.79124419 42.10006379 2.2491072070557596 MNE 128
44.44042675 32.67056144 12.669964586671146 IRQ 129
-15.65465272 12.81816687 3.6373446189428389 GNB 130
-3.83123717 18.27170087 21.312072863289 MLI 131
68.18651321 48.92662651 31.590503210666249 KAZ 132
