37.82418291 63.0857861 4.5526776267791265 HRV 0
103.4181029 39.44110754 12.800566630480661 UZB 1
52.62428219 55.8347746 6.3724454835751505 BGR 2
-47.35295638 49.27049804 9.8701078583206741 ESH 3
-16.04931701 -29.86035839 3.2051952368216887 GNQ 4
47.02298638 59.29176235 5.6886742187974573 SRB 5
-31.30744723 5.226978359 9.9985374125564945 BFA 6
-23.12466699 -6.460783728 4.5603519857839236 TGO 7
89.48086612 42.30323082 13.370129438428238 TKM 8
62.22831268 89.92586567 4.8625002969637778 LVA 9
31.45422439 87.22563708 11.436279335159089 DEU 10
141.9911086 -13.97792291 13.708525639829128 THA 11
81.13621914 50.50574939 5.6317061854582686 AZE 12
155.710804 41.1278109 59.624244055997465 CHN 13
-15.86398522 -37.40734254 9.901006387181587 GAB 14
115.937953 8.351470709 17.971892835527065 PAK 15
35.96022871 -39.03760295 3.1057915955951527 RWA 16
60.44948906 31.36380238 8.2352819195243896 SYR 17
24.18694077 -64.90792587 16.602245666982306 ZMB 18
26.6762426 101.4627697 3.9727373069308731 DNK 19
124.7195998 19.47551288 7.3418742401924684 NPL 20
6.275006065 54.42736817 7.7408066349161162 TUN 21
131.6044006 -2.023336751 7.3515691515904384 BGD 22
118.8717817 47.60156318 8.5574228086869208 KGZ 23
41.39921397 22.28935563 19.16075246330227 EGY 24
-9.114287877 41.23099133 29.534425053208992 DZA 25
-13.29720987 13.77712735 21.541181336294471 NER 26
108.1942084 24.8204791 15.455449563713943 AFG 27
72.64417069 -14.12021389 13.905448296150741 YEM 28
-29.59362842 64.35338643 5.8074704465109814 PRT 29
17.42796372 -40.67754325 29.304851741309538 COD 30
72.8699033 26.28354218 2.5545139778953314 KWT 31
-21.73082511 62.62273967 0.049164679376643552 GIB 32
154.0927196 -13.99630866 8.1425872479937649 KHM 33
156.8927577 -43.44549635 26.410681245322071 IDN 34
114.4693162 40.21955256 7.2393717431424731 TJK 35
-49.74697659 -1.794410176 5.1257960764766386 SLE 36
59.31235723 45.09222 16.940177626341764 TUR 37
62.54378142 82.54799399 8.7195653003162121 BLR 38
45.76990438 67.32339236 5.8369746277505596 HUN 39
47.58920852 53.02845061 3.0687320534447307 MKD 40
147.1885363 -20.39844955 1.453036016482347 BRN 41
17.41750427 -93.20618125 21.146848235527195 ZAF 42
9.034450499 6.438770296 21.685216825491182 TCD 43
22.96068545 71.41445071 0.14966318452911395 SMR 44
10.83375201 80.12658639 14.214471604740707 FRA 45
48.33490844 -77.49134981 17.133943665848665 MOZ 46
54.80801992 -25.65941419 20.110589591703491 ETH 47
60.07150823 -12.13013313 6.5627388980373613 ERI 48
1.580781776 69.06472245 0.41407441383512078 AND 49
42.65526416 62.55444388 4.3306613245573979 BIH 50
-7.12897866 -55.11064063 21.367918388391331 AGO 51
82.75090719 100.5316658 11.132986753931805 FIN 52
33.7674336 -1.853548711 26.282090574320566 SDN 53
133.027005 10.46826449 3.749839655771483 BTN 54
143.6450274 1.958618655 15.74128351252131 MMR 55
180.8103085 78.99211507 23.933976599751627 MNG 56
189.6846692 52.15364039 6.0581046968333183 KOR 57
8.348138675 -14.73108987 15.104965295379047 CAF 58
51.13070194 29.16851215 2.7580464920412568 ISR 59
154.8595314 7.995324345 0.10993556517815699 MAC 60
162.3277267 -7.61393885 11.013729508072137 VNM 61
-28.70823915 53.34132102 12.788400021873175 MAR 62
51.23967271 32.16195835 1.9565236374913348 LBN 63
62.07051135 6.673397077 28.058804141709228 SAU 64
86.74098596 21.20807103 24.568891108590357 IRN 65
63.74288893 -16.2975183 2.9149030374888021 DJI 66
56.77004654 88.89210174 4.8903247615768484 LTU 67
135.6632187 114.4546071 79.132880342658851 RUS 68
30.08381756 -79.52027983 11.962848551320587 ZWE 69
-56.27837241 28.43496361 19.428862804347926 MRT 70
9.006488696 -74.33582784 14.599658289365967 BWA 71
78.83009286 2.539466192 2.0599159718334348 QAT 72
-63.33616152 13.16261898 1.9785551345459282 GMB 73
116.2368467 -20.29272548 34.699247425117875 IND 74
-6.443229921 -24.51722042 13.195626536088458 CMR 75
22.51565583 58.75847716 0.012694265629824517 VAT 76
-47.05569944 -8.541293285 6.3865025746447772 LBR 77
-30.68163177 -6.766161142 9.3466352887464552 GHA 78
53.4693686 64.34462903 9.343859091966177 ROU 79
65.33863337 70.02560879 14.866882024982077 UKR 80
35.02564593 -43.24694853 3.19277815183945 BDI 81
56.98955383 -44.54234938 14.579163740507054 KEN 82
-48.97963433 7.016585494 9.4890463466215635 GIN 83
39.51473744 -67.93158893 6.5873576571332961 MWI 84
38.02338397 67.83276879 2.7248352799749322 SVN 85
36.81406984 -84.70922099 3.3342449855370329 LSO 86
-40.47437131 -1.769816525 10.867284926928818 CIV 87
76.1133375 -29.61985064 15.281808080540799 SOM 88
35.50739214 -24.54199389 15.065644083474325 SSD 89
172.5617415 -42.9475918 2.333984953220948 TLS 90
31.0863827 74.01984297 0.24219115234978761 LIE 91
17.1886036 89.18207056 3.3437283629014938 BEL 92
-4.394439558 -37.6203652 11.191656516480931 COG 93
41.84376557 -54.4254455 18.604462963356873 TZA 94
40.47615653 78.52494549 5.3743239114709889 CZE 95
144.7318667 -27.13486613 11.006923884705028 MYS 96
46.44208719 72.81587044 4.23783185708528 SVK 97
42.52832817 -36.09581455 9.4055599638554988 UGA 98
185.1117066 62.184178 6.6442082198163428 PRK 99
19.54647866 88.98873393 0.97316263828712479 LUX 100
-22.84587887 -0.4885106626 6.4223324680246954 BEN 101
45.61876553 47.56967834 6.9526691021093443 GRC 102
27.2634771 73.10732763 3.8884050369080385 CHE 103
-57.32866249 12.31531928 8.4880413831868076 SEN 104
55.03693727 26.04601874 5.7201718798253314 JOR 105
18.2632199 93.28449868 3.914982317706948 NLD 106
83.27329318 -2.94323355 10.64661481915231 OMN 107
29.57087083 64.15078798 10.505262218673552 ITA 108
157.2774561 2.221628616 9.3126260878911555 LAO 109
77.35099142 47.02802411 3.3004602392946678 ARM 110
16.10954948 73.08070845 0.028385240872726803 MCO 111
81.50432765 5.689377819 5.5333021042866761 ARE 112
53.12577045 31.21411913 1.5092835896515178 PSE 113
71.09267879 106.2823284 12.841917149747891 SWE 114
60.09207706 61.52244095 3.5207540575210716 MDA 115
-12.02325353 71.24992278 13.612976759834263 ESP 116
-9.986987083 -7.705127301 18.393430203769647 NGA 117
43.74622845 53.75418584 3.2447695147537408 ALB 118
39.90577407 -85.89568613 2.521785440438141 SWZ 119
76.54320995 55.25228034 5.0523974578903728 GEO 120
19.6285368 32.91210193 25.385214666124078 LBY 121
176.2873586 -31.26729087 13.019570787693549 PNG 122
51.98891415 81.87500908 10.701152987039785 POL 123
36.6696062 72.52711587 5.5422646197479413 AUT 124
156.6686345 8.029067898 0.63585473900906408 HKG 125
68.96068482 95.14391013 4.0698734210711329 EST 126
60.83101291 98.51754716 10.889830355676377 NOR 127
42.28443406 58.4739543 2.2491072070557596 MNE 128
71.39659622 34.44495389 12.669964586671146 IRQ 129
-56.875774 5.619494284 3.6373446189428389 GNB 130
-34.92981388 22.5166569 21.312072863289 MLI 131
101.3537291 64.94309897 31.590503210666249 KAZ 132
