-27.77494815 0.5030922876 5.4112177593872115 ECU 0
27.75149709 26.66538565 4.162585745945858 SUR 1
29.04858781 -7.386724715 30.011777918051362 BRA 2
3.706703718 -58.8646901 17.148789956564176 ARG 3
-34.0602176 26.18938267 3.7134148315639344 NIC 4
-41.85200486 40.83614272 1.5585495969623204 BLZ 5
-4.115225029 -25.71735673 10.779432063945654 BOL 6
-38.07431054 33.62447434 3.4493794041639858 HND 7
13.23850445 -38.14303533 6.5591052689396285 PRY 8
-44.24768412 156.3458687 32.497256445753457 CAN 9
25.97469603 -49.48101126 4.3758251458373021 URY 10
-42.44499383 31.1703079 1.4918012341502951 SLV 11
-59.55348888 48.01428151 14.414250154933546 MEX 12
-30.77350618 19.91933132 2.3248214720880873 CRI 13
-25.77730578 18.95021567 2.8243214135934158 PAN 14
-44.58604711 35.75597517 3.3936874521203024 GTM 15
5.08269769 29.79104173 9.8453937208227593 VEN 16
-16.15342474 -39.56716641 8.9427291487690415 CHL 17
-21.91649834 -14.56822788 11.659176208262862 PER 18
-57.00532607 94.90705651 31.485464686567518 USA 19
-13.47032429 12.37520128 10.989172304478625 COL 20
35.76126826 28.73758149 2.9724289122313401 GUF 21
18.8773934 27.34678713 4.7683463885384132 GUY 22
