37.11318112 61.19202559 2.5753833779614381 HRV 0
104.530494 36.59584254 7.2410939739544888 UZB 1
52.47978517 54.11254222 3.6047995313420618 BGR 2
-49.54910815 50.61558184 5.5833761581289432 ESH 3
-16.68032615 -29.89088724 1.8131322295867507 GNQ 4
46.42755715 57.3545819 3.2180000928582135 SRB 5
-30.89726029 4.748651324 5.6560268850928752 BFA 6
-23.28907542 -6.830314496 2.5797246509962801 TGO 7
90.37623139 40.81306617 7.5632873530035933 TKM 8
64.05956442 89.16188394 2.7506455468037503 LVA 9
30.8153144 87.45339557 6.469336535547658 DEU 10
141.8039321 -13.34232747 7.7547131519942649 THA 11
83.23158274 48.80958997 3.1857741067102125 AZE 12
157.2129669 43.75204349 33.728565836094006 CHN 13
-18.0611289 -38.20096011 5.6008550055579374 GAB 14
118.6821263 4.946315461 10.166437835807294 PAK 15
36.58819537 -40.22454883 1.7569010385580162 RWA 16
60.63547083 30.30219062 4.6585789522229302 SYR 17
23.30814914 -66.33405296 9.3916483952385317 ZMB 18
25.93331372 101.6551956 2.2473195916828819 DNK 19
128.568248 15.25845577 4.1531912494871408 NPL 20
6.876328894 54.84024976 4.3788614907224046 TUN 21
131.3812696 -1.941985248 4.1586755195611458 BGD 22
118.9122261 48.90662763 4.8408093580023621 KGZ 23
40.9756493 22.58025124 10.838958399550304 EGY 24
-11.15724919 42.9605752 16.707193786855953 DZA 25
-15.7338387 14.47249248 12.185532318130331 NER 26
112.5866131 22.83459221 8.7429225542310363 AFG 27
74.84136577 -14.23485782 7.8661094285176905 YEM 28
-30.01873813 64.69050693 3.2852013874147055 PRT 29
16.73596689 -41.24228023 16.577327510357101 COD 30
73.30026131 22.91816349 1.4450513251244892 KWT 31
-22.18831971 62.46225836 0.027811742545669652 GIB 32
154.2120817 -13.10991846 4.6061429275675998 KHM 33
157.1031889 -43.95491679 14.940137443458887 IDN 34
115.2289574 40.76471251 4.0952070808850562 TJK 35
-49.96497755 -2.146088369 2.8995881317248244 SLE 36
61.55393784 44.57897132 9.5828115792727147 TUR 37
64.40867977 81.50498757 4.9325310022820057 BLR 38
44.98298919 66.57773992 3.3018914727169957 HUN 39
47.06591238 52.34766255 1.73593699570823 MKD 40
147.5803077 -19.6925272 0.82196129645036453 BRN 41
19.86135188 -97.02712929 11.962463830451245 ZAF 42
7.407292882 6.579898839 12.267011095044344 TCD 43
22.43766388 71.58050074 0.084662282139608067 SMR 44
10.91805523 79.73516135 8.0409194101566239 FRA 45
50.22269612 -78.69149456 9.6924222036719083 MOZ 46
57.00176545 -27.94875577 11.376267419162509 ETH 47
61.00110787 -13.38030532 3.7124457423671591 ERI 48
0.8850771396 69.22096688 0.23423586075092695 AND 49
42.13280719 61.05565422 2.4497919916934814 BIH 50
-7.520620376 -58.06367996 12.087519993817788 AGO 51
77.24826017 93.55849723 6.2977683428521516 FIN 52
33.04162478 -2.768123942 14.86739557508889 SDN 53
132.5704671 9.905416082 2.1212296391665957 BTN 54
143.583359 3.189610307 8.9046146530270534 MMR 55
181.5757988 84.47460204 13.539101723555618 MNG 56
192.9633052 54.2678512 3.42698152981513 KOR 57
8.34920243 -17.62503764 8.5446587119599897 CAF 58
51.64691708 28.96624344 1.5601867018801132 ISR 59
154.796901 9.127930734 0.062188946904840385 MAC 60
163.2470213 -7.068876209 6.2303062570497492 VNM 61
-32.11931336 54.40841618 7.2342115007941707 MAR 62
50.96190444 32.11028612 1.1067769052975145 LBN 63
62.58239068 6.198973056 15.872456544470223 SAU 64
89.31495305 19.42907184 13.89826360729449 IRN 65
65.08698578 -16.93214429 1.6489181634476777 DJI 66
56.82438702 82.71724133 2.7663854408923805 LTU 67
129.0109548 119.4911415 44.764317044094177 RUS 68
29.78038649 -81.19220504 6.7672090663571627 ZWE 69
-58.75209611 32.91207157 10.990624511758002 MRT 70
7.983901099 -75.19777948 8.2588139035336514 BWA 71
79.0725916 1.3877065 1.1652644418863194 QAT 72
-63.45961545 12.70456932 1.1192398020711103 GMB 73
116.3712927 -24.68796152 19.628858525096557 IND 74
-6.582607446 -25.12406907 7.4645736045386402 CMR 75
22.08522647 58.92161036 0.0071809610472257888 VAT 76
-47.25134277 -9.145683076 3.6127514228773343 LBR 77
-31.11822118 -7.812722208 5.2872553551600818 GHA 78
52.76485723 62.99433043 5.2856849011046885 ROU 79
65.38481345 68.23018601 8.4099784759721761 UKR 80
35.04838081 -43.45376204 1.8061080655919421 BDI 81
57.1539261 -47.53669042 8.2472204359532562 KEN 82
-49.34821885 6.122831717 5.3678152149516336 GIN 83
39.39913016 -70.32409609 3.7263722155680647 MWI 84
38.1342121 67.98690074 1.5413996032692954 SVN 85
37.55243888 -85.05475965 1.8861337915283827 LSO 86
-40.82761959 -1.701194794 6.1474646919341778 CIV 87
76.9030124 -30.61417286 8.6446960980334211 SOM 88
37.15287395 -25.91849688 8.5224152754941471 SSD 89
173.2830124 -41.92065183 1.3203012700879193 TLS 90
31.59171475 74.10336824 0.13700400493593523 LIE 91
16.45539667 89.34177988 1.8914983998827517 BEL 92
-6.170010548 -39.34407668 6.3309569724114239 COG 93
40.44411186 -56.0683915 10.524273537378891 TZA 94
39.68039331 78.2882072 3.0401767056753175 CZE 95
144.0898535 -27.20201816 6.2264564151032813 MYS 96
46.77738516 71.9729261 2.3972797149387048 SVK 97
43.61939171 -38.18751391 5.3205881850391359 UGA 98
187.7087126 65.74131803 3.7585317502780273 PRK 99
18.89748106 89.13112075 0.55050392058417374 LUX 100
-22.81676862 -0.5379639627 3.6330198713398381 BEN 101
44.92953461 47.07856465 3.9330235755581615 GRC 102
27.74576059 73.38818774 2.1996140556780812 CHE 103
-57.54250733 12.20295046 4.8015612968347474 SEN 104
55.7706848 24.1085991 3.2358178606216743 JOR 105
17.58034139 93.4156009 2.2146484360608074 NLD 106
85.45743511 -5.150097621 6.0226348282430298 OMN 107
29.07677188 64.56045077 5.9426737223735238 ITA 108
157.7346924 3.067899145 5.2680168459220686 LAO 109
79.15307528 45.10966695 1.8670222529934679 ARM 110
15.57986178 73.18744159 0.016057117045374939 MCO 111
82.75543536 3.623045705 3.1301083522359217 ARE 112
53.23046519 30.79771961 0.85377972878093011 PSE 113
65.58921841 100.4236159 7.2644853600180426 SWE 114
59.36141717 59.74179044 1.9916392551705613 MDA 115
-12.75081176 72.09551982 7.7006625432109468 ESP 116
-10.28994096 -7.622670023 10.404895381093581 NGA 117
42.97641386 53.67950539 1.8355188218158025 ALB 118
40.68900643 -86.11245557 1.4265372685050512 SWZ 119
77.96309915 53.32229358 2.858067602979165 GEO 120
19.29159496 35.56306949 14.360045945834029 LBY 121
176.5113667 -29.97688626 7.3649814336931101 PNG 122
48.06287863 81.90751057 6.0534862749204086 POL 123
37.0800585 72.58041074 3.1351783166032408 AUT 124
156.60627 9.177765276 0.35969375824232919 HKG 125
68.88965044 91.1823891 2.3022680756882323 EST 126
55.45037708 91.67329688 6.1602183123759033 NOR 127
41.46729735 56.844488 1.2722871661797313 MNE 128
72.33606143 31.81290055 7.167214301302864 IRQ 129
-56.90864849 5.196641383 2.0575928364535039 GNB 130
-39.30793953 20.42611831 12.055928994218759 MLI 131
99.05137954 64.65679004 17.870287233086007 KAZ 132
