15.84637537 45.37574567 4.5526776267791265 HRV 0
63.70778201 41.16672974 12.800566630480661 UZB 1
24.87702411 42.56644396 6.3724454835751505 BGR 2
-12.65508649 24.83767478 9.8701078583206741 ESH 3
10.14756986 2.184308029 3.2051952368216887 GNQ 4
21.18654091 44.21174681 5.6886742187974573 SRB 5
-1.460089321 12.92362895 9.9985374125564945 BFA 6
1.182318783 8.06680812 4.5603519857839236 TGO 7
60.02596589 40.27019499 13.370129438428238 TKM 8
25.57924578 56.92909343 4.8625002969637778 LVA 9
9.42683426 50.6556033 11.436279335159089 DEU 10
100.1666819 14.60111215 13.708525639829128 THA 11
47.0544373 40.53644253 5.6317061854582686 AZE 12
105.2922867 35.34736833 59.624244055997465 CHN 13
11.77911204 -0.6430416206 9.901006387181587 GAB 14
70.12337434 29.61856063 17.971892835527065 PAK 15
29.79830333 -2.058194332 3.1057915955951527 RWA 16
37.94424321 35.1272768 8.2352819195243896 SYR 17
30.10847397 -14.91866475 16.602245666982306 ZMB 18
9.811878076 55.80121863 3.9727373069308731 DNK 19
83.06998937 27.91693236 7.3418742401924684 NPL 20
9.125705006 34.16184532 7.7408066349161162 TUN 21
90.66561931 23.78353185 7.3515691515904384 BGD 22
75.14836476 40.68038642 8.5574228086869208 KGZ 23
30.06946028 27.0182237 19.16075246330227 EGY 24
3.050234223 28.00623593 29.534425053208992 DZA 25
8.067149723 15.85245372 21.541181336294471 NER 26
64.9322951 32.63651755 15.455449563713943 AFG 27
48.09971404 14.62477557 13.905448296150741 YEM 28
-7.458420899 39.5729692 5.8074704465109814 PRT 29
25.03570161 0.6199459897 29.304851741309538 COD 30
47.53356424 29.46210505 2.5545139778953314 KWT 31
-5.096041076 36.31475434 0.049164679376643552 GIB 32
105.0510953 13.26107068 8.1425872479937649 KHM 33
119.6347532 -4.999352436 26.410681245322071 IDN 34
70.97580738 38.52436179 7.2393717431424731 TJK 35
-11.9075568 8.410146896 5.1257960764766386 SLE 36
34.8437026 38.94535999 16.940177626341764 TUR 37
27.66451837 53.1356848 8.7195653003162121 BLR 38
19.47267209 47.47798419 5.8369746277505596 HUN 39
21.79049742 41.90152803 3.0687320534447307 MKD 40
114.4419042 4.497256658 1.453036016482347 BRN 41
23.91231616 -29.0411674 21.146848235527195 ZAF 42
19.34952809 14.6944546 21.685216825491182 TCD 43
12.58125877 44.38680893 0.14966318452911395 SMR 44
2.092050538 46.10849226 14.214471604740707 FRA 45
35.03109977 -18.05151335 17.133943665848665 MOZ 46
38.21864386 8.175471788 20.110589591703491 ETH 47
38.94532645 15.16729743 6.5627388980373613 ERI 48
2.001086091 42.59338673 0.41407441383512078 AND 49
18.12516913 44.29464648 4.3306613245573979 BIH 50
18.70793015 -12.33775346 21.367918388391331 AGO 51
26.18205607 63.91422898 11.132986753931805 FIN 52
30.25282235 14.6825852 26.282090574320566 SDN 53
90.1158205 27.19532518 3.749839655771483 BTN 54
98.08789378 21.88973059 15.74128351252131 MMR 55
105.0349406 46.04334294 23.933976599751627 MNG 56
127.7361847 36.84536732 6.0581046968333183 KOR 57
21.37735285 7.217987703 15.104965295379047 CAF 58
34.84859978 31.72237817 2.7580464920412568 ISR 59
113.1640681 22.5532218 0.10993556517815699 MAC 60
105.5921785 15.51054857 11.013729508072137 VNM 61
-5.116806098 32.28680485 12.788400021873175 MAR 62
35.82778833 33.65453546 1.9565236374913348 LBN 63
44.90446974 25.29353528 28.058804141709228 SAU 64
52.59727507 31.916255 24.568891108590357 IRN 65
43.52543706 11.36100054 2.9149030374888021 DJI 66
24.06322375 55.82608264 4.8903247615768484 LTU 67
100.5998886 60.1065103 79.132880342658851 RUS 68
29.7009921 -20.14135995 11.962848551320587 ZWE 69
-11.90785857 20.43339879 19.428862804347926 MRT 70
24.07918451 -22.13492515 14.599658289365967 BWA 71
51.69939989 25.57207611 2.0599159718334348 QAT 72
-16.58804656 13.35420635 1.9785551345459282 GMB 73
77.10964341 19.8125798 34.699247425117875 IND 74
12.07416063 5.937959396 13.195626536088458 CMR 75
12.22064461 41.98806027 0.012694265629824517 VAT 76
-9.669441284 6.535803174 6.3865025746447772 LBR 77
-2.291537394 7.839901843 9.3466352887464552 GHA 78
24.9500438 46.03448389 9.343859091966177 ROU 79
31.77606122 48.67458027 14.866882024982077 UKR 80
30.33389586 -3.485094075 3.19277815183945 BDI 81
37.82131936 0.9781245868 14.579163740507054 KEN 82
-9.805891383 10.75097719 9.4890463466215635 GIN 83
33.76190401 -13.4538875 6.5873576571332961 MWI 84
14.92981075 46.27734901 2.7248352799749322 SVN 85
28.63855447 -29.39952607 3.3342449855370329 LSO 86
-4.886595384 7.471875637 10.867284926928818 CIV 87
49.31034934 10.12098013 15.281808080540799 SOM 88
30.04625351 7.833320133 15.065644083474325 SSD 89
125.6839968 -8.517966193 2.333984953220948 TLS 90
9.183427888 47.4013945 0.24219115234978761 LIE 91
4.061294046 50.90135111 3.3437283629014938 BEL 92
15.04470251 -0.7472257497 11.191656516480931 COG 93
34.63338061 -5.74955792 18.604462963356873 TZA 94
15.59885336 49.89008663 5.3743239114709889 CZE 95
112.4825449 2.648283001 11.006923884705028 MYS 96
19.22583539 48.66190426 4.23783185708528 SVK 97
32.18339823 1.123790801 9.4055599638554988 UGA 98
126.541214 40.70827683 6.6442082198163428 PRK 99
6.027939204 49.87135167 0.97316263828712479 LUX 100
2.245847404 9.652205114 6.4223324680246954 BEN 101
21.62969779 38.82697841 6.9526691021093443 GRC 102
7.984709538 46.98970114 3.8884050369080385 CHE 103
-14.16392539 13.70013147 8.4880413831868076 SEN 104
36.18403223 30.72480867 5.7201718798253314 JOR 105
5.862622308 52.66523879 3.914982317706948 NLD 106
57.24615639 21.30955602 10.64661481915231 OMN 107
12.91014437 43.02819518 10.505262218673552 ITA 108
104.9354721 18.24806915 9.3126260878911555 LAO 109
44.985763 39.61928776 3.3004602392946678 ARM 110
7.149363346 43.5163175 0.028385240872726803 MCO 111
54.52746316 24.20601465 5.5333021042866761 ARE 112
35.21237251 32.02399845 1.5092835896515178 PSE 113
14.67857969 62.38074001 12.841917149747891 SWE 114
29.30266872 46.69344307 3.5207540575210716 MDA 115
-3.684878534 39.68578823 13.612976759834263 ESP 116
8.088297881 10.01832109 18.393430203769647 NGA 117
19.88580674 40.93505953 3.2447695147537408 ALB 118
31.34288524 -26.27859891 2.521785440438141 SWZ 119
43.83560457 41.88808532 5.0523974578903728 GEO 120
17.09993926 25.34640316 25.385214666124078 LBY 121
147.152128 -6.169186442 13.019570787693549 PNG 122
20.05424407 52.11763446 10.701152987039785 POL 123
13.26361351 47.29163015 5.5422646197479413 AUT 124
114.1856643 22.30468384 0.63585473900906408 HKG 125
25.81469856 58.95969409 4.0698734210711329 EST 126
10.73120734 62.48464139 10.889830355676377 NOR 127
18.77051373 42.30107642 2.2491072070557596 MNE 128
44.13597998 32.56791622 12.669964586671146 IRQ 129
-15.02695101 12.34460695 3.6373446189428389 GNB 130
-3.609892022 16.90642826 21.312072863289 MLI 131
68.06970338 47.99414234 31.590503210666249 KAZ 132
