58.86843862 91.90308998 5.4112177593872115 ECU 0
103.4637976 122.8187584 4.162585745945858 SUR 1
118.2773133 91.6833729 30.011777918051362 BRA 2
94.13301813 37.20769025 17.148789956564176 ARG 3
40.84527942 112.2246169 3.7134148315639344 NIC 4
26.27399219 119.1711226 1.5585495969623204 BLZ 5
87.37184521 64.94024714 10.779432063945654 BOL 6
33.00496724 116.7364426 3.4493794041639858 HND 7
107.6536027 56.69268549 6.5591052689396285 PRY 8
-17.71953685 225.8575193 32.497256445753457 CAN 9
115.1423401 48.67329816 4.3758251458373021 URY 10
28.99510233 112.0289081 1.4918012341502951 SLV 11
6.120777191 119.3026998 14.414250154933546 MEX 12
44.94704339 107.6210609 2.3248214720880873 CRI 13
51.32487733 108.7054189 2.8243214135934158 PAN 14
24.66154299 114.4802884 3.3936874521203024 GTM 15
80.02728413 123.6978758 9.8453937208227593 VEN 16
72.45184205 51.70318786 8.9427291487690415 CHL 17
68.58097371 77.43882925 11.659176208262862 PER 18
2.212639529 165.0522335 31.485464686567518 USA 19
68.55851857 106.0510742 10.989172304478625 COL 20
110.4784927 124.1832958 2.9724289122313401 GUF 21
94.55770112 122.1388269 4.7683463885384132 GUY 22
