37.16981994 61.25439977 4.5526776267791265 HRV 0
104.4856817 36.69890828 12.800566630480661 UZB 1
52.5976687 54.18796106 6.3724454835751505 BGR 2
-49.60205224 50.5825407 9.8701078583206741 ESH 3
-16.68032615 -29.89088724 3.2051952368216887 GNQ 4
46.53931872 57.35987623 5.6886742187974573 SRB 5
-30.89726029 4.748651324 9.9985374125564945 BFA 6
-23.28895166 -6.830741104 4.5603519857839236 TGO 7
90.27714807 40.98537568 13.370129438428238 TKM 8
64.13029182 89.22834841 4.8625002969637778 LVA 9
30.8153144 87.45339557 11.436279335159089 DEU 10
141.7948312 -13.32798323 13.708525639829128 THA 11
82.99612984 48.92774671 5.6317061854582686 AZE 12
157.1154348 43.82112274 59.624244055997465 CHN 13
-18.03727941 -38.20550887 9.901006387181587 GAB 14
118.720813 4.914831611 17.971892835527065 PAK 15
36.58819537 -40.22454883 3.1057915955951527 RWA 16
60.74698647 30.30248905 8.2352819195243896 SYR 17
23.31679924 -66.34547224 16.602245666982306 ZMB 18
25.93331372 101.6551956 3.9727373069308731 DNK 19
128.5116558 15.42191828 7.3418742401924684 NPL 20
6.876328894 54.84024976 7.7408066349161162 TUN 21
131.3378219 -1.938070071 7.3515691515904384 BGD 22
118.8045803 48.97962843 8.5574228086869208 KGZ 23
40.98408426 22.5794827 19.16075246330227 EGY 24
-10.95513332 43.04192069 29.534425053208992 DZA 25
-15.74289104 14.4767494 21.541181336294471 NER 26
112.4566173 22.80226062 15.455449563713943 AFG 27
74.83446879 -14.24423152 13.905448296150741 YEM 28
-30.0239771 64.67233329 5.8074704465109814 PRT 29
16.75287734 -41.15945273 29.304851741309538 COD 30
73.30026131 22.91816349 2.5545139778953314 KWT 31
-22.18831971 62.46225836 0.049164679376643552 GIB 32
154.2201652 -13.10047719 8.1425872479937649 KHM 33
157.1012921 -43.93040567 26.410681245322071 IDN 34
115.1236667 40.81326932 7.2393717431424731 TJK 35
-49.96604625 -2.144093092 5.1257960764766386 SLE 36
61.66463463 44.56888984 16.940177626341764 TUR 37
64.5818255 81.54168488 8.7195653003162121 BLR 38
45.01994891 66.61087096 5.8369746277505596 HUN 39
47.06557323 52.34641575 3.0687320534447307 MKD 40
147.5819646 -19.68464611 1.453036016482347 BRN 41
19.7077053 -97.03086969 21.146848235527195 ZAF 42
7.489675605 6.668306257 21.685216825491182 TCD 43
22.43766388 71.58050074 0.14966318452911395 SMR 44
10.89580434 79.77256628 14.214471604740707 FRA 45
50.22269612 -78.69149456 17.133943665848665 MOZ 46
57.02771926 -27.98321965 20.110589591703491 ETH 47
60.98264242 -13.38680492 6.5627388980373613 ERI 48
0.8316610451 69.15952591 0.41407441383512078 AND 49
42.22654866 61.05716415 4.3306613245573979 BIH 50
-7.520620376 -58.06367996 21.367918388391331 AGO 51
77.4108511 93.44579294 11.132986753931805 FIN 52
33.00243386 -2.752341556 26.282090574320566 SDN 53
132.6209465 10.00492697 3.749839655771483 BTN 54
143.6327774 3.269579663 15.74128351252131 MMR 55
181.5757988 84.47460204 23.933976599751627 MNG 56
192.8679774 54.23970391 6.0581046968333183 KOR 57
8.196536292 -17.47626518 15.104965295379047 CAF 58
51.64628316 28.96428665 2.7580464920412568 ISR 59
154.796901 9.127930734 0.10993556517815699 MAC 60
163.2171444 -7.015364572 11.013729508072137 VNM 61
-32.15717899 54.29072193 12.788400021873175 MAR 62
50.96190444 32.11028612 1.9565236374913348 LBN 63
62.5099554 6.182724073 28.058804141709228 SAU 64
89.71194068 19.48472269 24.568891108590357 IRN 65
65.08155842 -16.92596961 2.9149030374888021 DJI 66
56.92989334 82.65689308 4.8903247615768484 LTU 67
129.3263937 119.9098976 79.132880342658851 RUS 68
29.78608942 -81.1930133 11.962848551320587 ZWE 69
-58.75345898 32.89913544 19.428862804347926 MRT 70
7.99348813 -75.18568056 14.599658289365967 BWA 71
79.0726942 1.387642544 2.0599159718334348 QAT 72
-63.4593917 12.7047351 1.9785551345459282 GMB 73
116.4982539 -24.86600234 34.699247425117875 IND 74
-6.635195896 -25.16093108 13.195626536088458 CMR 75
22.08522647 58.92161036 0.012694265629824517 VAT 76
-47.25134277 -9.145683076 6.3865025746447772 LBR 77
-31.11822118 -7.812722208 9.3466352887464552 GHA 78
52.87755278 63.0948433 9.343859091966177 ROU 79
65.62145968 68.21047658 14.866882024982077 UKR 80
35.03807579 -43.45223863 3.19277815183945 BDI 81
57.27785904 -47.64958907 14.579163740507054 KEN 82
-49.33987344 6.118518333 9.4890463466215635 GIN 83
39.39546001 -70.31910089 6.5873576571332961 MWI 84
38.14852984 67.9716572 2.7248352799749322 SVN 85
37.54949075 -85.05962788 3.3342449855370329 LSO 86
-40.82761959 -1.701194794 10.867284926928818 CIV 87
76.94449405 -30.65821152 15.281808080540799 SOM 88
37.17860291 -25.85897378 15.065644083474325 SSD 89
173.2818132 -41.9212513 2.333984953220948 TLS 90
31.5747499 74.10626683 0.24219115234978761 LIE 91
16.45539667 89.34177988 3.3437283629014938 BEL 92
-6.147631915 -39.50608677 11.191656516480931 COG 93
40.44866821 -56.07342133 18.604462963356873 TZA 94
39.60642417 78.27313006 5.3743239114709889 CZE 95
144.1243543 -27.14726108 11.006923884705028 MYS 96
46.91231043 72.04657877 4.23783185708528 SVK 97
43.62094825 -38.15685486 9.4055599638554988 UGA 98
187.6645279 65.71234699 6.6442082198163428 PRK 99
18.89748106 89.13112075 0.97316263828712479 LUX 100
-22.81676862 -0.5379639627 6.4223324680246954 BEN 101
44.9329122 47.08011977 6.9526691021093443 GRC 102
27.73204607 73.12094944 3.8884050369080385 CHE 103
-57.5432492 12.20290586 8.4880413831868076 SEN 104
55.80402411 24.12175485 5.7201718798253314 JOR 105
17.58034139 93.4156009 3.914982317706948 NLD 106
85.4544818 -5.145265875 10.64661481915231 OMN 107
29.07677188 64.56045077 10.505262218673552 ITA 108
157.8373765 3.176840499 9.3126260878911555 LAO 109
79.14637198 45.09390608 3.3004602392946678 ARM 110
15.57679074 73.19204788 0.028385240872726803 MCO 111
82.75773272 3.622892427 5.5333021042866761 ARE 112
53.22964595 30.79679314 1.5092835896515178 PSE 113
65.67526654 100.3119891 12.841917149747891 SWE 114
59.46427888 59.79874938 3.5207540575210716 MDA 115
-12.84489397 72.27455266 13.612976759834263 ESP 116
-10.29568593 -7.628232787 18.393430203769647 NGA 117
42.97798594 53.68087307 3.2447695147537408 ALB 118
40.70160974 -86.10260482 2.521785440438141 SWZ 119
77.91206405 53.34377449 5.0523974578903728 GEO 120
19.29152391 35.53920003 25.385214666124078 LBY 121
176.5113667 -29.97688626 13.019570787693549 PNG 122
48.15099839 81.62076017 10.701152987039785 POL 123
37.14619323 72.56507976 5.5422646197479413 AUT 124
156.60627 9.177765276 0.63585473900906408 HKG 125
68.88964826 91.23017951 4.0698734210711329 EST 126
55.4683373 91.54604567 10.889830355676377 NOR 127
41.46729735 56.844488 2.2491072070557596 MNE 128
72.5166652 31.75809515 12.669964586671146 IRQ 129
-56.90864849 5.196641383 3.6373446189428389 GNB 130
-39.30465922 20.4104861 21.312072863289 MLI 131
99.06357961 64.91628934 31.590503210666249 KAZ 132
