81.0652481 38.30036857 2.0557569644500666 UZB 0
73.78146061 18.08505093 1.710080871288759 OMN 1
89.86693744 23.15635237 1.4956026317811606 LAO 2
89.18511317 16.8588862 0.23452920571340155 BRN 3
71.66666701 33.63227099 0.53309198679485736 ARM 4
76.9512637 37.71876461 2.1473621807261263 TKM 5
87.13146037 20.66933494 2.2021613878159085 THA 6
90.65061566 33.28454796 9.5746147296343835 CHN 7
72.59698764 34.29246703 0.90326734706082012 AZE 8
73.51180154 20.13194712 0.88791324243983027 ARE 9
81.00564624 31.07283097 2.8867106145893273 PAK 10
68.15799355 29.17972044 0.23452920571340155 PSE 11
89.77219564 6.422884954 0.37082323394226197 TLS 12
69.02114112 30.14387965 1.3232380821000413 SYR 13
82.97216004 29.11164325 0.60555180528483843 BTN 14
86.93187643 24.42049941 2.5277708225428466 MMR 15
87.6930969 43.52916167 3.8429884370489713 MNG 16
97.31538875 27.87624165 0.97171726668594127 KOR 17
83.60655924 27.84285628 1.1804377822478243 NPL 18
68.76190342 28.30070745 0.9183647828790974 JOR 19
71.40483929 34.95205271 0.81243300030876908 GEO 20
83.7773665 38.61259863 1.374215737339372 KGZ 21
89.92331886 24.34258769 0 MAC 22
92.21165454 22.05256686 1.7680660989436372 VNM 23
85.12937461 26.74918367 1.1804377822478243 BGD 24
67.63712692 29.05783719 0.43876396748588703 ISR 25
79.49089804 35.05949723 2.482023813996677 AFG 26
67.4849069 29.63893181 0.31755404570407358 LBN 27
70.44632515 23.14909315 4.5061762348399528 SAU 28
75.57569259 31.78638535 3.9453919169220955 IRN 29
70.09341345 16.69576891 2.2331647160070136 YEM 30
87.59985687 16.73196369 1.7680660989436372 MYS 31
98.29277627 29.66081743 1.0661839735897147 PRK 32
73.68733038 21.08462575 0.33167438349248202 QAT 33
90.25996726 24.35797344 0.095746147296343842 HKG 34
71.83394796 26.89465638 0.40621650015438454 KWT 35
80.57654278 23.41727998 5.5722283544134807 IND 36
89.90437669 20.3569104 1.3093088722801136 KHM 37
88.30988218 10.77100025 4.2410247705886848 IDN 38
82.68452168 36.32541089 1.1608603422236872 TJK 39
71.54303654 29.27594295 2.0355910135354089 IRQ 40
69.09768226 33.35392429 2.7199321775973 TUR 41
80.60961769 43.94327934 5.0727389539493881 KAZ 42
