36.88241045 61.28355296 4.5526776267791265 HRV 0
103.4913273 37.84032766 12.800566630480661 UZB 1
51.91760994 55.19019324 6.3724454835751505 BGR 2
-49.16432389 50.019343 9.8701078583206741 ESH 3
-16.52682165 -29.83417255 3.2051952368216887 GNQ 4
46.0953467 58.72443309 5.6886742187974573 SRB 5
-31.02916264 5.179806095 9.9985374125564945 BFA 6
-23.05720479 -6.590203015 4.5603519857839236 TGO 7
89.53924354 42.68156905 13.370129438428238 TKM 8
64.0687666 90.04756994 4.8625002969637778 LVA 9
31.20133381 87.3164175 11.436279335159089 DEU 10
141.6655755 -13.84000556 13.708525639829128 THA 11
81.92547721 50.37965784 5.6317061854582686 AZE 12
156.0508916 43.2626 59.624244055997465 CHN 13
-17.7226206 -37.15731481 9.901006387181587 GAB 14
117.6435208 6.230777973 17.971892835527065 PAK 15
36.11985429 -39.31956784 3.1057915955951527 RWA 16
60.264432 30.9505661 8.2352819195243896 SYR 17
23.90617183 -65.32582947 16.602245666982306 ZMB 18
26.38211636 101.5396449 3.9727373069308731 DNK 19
126.7933629 17.20034517 7.3418742401924684 NPL 20
6.784213661 54.73678582 7.7408066349161162 TUN 21
131.0002306 -1.709210963 7.3515691515904384 BGD 22
117.9747816 48.79129981 8.5574228086869208 KGZ 23
41.17982042 22.52291119 19.16075246330227 EGY 24
-10.76490306 42.79203131 29.534425053208992 DZA 25
-15.12512736 14.30166057 21.541181336294471 NER 26
111.5676078 24.08954945 15.455449563713943 AFG 27
73.82501693 -13.88426657 13.905448296150741 YEM 28
-29.76686428 64.31921913 5.8074704465109814 PRT 29
16.8532779 -40.39805954 29.304851741309538 COD 30
73.24378509 24.515593 2.5545139778953314 KWT 31
-21.91219922 62.55950614 0.049164679376643552 GIB 32
154.0574599 -13.67122352 8.1425872479937649 KHM 33
156.7652651 -44.5614759 26.410681245322071 IDN 34
114.4616363 40.5855031 7.2393717431424731 TJK 35
-49.76833061 -1.938045485 5.1257960764766386 SLE 36
60.42558398 45.15619821 16.940177626341764 TUR 37
64.33788233 82.38788626 8.7195653003162121 BLR 38
44.82123617 67.33728738 5.8369746277505596 HUN 39
47.03645442 53.05472875 3.0687320534447307 MKD 40
147.372683 -20.2157637 1.453036016482347 BRN 41
18.35634847 -95.1066438 21.146848235527195 ZAF 42
7.836232321 6.059929251 21.685216825491182 TCD 43
22.75364748 71.48068531 0.14966318452911395 SMR 44
10.77265215 80.04894966 14.214471604740707 FRA 45
49.24297187 -78.01078826 17.133943665848665 MOZ 46
56.48738855 -26.76886983 20.110589591703491 ETH 47
60.29965059 -12.20778333 6.5627388980373613 ERI 48
1.314733281 69.07466459 0.41407441383512078 AND 49
41.77675077 62.38035397 4.3306613245573979 BIH 50
-7.936578357 -57.21383931 21.367918388391331 AGO 51
77.31130857 94.2989883 11.132986753931805 FIN 52
33.67698447 -1.998499456 26.282090574320566 SDN 53
132.996112 10.85370019 3.749839655771483 BTN 54
143.263421 2.701366203 15.74128351252131 MMR 55
181.9341698 82.67658981 23.933976599751627 MNG 56
191.7867253 53.09807433 6.0581046968333183 KOR 57
7.789325596 -16.52913729 15.104965295379047 CAF 58
51.46475361 29.39482946 2.7580464920412568 ISR 59
154.8357127 8.444035741 0.10993556517815699 MAC 60
162.7713902 -7.274107616 11.013729508072137 VNM 61
-31.83951544 54.02812318 12.788400021873175 MAR 62
51.14626011 32.31030333 1.9565236374913348 LBN 63
62.94541175 7.149303174 28.058804141709228 SAU 64
89.18502746 21.06514681 24.568891108590357 IRN 65
64.30555889 -16.38745904 2.9149030374888021 DJI 66
56.75316525 83.60120726 4.8903247615768484 LTU 67
128.7017921 121.0660124 79.132880342658851 RUS 68
29.79453754 -80.33134417 11.962848551320587 ZWE 69
-58.55131495 32.14758401 19.428862804347926 MRT 70
8.844328969 -74.44489883 14.599658289365967 BWA 71
79.24701984 2.340681761 2.0599159718334348 QAT 72
-63.37744784 12.98104242 1.9785551345459282 GMB 73
116.0692366 -23.44991833 34.699247425117875 IND 74
-7.031941863 -25.2280518 13.195626536088458 CMR 75
22.34529363 58.82347531 0.012694265629824517 VAT 76
-47.17805799 -8.774593892 6.3865025746447772 LBR 77
-30.8835806 -7.168947463 9.3466352887464552 GHA 78
52.72061571 64.02252924 9.343859091966177 ROU 79
65.4475945 69.12432586 14.866882024982077 UKR 80
35.30443359 -43.13581664 3.19277815183945 BDI 81
57.43902208 -46.32128966 14.579163740507054 KEN 82
-48.96318316 6.817061079 9.4890463466215635 GIN 83
39.47285213 -68.86019688 6.5873576571332961 MWI 84
37.91565956 68.46334304 2.7248352799749322 SVN 85
37.11073714 -84.91260551 3.3342449855370329 LSO 86
-40.75630112 -1.45535811 10.867284926928818 CIV 87
76.16549296 -30.18819642 15.281808080540799 SOM 88
36.70455571 -25.1342076 15.065644083474325 SSD 89
172.8643504 -42.57884049 2.333984953220948 TLS 90
31.21661987 74.07554528 0.24219115234978761 LIE 91
16.86643978 89.26699412 3.3437283629014938 BEL 92
-5.95462976 -38.94763566 11.191656516480931 COG 93
40.69086642 -54.6965901 18.604462963356873 TZA 94
39.67829191 78.67348077 5.3743239114709889 CZE 95
144.268744 -27.54196612 11.006923884705028 MYS 96
46.6834728 72.71137057 4.23783185708528 SVK 97
43.3706462 -37.22874777 9.4055599638554988 UGA 98
187.202162 63.95131102 6.6442082198163428 PRK 99
19.29228519 89.04441156 0.97316263828712479 LUX 100
-22.77986767 -0.3988658005 6.4223324680246954 BEN 101
45.46478903 47.62236314 6.9526691021093443 GRC 102
27.4853974 73.09208536 3.8884050369080385 CHE 103
-57.5129349 12.27729957 8.4880413831868076 SEN 104
55.48589625 24.69069965 5.7201718798253314 JOR 105
17.99282761 93.33702936 3.914982317706948 NLD 106
83.79997587 -3.198627565 10.64661481915231 OMN 107
28.89766884 64.28622216 10.505262218673552 ITA 108
157.4441093 2.883906168 9.3126260878911555 LAO 109
77.75233208 46.48121785 3.3004602392946678 ARM 110
15.89771186 73.12708315 0.028385240872726803 MCO 111
81.85645919 5.739418164 5.5333021042866761 ARE 112
53.10372457 31.15907303 1.5092835896515178 PSE 113
65.58973082 101.0556757 12.841917149747891 SWE 114
59.23384041 60.81435999 3.5207540575210716 MDA 115
-12.41929197 71.91293378 13.612976759834263 ESP 116
-10.14324965 -7.675918591 18.393430203769647 NGA 117
43.57065404 53.88030781 3.2447695147537408 ALB 118
40.21798897 -86.03740338 2.521785440438141 SWZ 119
76.80637422 54.78016755 5.0523974578903728 GEO 120
19.11431318 34.56464027 25.385214666124078 LBY 121
176.3772234 -30.75632204 13.019570787693549 PNG 122
48.08854331 82.07326301 10.701152987039785 POL 123
36.9095072 73.05542538 5.5422646197479413 AUT 124
156.6447105 8.483021489 0.63585473900906408 HKG 125
68.71215673 92.03531587 4.0698734210711329 EST 126
55.37017616 92.40120457 10.889830355676377 NOR 127
41.67675374 57.98371621 2.2491072070557596 MNE 128
71.88872087 32.99932885 12.669964586671146 IRQ 129
-56.89935168 5.454809195 3.6373446189428389 GNB 130
-38.26140433 21.33663283 21.312072863289 MLI 131
98.17966635 66.54690898 31.590503210666249 KAZ 132
