4.318895819 50.21148612 2.4509577044999773 NLD 0
15.90230979 45.66164009 2.849630885800353 HRV 1
25.84450291 45.80695146 5.8479959344238495 ROU 2
20.09321218 46.88166837 3.6529498838908854 HUN 3
25.81453937 42.10681271 3.9885308688392893 BGR 4
23.50841807 40.69447168 1.9204715912759185 MKD 5
11.91885881 43.83083057 6.5749245998202985 ITA 6
21.89925968 43.65379703 3.5607885497958192 SRB 7
1.500042489 44.88297386 8.8964128529519488 FRA 8
15.36536493 47.46895052 1.7043075228846432 SVN 9
8.815089941 50.78423004 7.1576050768503672 DEU 10
18.63088736 42.16403494 2.7101224697669384 BIH 11
-2.683268558 38.87158474 8.5201443336093003 ESP 12
21.33956756 40.5080067 2.0306439919330481 ALB 13
8.819309153 55.61438007 2.4862250953761547 DNK 14
3.471450777 48.63718224 2.092076179123104 BEL 15
16.37564671 51.48934819 3.3642088395303458 CZE 16
-10.19056315 39.27309154 3.6344868110110329 PRT 17
18.37641743 49.88347324 2.6525636223661051 SVK 18
20.15104232 53.70966523 6.6977641361364446 POL 19
5.823352574 48.65319062 0.60990733702407007 LUX 20
14.12173891 49.19844309 3.4684602593695137 AUT 21
22.68324626 36.02516805 4.3510644521450539 GRC 22
9.099893347 47.16894638 2.4331323209872111 CHE 23
