6.669140274 52.59820071 2.4509577044999773 NLD 0
16.13132136 44.74837687 2.849630885800353 HRV 1
25.23637507 46.07525335 5.8479959344238495 ROU 2
20.31303688 46.10733854 3.6529498838908854 HUN 3
24.40230284 42.68499909 3.9885308688392893 BGR 4
22.07317116 42.19511597 1.9204715912759185 MKD 5
13.47228053 41.20055156 6.5749245998202985 ITA 6
20.71494595 44.18237609 3.5607885497958192 SRB 7
1.595083593 46.24214305 8.8964128529519488 FRA 8
15.49281333 45.91523004 1.7043075228846432 SVN 9
8.51631729 50.04581535 7.1576050768503672 DEU 10
17.51145747 43.94223968 2.7101224697669384 BIH 11
-4.054308673 40.11932215 8.5201443336093003 ESP 12
19.80119123 40.48938415 2.0306439919330481 ALB 13
10.35183603 55.42895747 2.4862250953761547 DNK 14
4.195350895 50.3819399 2.092076179123104 BEL 15
16.22235057 50.9947371 3.3642088395303458 CZE 16
-7.6944647 40.59043743 3.6344868110110329 PRT 17
19.02220374 49.1710649 2.6525636223661051 SVK 18
19.71614182 51.74597678 6.6977641361364446 POL 19
5.792391241 50.35507227 0.60990733702407007 LUX 20
13.22478554 47.24809961 3.4684602593695137 AUT 21
21.53171259 38.74129094 4.3510644521450539 GRC 22
7.492973175 45.82860994 2.4331323209872111 CHE 23
