-76.50097736 -1.751044534 5.4112177593872115 ECU 0
-56.73805617 3.721791099 4.162585745945858 SUR 1
-52.8873603 -9.045912374 30.011777918051362 BRA 2
-63.82647733 -34.23745807 17.148789956564176 ARG 3
-81.99430968 11.69462331 3.7134148315639344 NIC 4
-89.38909129 14.6969979 1.5585495969623204 BLZ 5
-65.88229364 -15.63419692 10.779432063945654 BOL 6
-86.68405287 15.66014593 3.4493794041639858 HND 7
-59.53777849 -23.42920054 6.5591052689396285 PRY 8
-96.51093541 58.35398842 32.497256445753457 CAN 9
-57.02046849 -32.66963266 4.3758251458373021 URY 10
-89.44817174 13.22834403 1.4918012341502951 SLV 11
-103.5926022 20.54491877 14.414250154933546 MEX 12
-83.207191 9.285195192 2.3248214720880873 CRI 13
-78.88138248 9.884247883 2.8243214135934158 PAN 14
-91.64905823 12.54433083 3.3936874521203024 GTM 15
-65.36610782 10.70186426 9.8453937208227593 VEN 16
-71.91817218 -30.24506953 8.9427291487690415 CHL 17
-76.8470183 -10.20386929 11.659176208262862 PER 18
-97.62780697 36.6327484 31.485464686567518 USA 19
-72.9238709 4.287926197 10.989172304478625 COL 20
-53.2729086 4.478264694 2.9724289122313401 GUF 21
-59.78383188 4.936602191 4.7683463885384132 GUY 22
