22.24274477 56.27607426 2.8472294011907016 HRV 0
60.58855466 46.52662127 8.0054316712052405 UZB 1
31.57790367 53.83985255 3.9853061485392791 BGR 2
-24.37434178 35.88063964 6.172732530375888 ESH 3
3.675096715 -5.586885804 2.0045184093764634 GNQ 4
28.25231134 56.62100096 3.5576778804376921 SRB 5
-11.28707276 10.97433203 6.2530519451860123 BFA 6
-7.388761853 3.799101682 2.8520289197125539 TGO 7
54.67485993 40.68304426 8.3616343513761962 TKM 8
35.477692 77.38067838 3.0409914656330357 LVA 9
16.65733071 68.06245648 7.1522109476332441 DEU 10
98.72353207 4.474305872 8.5732662069269931 THA 11
50.39021034 47.1496694 3.5220502624185133 AZE 12
103.9380066 35.58287996 37.28880334101504 CHN 13
4.142498322 -12.93761086 6.1920563672557192 GAB 14
75.7935556 27.58910695 11.239561829586954 PAK 15
32.8758106 -14.25020093 1.9423517037391398 RWA 16
37.52605907 39.97123992 5.150317841624239 SYR 17
27.00064468 -29.52438861 10.382989059180376 ZMB 18
18.34459331 73.56365999 2.4845366596938532 DNK 19
83.92287839 26.39554283 4.5915836591552281 NPL 20
10.97812398 37.62226261 4.8410746480764368 TUN 21
88.32580571 18.50272593 4.5976468244037116 BGD 22
73.33734483 44.82114151 5.3517836791248348 KGZ 23
29.26776731 24.70418658 11.983070675058393 EGY 24
-1.28683811 33.8695433 18.470730908801858 DZA 25
-1.738692979 17.2966546 13.471782951710756 NER 26
66.396826 33.03746966 9.6657866016220915 AFG 27
53.60590788 4.143321681 8.6964209793056693 YEM 28
-14.61650246 44.96779208 3.6319726449751468 PRT 29
22.2421036 -14.61263168 18.327156525339245 COD 30
43.98142837 30.52806365 1.5975845205542965 KWT 31
-8.656564508 40.16220209 0.030747426481045892 GIB 32
105.7418898 3.605509061 5.092346903255291 KHM 33
122.5810193 -4.895935116 16.51715195137955 IDN 34
70.16362407 40.74046382 4.5274789394229229 TJK 35
-22.36703675 5.708571086 3.2056557678513338 SLE 36
36.45995443 47.98344186 10.594330579307057 TUR 37
36.22023409 72.94549897 5.4531870525228845 BLR 38
26.19802501 60.86789467 3.65042446150379 HUN 39
28.65423336 52.63060764 1.9191747896996547 MKD 40
115.3262115 0.8433860884 0.90872387774234764 BRN 41
21.92477612 -45.82769713 13.225168345887766 ZAF 42
10.99340253 11.56129697 13.561862266187914 TCD 43
14.91766515 57.86473671 0.093598856365455577 SMR 44
6.762491326 55.54585645 8.8896831256731588 FRA 45
41.35868798 -39.14213083 10.7155112140595 MOZ 46
44.40525774 -5.807154061 12.577095646740775 ETH 47
43.95925441 2.95322017 4.1043150151725811 ERI 48
2.083094134 47.70886368 0.25896075716352485 AND 49
25.07643836 56.37191125 2.708381146372238 BIH 50
8.946619025 -23.95158823 13.36342488205411 AGO 51
51.01518583 85.59503683 6.9625327790421014 FIN 52
26.34138623 9.983270258 16.436731774681608 SDN 53
86.98698103 23.24801339 2.3451372121897363 BTN 54
93.95706572 13.47425948 9.8445461997354649 MMR 55
109.1176407 62.04748858 14.968229127708712 MNG 56
123.5305495 43.62091386 3.7887184690733942 KOR 57
18.32512068 -0.7744537362 9.4465949093335446 CAF 58
33.18064039 34.66560389 1.7248730759674589 ISR 59
114.5281694 16.48370397 0.068753335744795765 MAC 60
108.9856321 8.87193526 6.8879496952938899 VNM 61
-13.9559346 38.73719107 7.9978227147668894 MAR 62
32.94889494 36.8418487 1.2236033564122524 LBN 63
43.19986129 14.95322234 17.547882513053192 SAU 64
52.66080732 28.77326808 15.36530254362002 IRN 65
48.86648572 1.319944684 1.8229706362560438 DJI 66
32.8709222 75.69604931 3.0583927929865764 LTU 67
84.02584133 86.75088825 49.489439398748566 RUS 68
31.70899888 -37.6253996 7.4815255789170862 ZWE 69
-27.23757432 26.08117409 12.150745987999125 MRT 70
17.94323984 -35.01975083 9.1305775933510933 BWA 71
53.21463501 18.42652626 1.2882645774187642 QAT 72
-27.69466193 12.76700984 1.2373817811786163 GMB 73
77.80998975 9.960985401 21.700793591634529 IND 74
9.145915321 -1.161202485 8.2525008183510522 CMR 75
16.9784115 48.40188616 0.0079389513799885108 VAT 76
-20.97516151 0.6882089653 3.994097406403275 LBR 77
-11.35815844 1.57491432 5.8453545315380921 GHA 78
31.05789175 60.50689456 5.8436183073324051 ROU 79
38.0323686 65.59228511 9.2976984262136835 UKR 80
32.4249623 -17.45572498 1.9967528058488695 BDI 81
45.06980362 -16.83796332 9.1177603708594344 KEN 82
-20.53947211 10.58699995 5.9344179320854185 GIN 83
39.70169684 -31.36254034 4.1197115049891391 MWI 84
22.18232609 58.87542217 1.704102894725499 SVN 85
30.85155306 -42.67672601 2.0852256917452676 LSO 86
-17.17104507 4.871813405 6.7963637427494517 CIV 87
58.03481033 -4.09807557 9.5571917972702831 SOM 88
33.47429928 -3.338106005 9.4220035545740863 SSD 89
129.2966212 -11.32933148 1.4596664041527554 TLS 90
17.38529475 62.90273893 0.15146553879028399 LIE 91
9.765387825 63.92682002 2.09115656431482 BEL 92
10.0988544 -9.663013454 6.9992246528326314 COG 93
36.53984354 -23.49172736 11.635169077435553 TZA 94
22.65777982 67.21037937 3.3610842468299347 CZE 95
111.1454006 -0.9989847722 6.883693481141961 MYS 96
26.13927022 65.94915112 2.650325907071124 SVK 97
36.33371728 -12.12178335 5.8822058267932684 UGA 98
120.0133564 49.70129928 4.1552656572518192 PRK 99
12.15076579 62.77831366 0.60861266775694767 LUX 100
-7.14395864 7.365745331 4.0165053022034884 BEN 101
28.19859653 47.47848969 4.3481760640893015 GRC 102
15.09064414 61.99998754 2.43179553933299 CHE 103
-25.08611532 14.93698052 5.3083927670561941 SEN 104
34.84559227 32.44822455 3.5773764125761844 JOR 105
11.1413195 67.98633805 2.4484168820894485 NLD 106
61.50781127 15.90007298 6.6583573934464608 OMN 107
17.6471584 54.41155667 6.5699559486240631 ITA 108
103.6180719 12.7398926 5.824085290769399 LAO 109
47.92996369 45.5345705 2.0640968241427786 ARM 110
12.29383934 48.68053783 0.017752034955720072 MCO 111
56.55132496 17.61422412 3.4605086783052688 ARE 112
34.19592479 35.89976051 0.94390092237447276 PSE 113
43.86827674 88.30105696 8.0312921480199488 SWE 114
35.2060687 60.17537634 2.201867843216343 MDA 115
-6.600026789 48.31420183 8.5135102561054357 ESP 116
0.2451777181 4.366004961 11.503189893542348 NGA 117
26.63097717 52.09829685 2.0292680307852486 ALB 118
35.68356358 -43.60967499 1.5771162024028067 SWZ 119
47.37432711 50.34978026 3.1597525166269662 GEO 120
15.1742762 27.51577899 15.875828573449844 LBY 121
146.9563711 -7.894132293 8.1423961405829388 PNG 122
29.77797205 71.02542208 6.6924653817175637 POL 123
20.59959625 62.99354509 3.4661138055780274 AUT 124
116.1376076 17.11604911 0.39766143272346399 HKG 125
39.09198132 79.871474 2.5452852614553239 EST 126
37.20394538 84.27854208 6.8104635786822483 NOR 127
24.90044003 53.86718354 1.4065841448320362 MNE 128
42.59285753 35.59148709 7.9237535886626116 IRQ 129
-24.93156993 10.20744336 2.2747831914124852 GNB 130
-15.0166442 21.34314733 13.328499276941853 MLI 131
60.16677959 60.80289524 19.756595329911754 KAZ 132
