37.38581263 62.56631378 4.5526776267791265 HRV 0
103.3526633 39.84894363 12.800566630480661 UZB 1
52.26395413 55.66286036 6.3724454835751505 BGR 2
-47.4955314 49.13307392 9.8701078583206741 ESH 3
-15.96272163 -29.90674001 3.2051952368216887 GNQ 4
46.68314566 59.20104671 5.6886742187974573 SRB 5
-31.32246229 5.136235105 9.9985374125564945 BFA 6
-23.09890526 -6.550474451 4.5603519857839236 TGO 7
89.2880279 42.5905732 13.370129438428238 TKM 8
62.29087707 89.9568578 4.8625002969637778 LVA 9
31.20133381 87.3164175 11.436279335159089 DEU 10
141.8595905 -13.50840711 13.708525639829128 THA 11
80.92135248 50.73531101 5.6317061854582686 AZE 12
155.2830559 42.04236124 59.624244055997465 CHN 13
-15.91047971 -37.39417901 9.901006387181587 GAB 14
115.9378073 8.547819296 17.971892835527065 PAK 15
36.07319914 -38.93323512 3.1057915955951527 RWA 16
60.63511099 31.42311927 8.2352819195243896 SYR 17
24.37801375 -64.98146487 16.602245666982306 ZMB 18
26.38211636 101.5396449 3.9727373069308731 DNK 19
124.6626409 19.83683794 7.3418742401924684 NPL 20
6.393971102 54.53195738 7.7408066349161162 TUN 21
131.5910909 -1.634174955 7.3515691515904384 BGD 22
118.4041164 48.05753491 8.5574228086869208 KGZ 23
41.34643121 22.27326364 19.16075246330227 EGY 24
-9.468243071 41.68013788 29.534425053208992 DZA 25
-13.17350417 13.98391571 21.541181336294471 NER 26
108.8994745 25.43640353 15.455449563713943 AFG 27
72.70034029 -13.88251875 13.905448296150741 YEM 28
-29.77998451 64.26736116 5.8074704465109814 PRT 29
17.57416311 -40.79105577 29.304851741309538 COD 30
72.88769432 26.18205813 2.5545139778953314 KWT 31
-21.91219922 62.55950614 0.049164679376643552 GIB 32
154.0768443 -13.55065189 8.1425872479937649 KHM 33
157.0038485 -43.1639725 26.410681245322071 IDN 34
114.3279315 40.43589766 7.2393717431424731 TJK 35
-49.74156797 -1.938557187 5.1257960764766386 SLE 36
59.49768757 45.15326133 16.940177626341764 TUR 37
62.27005631 82.52445545 8.7195653003162121 BLR 38
45.51857633 67.39532894 5.8369746277505596 HUN 39
47.43534526 53.16612983 3.0687320534447307 MKD 40
147.2536478 -19.96973566 1.453036016482347 BRN 41
17.68751981 -93.15531827 21.146848235527195 ZAF 42
8.944839262 5.607352024 21.685216825491182 TCD 43
22.75364748 71.48068531 0.14966318452911395 SMR 44
10.60151932 80.15764354 14.214471604740707 FRA 45
48.55925644 -77.35096175 17.133943665848665 MOZ 46
54.83405683 -25.60481774 20.110589591703491 ETH 47
60.09751734 -11.99215429 6.5627388980373613 ERI 48
1.380642502 69.0690132 0.41407441383512078 AND 49
42.30105 62.5327213 4.3306613245573979 BIH 50
-7.093856029 -55.38260261 21.367918388391331 AGO 51
81.33044813 99.98836416 11.132986753931805 FIN 52
34.06602548 -1.974414955 26.282090574320566 SDN 53
132.996112 10.85370019 3.749839655771483 BTN 54
143.6026392 2.50635717 15.74128351252131 MMR 55
180.8863451 79.94063772 23.933976599751627 MNG 56
189.6144563 52.74001079 6.0581046968333183 KOR 57
8.33839396 -14.81684489 15.104965295379047 CAF 58
51.04886701 29.32272649 2.7580464920412568 ISR 59
154.8357127 8.444035741 0.10993556517815699 MAC 60
162.4090766 -7.192052043 11.013729508072137 VNM 61
-29.31547378 53.65891104 12.788400021873175 MAR 62
51.14626011 32.31030333 1.9565236374913348 LBN 63
62.52946194 6.822454563 28.058804141709228 SAU 64
87.38546494 21.37315622 24.568891108590357 IRN 65
63.77361659 -16.11690252 2.9149030374888021 DJI 66
56.54015978 89.00793575 4.8903247615768484 LTU 67
134.9590364 115.4598198 79.132880342658851 RUS 68
30.32933262 -79.43599255 11.962848551320587 ZWE 69
-56.53937527 28.37070023 19.428862804347926 MRT 70
9.221857891 -74.30941714 14.599658289365967 BWA 71
78.81246105 2.751825353 2.0599159718334348 QAT 72
-63.37403765 12.97903105 1.9785551345459282 GMB 73
116.2378092 -20.25038265 34.699247425117875 IND 74
-6.571988313 -24.60990292 13.195626536088458 CMR 75
22.34529363 58.82347531 0.012694265629824517 VAT 76
-47.03423452 -8.682434403 6.3865025746447772 LBR 77
-30.71361373 -6.939913591 9.3466352887464552 GHA 78
53.20559911 64.23871172 9.343859091966177 ROU 79
65.18210557 69.95479177 14.866882024982077 UKR 80
35.19793289 -43.1292289 3.19277815183945 BDI 81
57.27602896 -44.43818419 14.579163740507054 KEN 82
-48.99976103 6.87462506 9.4890463466215635 GIN 83
39.7083509 -67.85647611 6.5873576571332961 MWI 84
37.83453519 68.10364341 2.7248352799749322 SVN 85
37.05938184 -84.60218719 3.3342449855370329 LSO 86
-40.52633181 -1.842757422 10.867284926928818 CIV 87
76.11869174 -29.4777565 15.281808080540799 SOM 88
35.61519803 -24.53946642 15.065644083474325 SSD 89
172.7114724 -42.43003172 2.333984953220948 TLS 90
30.90127273 74.10661023 0.24219115234978761 LIE 91
16.93010365 89.23150449 3.3437283629014938 BEL 92
-4.378238439 -37.76884176 11.191656516480931 COG 93
42.00069138 -54.26707186 18.604462963356873 TZA 94
40.24844055 78.64190578 5.3743239114709889 CZE 95
144.7595914 -26.72386219 11.006923884705028 MYS 96
46.30447443 72.86985896 4.23783185708528 SVK 97
42.50304641 -36.03974718 9.4055599638554988 UGA 98
185.0347833 62.7892401 6.6442082198163428 PRK 99
19.28852906 89.04500121 0.97316263828712479 LUX 100
-22.82358828 -0.5463111113 6.4223324680246954 BEN 101
45.48072873 47.70167062 6.9526691021093443 GRC 102
27.12744568 73.16740513 3.8884050369080385 CHE 103
-57.36410857 12.14914316 8.4880413831868076 SEN 104
55.39660313 25.87031359 5.7201718798253314 JOR 105
17.99282761 93.33702936 3.914982317706948 NLD 106
83.31169027 -2.678199008 10.64661481915231 OMN 107
29.30071064 64.29534399 10.505262218673552 ITA 108
157.3113602 2.735950791 9.3126260878911555 LAO 109
77.22414165 47.25035178 3.3004602392946678 ARM 110
15.89771186 73.12708315 0.028385240872726803 MCO 111
81.47134574 5.980955878 5.5333021042866761 ARE 112
53.03509654 31.36793354 1.5092835896515178 PSE 113
69.64717394 106.0512513 12.841917149747891 SWE 114
59.82398234 61.41432824 3.5207540575210716 MDA 115
-12.31108788 71.24801466 13.612976759834263 ESP 116
-10.26401407 -7.716465599 18.393430203769647 NGA 117
43.59027833 53.880726 3.2447695147537408 ALB 118
40.15451117 -85.77968835 2.521785440438141 SWZ 119
76.38278102 55.47385182 5.0523974578903728 GEO 120
19.43339098 32.93448499 25.385214666124078 LBY 121
176.3772234 -30.75632204 13.019570787693549 PNG 122
51.64133467 81.91785008 10.701152987039785 POL 123
36.52638644 72.82693715 5.5422646197479413 AUT 124
156.6447105 8.483021489 0.63585473900906408 HKG 125
68.68469156 95.34334183 4.0698734210711329 EST 126
59.38742059 98.11264749 10.889830355676377 NOR 127
42.11982548 58.5714606 2.2491072070557596 MNE 128
71.66723427 34.43669833 12.669964586671146 IRQ 129
-56.89181912 5.454658638 3.6373446189428389 GNB 130
-35.09580785 22.30139815 21.312072863289 MLI 131
101.1086867 65.22780848 31.590503210666249 KAZ 132
