59.0210967 92.09994009 5.4112177593872115 ECU 0
103.4675852 122.8193942 4.162585745945858 SUR 1
118.3664868 91.88784281 30.011777918051362 BRA 2
94.25701272 37.37529171 17.148789956564176 ARG 3
40.9018721 112.4467361 3.7134148315639344 NIC 4
26.30116349 119.3007032 1.5585495969623204 BLZ 5
87.44447456 65.27913445 10.779432063945654 BOL 6
33.11780425 116.9073789 3.4493794041639858 HND 7
107.6958337 56.90791509 6.5591052689396285 PRY 8
-17.61600802 226.0049591 32.497256445753457 CAN 9
115.1423401 48.67329816 4.3758251458373021 URY 10
29.08367033 112.1449527 1.4918012341502951 SLV 11
6.135087987 119.4506053 14.414250154933546 MEX 12
44.92883593 107.9328796 2.3248214720880873 CRI 13
51.3487975 108.9723118 2.8243214135934158 PAN 14
24.79091595 114.5811562 3.3936874521203024 GTM 15
80.03450462 123.7589627 9.8453937208227593 VEN 16
72.6343799 51.97814356 8.9427291487690415 CHL 17
68.67751486 77.71047523 11.659176208262862 PER 18
2.258915149 165.1868884 31.485464686567518 USA 19
68.60906921 106.3325401 10.989172304478625 COL 20
110.4784927 124.1832958 2.9724289122313401 GUF 21
94.56076949 122.1435315 4.7683463885384132 GUY 22
