15.35505152 44.2213047 4.5526776267791265 HRV 0
63.30142106 40.86065976 12.800566630480661 UZB 1
26.27088074 41.8437846 6.3724454835751505 BGR 2
-12.42871123 28.47416225 9.8701078583206741 ESH 3
10.4227803 2.554451376 3.2051952368216887 GNQ 4
21.46780082 42.8607919 5.6886742187974573 SRB 5
-1.448453255 12.78173666 9.9985374125564945 BFA 6
0.6034320862 7.229008806 4.5603519857839236 TGO 7
57.26930374 40.58779723 13.370129438428238 TKM 8
25.72844607 56.69431052 4.8625002969637778 LVA 9
7.917264247 50.34550442 11.436279335159089 DEU 10
98.00977027 13.42948136 13.708525639829128 THA 11
47.35799832 39.55764113 5.6317061854582686 AZE 12
107.9399411 33.39400432 59.624244055997465 CHN 13
11.37111696 -0.2834914594 9.901006387181587 GAB 14
70.46955103 29.77238678 17.971892835527065 PAK 15
32.55483045 -2.439986859 3.1057915955951527 RWA 16
39.16886704 33.50229549 8.2352819195243896 SYR 17
30.01118307 -13.51775335 16.602245666982306 ZMB 18
10.60203349 56.48787954 3.9727373069308731 DNK 19
82.35326496 27.23261169 7.3418742401924684 NPL 20
7.862081692 36.29988883 7.7408066349161162 TUN 21
91.1833182 21.0386856 7.3515691515904384 BGD 22
75.86761922 41.68554374 8.5574228086869208 KGZ 23
29.41704292 27.44513935 19.16075246330227 EGY 24
3.18531283 29.25925356 29.534425053208992 DZA 25
9.477724873 19.05186438 21.541181336294471 NER 26
62.5535718 32.40558056 15.455449563713943 AFG 27
46.37511237 13.26518127 13.905448296150741 YEM 28
-10.38368738 39.29135545 5.8074704465109814 PRT 29
25.2724356 -1.295868968 29.304851741309538 COD 30
47.38669408 29.56584195 2.5545139778953314 KWT 31
-8.506721326 34.04255898 0.049164679376643552 GIB 32
104.9564293 8.821826247 8.1425872479937649 KHM 33
119.6721603 -4.260662288 26.410681245322071 IDN 34
71.06496151 39.20090948 7.2393717431424731 TJK 35
-14.52369213 6.722896624 5.1257960764766386 SLE 36
32.69088553 39.29507575 16.940177626341764 TUR 37
28.88816179 52.61678473 8.7195653003162121 BLR 38
20.53991604 45.7665956 5.8369746277505596 HUN 39
22.76195458 40.83966253 3.0687320534447307 MKD 40
115.1556237 2.739217578 1.453036016482347 BRN 41
22.19698078 -28.93012617 21.146848235527195 ZAF 42
18.89593221 16.01437007 21.685216825491182 TCD 43
9.383529042 47.01862009 0.14966318452911395 SMR 44
0.6459483832 45.39199729 14.214471604740707 FRA 45
36.67996477 -17.24205572 17.133943665848665 MOZ 46
38.36630197 8.760033476 20.110589591703491 ETH 47
38.75443001 16.89792221 6.5627388980373613 ERI 48
0.7997546663 42.08652803 0.41407441383512078 AND 49
18.67997295 43.08665502 4.3306613245573979 BIH 50
19.19789248 -13.17305276 21.367918388391331 AGO 51
27.82384405 66.16257447 11.132986753931805 FIN 52
29.69060593 17.15198602 26.282090574320566 SDN 53
88.05085425 27.18507129 3.749839655771483 BTN 54
96.65509639 20.57715992 15.74128351252131 MMR 55
108.8955145 52.28755628 23.933976599751627 MNG 56
128.031611 36.34344101 6.0581046968333183 KOR 57
21.44220414 7.997227514 15.104965295379047 CAF 58
35.27471007 30.82381749 2.7580464920412568 ISR 59
113.9237258 19.3536493 0.10993556517815699 MAC 60
107.8909433 14.48567139 11.013729508072137 VNM 61
-6.299201436 32.12157934 12.788400021873175 MAR 62
35.83996482 31.87754457 1.9565236374913348 LBN 63
44.94601557 23.04525623 28.058804141709228 SAU 64
52.85053133 32.4675162 24.568891108590357 IRN 65
42.06977694 12.67229924 2.9149030374888021 DJI 66
23.73395096 55.00519165 4.8903247615768484 LTU 67
96.27191926 71.92525074 79.132880342658851 RUS 68
30.55584261 -19.98900614 11.962848551320587 ZWE 69
-12.47453497 20.96660815 19.428862804347926 MRT 70
23.18127654 -20.71236102 14.599658289365967 BWA 71
52.36621331 24.21494264 2.0599159718334348 QAT 72
-20.55570765 13.42993265 1.9785551345459282 GMB 73
77.7905746 18.6627834 34.699247425117875 IND 74
12.92892607 5.649922958 13.195626536088458 CMR 75
11.57632352 39.90913872 0.012694265629824517 VAT 76
-11.74813575 4.99651832 6.3865025746447772 LBR 77
-2.540315802 6.808171443 9.3466352887464552 GHA 78
25.59361073 45.60675284 9.343859091966177 ROU 79
35.23642396 48.27117915 14.866882024982077 UKR 80
32.17854127 -4.09297756 3.19277815183945 BDI 81
40.3092667 0.4309288281 14.579163740507054 KEN 82
-11.90612114 11.01334911 9.4890463466215635 GIN 83
35.04453946 -11.74219669 6.5873576571332961 MWI 84
14.20473467 45.87974739 2.7248352799749322 SVN 85
27.47836987 -30.74187699 3.3342449855370329 LSO 86
-7.183460967 6.827587247 10.867284926928818 CIV 87
50.76364135 8.235698141 15.281808080540799 SOM 88
30.37630527 7.359608997 15.065644083474325 SSD 89
128.1378604 -7.968918452 2.333984953220948 TLS 90
8.628489077 46.66609606 0.24219115234978761 LIE 91
1.455445954 50.15112981 3.3437283629014938 BEL 92
16.13271275 -0.5788898743 11.191656516480931 COG 93
36.66590441 -6.159927948 18.604462963356873 TZA 94
14.33020012 49.50570133 5.3743239114709889 CZE 95
112.1082728 0.4963914937 11.006923884705028 MYS 96
19.32221684 47.91555648 4.23783185708528 SVK 97
33.82719485 0.5851848174 9.4055599638554988 UGA 98
127.9869977 43.10018505 6.6442082198163428 PRK 99
4.758538704 48.13946931 0.97316263828712479 LUX 100
1.830795209 9.43889523 6.4223324680246954 BEN 101
23.31766031 37.50289482 6.9526691021093443 GRC 102
7.487161382 46.62268564 3.8884050369080385 CHE 103
-15.26579119 14.85434391 8.4880413831868076 SEN 104
38.15898669 30.03643333 5.7201718798253314 JOR 105
3.942309762 51.60790221 3.914982317706948 NLD 106
58.73028305 18.14061603 10.64661481915231 OMN 107
12.24102337 42.63167596 10.505262218673552 ITA 108
104.9858328 18.07727475 9.3126260878911555 LAO 109
44.44587199 38.23328902 3.3004602392946678 ARM 110
8.168629011 42.5590484 0.028385240872726803 MCO 111
54.9232282 24.19070227 5.5333021042866761 ARE 112
36.49875029 32.71101038 1.5092835896515178 PSE 113
13.95093553 63.50088497 12.841917149747891 SWE 114
28.58985649 45.78257383 3.5207540575210716 MDA 115
-5.333697071 40.45241876 13.612976759834263 ESP 116
7.412561654 10.23432541 18.393430203769647 NGA 117
21.04889464 39.64772502 3.2447695147537408 ALB 118
32.22824636 -27.21997375 2.521785440438141 SWZ 119
42.66314353 41.84067157 5.0523974578903728 GEO 120
16.20076094 28.4713968 25.385214666124078 LBY 121
150.4584799 -5.422476837 13.019570787693549 PNG 122
20.60922031 52.38958993 10.701152987039785 POL 123
12.3094589 47.61531273 5.5422646197479413 AUT 124
115.6752653 21.43370419 0.63585473900906408 HKG 125
28.92840586 60.55143617 4.0698734210711329 EST 126
7.108815039 62.08930221 10.889830355676377 NOR 127
19.95892037 41.1701114 2.2491072070557596 MNE 128
43.9226861 32.2021866 12.669964586671146 IRQ 129
-16.66991581 11.2362865 3.6373446189428389 GNB 130
-3.224054557 19.67077018 21.312072863289 MLI 131
66.69074559 52.20897937 31.590503210666249 KAZ 132
