36.915997 61.74645179 4.5526776267791265 HRV 0
103.3370421 38.95134286 12.800566630480661 UZB 1
52.17343161 55.42513459 6.3724454835751505 BGR 2
-48.29870774 49.52290672 9.8701078583206741 ESH 3
-16.01579994 -29.87337853 3.2051952368216887 GNQ 4
46.3995345 58.86803999 5.6886742187974573 SRB 5
-31.17468818 5.180831712 9.9985374125564945 BFA 6
-22.99116396 -6.572739983 4.5603519857839236 TGO 7
89.28896223 42.7972313 13.370129438428238 TKM 8
64.00040318 90.27310424 4.8625002969637778 LVA 9
31.20133381 87.3164175 11.436279335159089 DEU 10
141.6791768 -13.76472316 13.708525639829128 THA 11
81.14392862 50.52078935 5.6317061854582686 AZE 12
155.7979195 42.74073623 59.624244055997465 CHN 13
-17.03721932 -37.25405076 9.901006387181587 GAB 14
116.9598031 7.46938124 17.971892835527065 PAK 15
36.08254686 -39.13663233 3.1057915955951527 RWA 16
60.32057845 30.80826075 8.2352819195243896 SYR 17
23.82581324 -65.38247815 16.602245666982306 ZMB 18
26.38211636 101.5396449 3.9727373069308731 DNK 19
124.8030485 19.16304692 7.3418742401924684 NPL 20
6.785727132 54.73154222 7.7408066349161162 TUN 21
131.1333633 -1.662866359 7.3515691515904384 BGD 22
118.2379738 48.56833363 8.5574228086869208 KGZ 23
41.17085913 22.25090969 19.16075246330227 EGY 24
-10.50298136 42.46860255 29.534425053208992 DZA 25
-14.16350074 14.22109069 21.541181336294471 NER 26
110.5215708 24.9531853 15.455449563713943 AFG 27
73.21939037 -13.94588472 13.905448296150741 YEM 28
-29.77998451 64.26736116 5.8074704465109814 PRT 29
17.13638194 -40.63037803 29.304851741309538 COD 30
73.16159124 25.17301548 2.5545139778953314 KWT 31
-21.91219922 62.55950614 0.049164679376643552 GIB 32
153.9521907 -13.59528394 8.1425872479937649 KHM 33
156.8784723 -44.09812782 26.410681245322071 IDN 34
114.5812016 40.53804914 7.2393717431424731 TJK 35
-49.74156797 -1.938557187 5.1257960764766386 SLE 36
59.66032696 44.82048182 16.940177626341764 TUR 37
63.94734646 82.69911602 8.7195653003162121 BLR 38
44.93455673 67.07530204 5.8369746277505596 HUN 39
47.36304959 53.12061116 3.0687320534447307 MKD 40
147.3074731 -20.08188601 1.453036016482347 BRN 41
17.90675094 -93.9477352 21.146848235527195 ZAF 42
8.295052194 5.504083066 21.685216825491182 TCD 43
22.75364748 71.48068531 0.14966318452911395 SMR 44
10.60151932 80.15764354 14.214471604740707 FRA 45
48.80392987 -77.69637251 17.133943665848665 MOZ 46
56.06593528 -26.37360941 20.110589591703491 ETH 47
60.17038761 -12.08827037 6.5627388980373613 ERI 48
1.349562921 69.07282595 0.41407441383512078 AND 49
41.9511106 62.26391539 4.3306613245573979 BIH 50
-7.636225997 -56.54827251 21.367918388391331 AGO 51
77.42754016 95.58182004 11.132986753931805 FIN 52
33.94229269 -2.058971332 26.282090574320566 SDN 53
132.996112 10.85370019 3.749839655771483 BTN 54
143.3415267 2.62126592 15.74128351252131 MMR 55
181.4060061 81.6735549 23.933976599751627 MNG 56
190.9827963 53.06200619 6.0581046968333183 KOR 57
7.904855189 -15.83843905 15.104965295379047 CAF 58
51.19596183 29.26185713 2.7580464920412568 ISR 59
154.8357127 8.444035741 0.10993556517815699 MAC 60
162.5942952 -7.322810188 11.013729508072137 VNM 61
-31.4057614 53.51188363 12.788400021873175 MAR 62
51.14626011 32.31030333 1.9565236374913348 LBN 63
62.79921034 7.053674307 28.058804141709228 SAU 64
88.47373095 21.3748072 24.568891108590357 IRN 65
63.91522351 -16.16710262 2.9149030374888021 DJI 66
56.66714682 84.83058987 4.8903247615768484 LTU 67
130.1009378 119.4014687 79.132880342658851 RUS 68
30.03869927 -80.04026338 11.962848551320587 ZWE 69
-57.89823662 30.18214604 19.428862804347926 MRT 70
8.940837905 -74.42144747 14.599658289365967 BWA 71
79.03701631 2.558072591 2.0599159718334348 QAT 72
-63.37403765 12.97903105 1.9785551345459282 GMB 73
115.2695373 -21.75158318 34.699247425117875 IND 74
-6.970605593 -25.03979167 13.195626536088458 CMR 75
22.34529363 58.82347531 0.012694265629824517 VAT 76
-47.11625223 -8.713261092 6.3865025746447772 LBR 77
-30.7280138 -7.072009365 9.3466352887464552 GHA 78
52.89179076 64.14586932 9.343859091966177 ROU 79
65.31617509 69.63594607 14.866882024982077 UKR 80
35.30443359 -43.13581664 3.19277815183945 BDI 81
57.37959779 -45.6468852 14.579163740507054 KEN 82
-48.98208565 6.835262069 9.4890463466215635 GIN 83
39.53841645 -68.26242184 6.5873576571332961 MWI 84
37.75260546 68.43626766 2.7248352799749322 SVN 85
37.11700518 -84.80037919 3.3342449855370329 LSO 86
-40.60376945 -1.635981396 10.867284926928818 CIV 87
75.70641736 -30.02648389 15.281808080540799 SOM 88
36.31196232 -24.99492742 15.065644083474325 SSD 89
172.8231118 -42.53718972 2.333984953220948 TLS 90
31.03154994 74.0932838 0.24219115234978761 LIE 91
16.88898403 89.2636423 3.3437283629014938 BEL 92
-5.332805433 -38.54885098 11.191656516480931 COG 93
40.99220334 -54.30487112 18.604462963356873 TZA 94
40.24844055 78.64190578 5.3743239114709889 CZE 95
144.5517943 -27.27104286 11.006923884705028 MYS 96
46.43093122 72.48473478 4.23783185708528 SVK 97
43.04386579 -36.95476235 9.4055599638554988 UGA 98
186.3934935 63.4422172 6.6442082198163428 PRK 99
19.28528205 89.045315 0.97316263828712479 LUX 100
-22.78573352 -0.4487923118 6.4223324680246954 BEN 101
45.48072873 47.70167062 6.9526691021093443 GRC 102
27.28502721 73.14753476 3.8884050369080385 CHE 103
-57.47436905 12.19802154 8.4880413831868076 SEN 104
55.73780149 24.51293522 5.7201718798253314 JOR 105
17.99282761 93.33702936 3.914982317706948 NLD 106
83.46283486 -2.972400405 10.64661481915231 OMN 107
28.84729291 64.34381946 10.505262218673552 ITA 108
157.4402844 2.788821487 9.3126260878911555 LAO 109
77.47050219 46.78717991 3.3004602392946678 ARM 110
15.89771186 73.12708315 0.028385240872726803 MCO 111
81.60248899 5.92928049 5.5333021042866761 ARE 112
53.06816427 31.22131095 1.5092835896515178 PSE 113
65.70805786 102.114076 12.841917149747891 SWE 114
59.45929444 61.09836502 3.5207540575210716 MDA 115
-12.39365403 71.81943563 13.612976759834263 ESP 116
-10.2357604 -7.729782269 18.393430203769647 NGA 117
43.59027833 53.880726 3.2447695147537408 ALB 118
40.17582586 -85.94322624 2.521785440438141 SWZ 119
76.43965892 55.07367016 5.0523974578903728 GEO 120
18.96593556 33.40231064 25.385214666124078 LBY 121
176.3772234 -30.75632204 13.019570787693549 PNG 122
49.2561276 80.30666198 10.701152987039785 POL 123
36.66598942 72.93604798 5.5422646197479413 AUT 124
156.6447105 8.483021489 0.63585473900906408 HKG 125
68.79563166 92.92553993 4.0698734210711329 EST 126
55.48645704 93.71061968 10.889830355676377 NOR 127
41.96170889 58.00387915 2.2491072070557596 MNE 128
71.73031182 33.57799069 12.669964586671146 IRQ 129
-56.89304183 5.464107347 3.6373446189428389 GNB 130
-36.84666435 21.72338616 21.312072863289 MLI 131
98.90128369 66.21064644 31.590503210666249 KAZ 132
