7.409918002 17.20655598 5.4112177593872115 ECU 0
54.63624012 44.97430298 4.162585745945858 SUR 1
68.771132 13.84135024 30.011777918051362 BRA 2
42.88937369 -40.16040472 17.148789956564176 ARG 3
-9.152356203 37.99173544 3.7134148315639344 NIC 4
-23.6306386 45.93619972 1.5585495969623204 BLZ 5
36.27431768 -10.81285632 10.779432063945654 BOL 6
-16.86591442 42.7650825 3.4493794041639858 HND 7
56.06578587 -20.45145306 6.5591052689396285 PRY 8
-34.62170881 173.533577 32.497256445753457 CAN 9
62.7185798 -29.40159353 4.3758251458373021 URY 10
-21.08046675 38.14562201 1.4918012341502951 SLV 11
-43.82710863 47.54490617 14.414250154933546 MEX 12
-4.449690265 32.35826713 2.3248214720880873 CRI 13
2.032859477 33.19668461 2.8243214135934158 PAN 14
-25.31985467 40.76133211 3.3936874521203024 GTM 15
31.18939013 47.06285641 9.8453937208227593 VEN 16
22.03967368 -24.46315439 8.9427291487690415 CHL 17
17.37161922 1.276740448 11.659176208262862 PER 18
-45.90924466 95.14516913 31.485464686567518 USA 19
19.27056012 29.97103059 10.989172304478625 COL 20
61.64756335 46.42944372 2.9724289122313401 GUF 21
45.6951759 45.22024767 4.7683463885384132 GUY 22
