81.05231875 38.26594985 1.6274742635229698 UZB 0
73.78217336 18.08698714 1.3538140231036011 OMN 1
89.85470661 23.15554332 1.1840187501600856 LAO 2
89.18634388 16.85880306 0.18566895452310958 BRN 3
71.66314975 33.63043627 0.42203115621259546 ARM 4
76.96545321 37.69954701 1.699995059741517 TKM 5
87.14229722 20.66124173 1.743377765354261 THA 6
90.61636396 33.24963638 7.5799033276272221 CHN 7
72.5872516 34.29293024 0.71508664975648273 AZE 8
73.51938538 20.1350937 0.70293131693153232 ARE 9
80.99740152 31.06197523 2.2853125698832177 PAK 10
68.16165472 29.18048647 0.18566895452310958 PSE 11
89.77589571 6.428419732 0.29356839353762415 TLS 12
69.0262019 30.14011356 1.0475634816625328 SYR 13
82.97277412 29.11007137 0.47939517918383051 BTN 14
86.92646917 24.4082993 2.0011519011797541 MMR 15
87.6930969 43.52916167 3.0423658459971032 MNG 16
97.31697903 27.87775012 0.76927616945970356 KOR 17
83.60694446 27.84373132 0.93451324427952775 NPL 18
68.76863139 28.30961282 0.72703878644595221 JOR 19
71.39546632 34.94429921 0.64317612524444223 GEO 20
83.77249821 38.59980426 1.0879207920603362 KGZ 21
89.92331886 24.34258769 0 MAC 22
92.19302125 22.05683408 1.3997189949970463 VNM 23
85.12061561 26.74510322 0.93451324427952775 BGD 24
67.642729 29.05886319 0.34735480759299403 ISR 25
79.48499556 35.03373638 1.9649355194140361 AFG 26
67.48964977 29.6395265 0.25139695284905833 LBN 27
70.44289805 23.16972545 3.5673895192482963 SAU 28
75.56329555 31.79207066 3.1234352675633259 IRN 29
70.10654625 16.69731841 1.7679220668388862 YEM 30
87.60613455 16.73208227 1.3997189949970463 MYS 31
98.29234519 29.6590178 0.84406231242519092 PRK 32
73.68754476 21.08577862 0.26257555359821499 QAT 33
90.25996726 24.35797344 0.075799033276272229 HKG 34
71.83394796 26.89465638 0.32158806262222112 KWT 35
80.58019824 23.43767993 4.4113474472440064 IND 36
89.90574831 20.36083328 1.0365361905550903 KHM 37
88.31535938 10.78600563 3.3574779433827091 IDN 38
82.69081163 36.31681884 0.91901443759375256 TJK 39
71.54492329 29.28818991 1.6115095523821987 IRQ 40
69.10430129 33.34125256 2.1532796405978627 TUR 41
80.62746834 43.89294911 4.0159183385432664 KAZ 42
