60.00020351 36.54730643 2.0557569644500666 UZB 0
53.67424182 12.15428765 1.710080871288759 OMN 1
77.59503173 16.87630293 1.4956026317811606 LAO 2
78.17643037 8.735355558 0.23452920571340155 BRN 3
47.40085762 31.7050017 0.53309198679485736 ARM 4
55.89686533 35.91347065 2.1473621807261263 TKM 5
74.67563706 13.29148305 2.2021613878159085 THA 6
75.16302673 29.6434028 9.5746147296343835 CHN 7
48.54967656 32.33532339 0.90326734706082012 AZE 8
52.7085727 15.22836042 0.88791324243983027 ARE 9
61.66963935 27.12914065 2.8867106145893273 PAK 10
43.83449154 25.81713486 0.23452920571340155 PSE 11
85.41449006 -1.843749679 0.37082323394226197 TLS 12
44.71406072 27.0322476 1.3232380821000413 SYR 13
67.46804496 23.87581052 0.60555180528483843 BTN 14
73.0640491 18.35769997 2.5277708225428466 MMR 15
73.79413816 46.64486618 3.8429884370489713 MNG 16
90.13505704 25.50720158 0.97171726668594127 KOR 17
67.71115523 22.16329168 1.1804377822478243 NPL 18
44.82637574 24.62282132 0.9183647828790974 JOR 19
46.90214406 33.42229526 0.81243300030876908 GEO 20
64.50512607 36.39663105 1.374215737339372 KGZ 21
83.17886383 20.03947848 0 MAC 22
80.12835772 15.06117654 1.7680660989436372 VNM 23
70.62802738 20.73766192 1.1804377822478243 BGD 24
43.45092524 25.17494429 0.43876396748588703 ISR 25
59.0485584 31.58441339 2.482023813996677 AFG 26
43.40943009 26.13959522 0.31755404570407358 LBN 27
48.19922872 18.31170576 4.5061762348399528 SAU 28
52.91042521 29.13141333 3.9453919169220955 IRN 29
49.1032569 10.26251291 2.2331647160070136 YEM 30
76.09576266 8.302328695 1.7680660989436372 MYS 31
89.23263551 27.7772815 1.0661839735897147 PRK 32
53.56076164 15.95058011 0.33167438349248202 QAT 33
85.91374547 22.1754015 0.095746147296343842 HKG 34
49.2490291 24.41708388 0.40621650015438454 KWT 35
63.0749258 16.76720268 5.5722283544134807 IND 36
78.0261767 13.13600458 1.3093088722801136 KHM 37
81.36169189 2.37988728 4.2410247705886848 IDN 38
62.54640359 34.98456796 1.1608603422236872 TJK 39
47.81739486 26.8862829 2.0355910135354089 IRQ 40
44.1285917 31.12788224 2.7199321775973 TUR 41
62.36439321 42.99563114 5.0727389539493881 KAZ 42
