7.545320117 57.95812307 2.4509577044999773 NLD 0
20.4976984 43.18873265 2.849630885800353 HRV 1
31.12622895 47.21810781 5.8479959344238495 ROU 2
23.42657398 46.17520629 3.6529498838908854 HUN 3
32.30233523 37.13591261 3.9885308688392893 BGR 4
28.15718079 36.20951387 1.9204715912759185 MKD 5
14.42586248 42.5914813 6.5749245998202985 ITA 6
26.20326466 39.65134914 3.5607885497958192 SRB 7
4.119552099 47.12471342 8.8964128529519488 FRA 8
20.04261373 45.801631 1.7043075228846432 SVN 9
12.7938944 55.5687396 7.1576050768503672 DEU 10
22.69488836 38.95249967 2.7101224697669384 BIH 11
-7.622436276 40.30809016 8.5201443336093003 ESP 12
26.1484076 34.31365822 2.0306439919330481 ALB 13
18.73179823 63.09169657 2.4862250953761547 DNK 14
5.216989698 54.57198636 2.092076179123104 BEL 15
20.01742433 53.65903816 3.3642088395303458 CZE 16
-18.43320212 35.63285868 3.6344868110110329 PRT 17
22.73821864 51.10529581 2.6525636223661051 SVK 18
26.01262891 57.11900314 6.6977641361364446 POL 19
7.144159507 53.09072658 0.60990733702407007 LUX 20
16.99796982 48.84553064 3.4684602593695137 AUT 21
30.41005155 31.53631733 4.3510644521450539 GRC 22
11.82623441 48.56805714 2.4331323209872111 CHE 23
