16.24021627 45.10679065 4.5526776267791265 HRV 0
64.70083219 40.89385583 12.800566630480661 UZB 1
24.33259494 43.28106072 6.3724454835751505 BGR 2
-11.05382596 26.01605453 9.8701078583206741 ESH 3
10.15777518 2.408539462 3.2051952368216887 GNQ 4
21.10141375 44.07415708 5.6886742187974573 SRB 5
-0.6743206387 12.6520444 9.9985374125564945 BFA 6
1.499562857 7.550063671 4.5603519857839236 TGO 7
59.70036405 40.80522576 13.370129438428238 TKM 8
25.21248301 57.30959663 4.8625002969637778 LVA 9
8.951567123 50.96754419 11.436279335159089 DEU 10
100.4333505 15.21917658 13.708525639829128 THA 11
46.58217027 40.84691839 5.6317061854582686 AZE 12
104.5640541 33.34804298 59.624244055997465 CHN 13
11.84650164 -0.9512767761 9.901006387181587 GAB 14
68.87629683 30.04489493 17.971892835527065 PAK 15
29.71326706 -2.365677331 3.1057915955951527 RWA 16
38.36759661 34.35440469 8.2352819195243896 SYR 17
30.33867888 -14.07409398 16.602245666982306 ZMB 18
9.642285737 55.72033224 3.9727373069308731 DNK 19
83.12717136 28.147692 7.3418742401924684 NPL 20
9.741143148 34.20765979 7.7408066349161162 TUN 21
91.80906087 23.3894592 7.3515691515904384 BGD 22
75.2668293 41.68134919 8.5574228086869208 KGZ 23
29.72976708 27.58968139 19.16075246330227 EGY 24
3.224263971 28.35065683 29.534425053208992 DZA 25
8.590450449 17.47111054 21.541181336294471 NER 26
63.70609282 33.31714439 15.455449563713943 AFG 27
47.19200856 14.56794042 13.905448296150741 YEM 28
-7.667797903 39.49020727 5.8074704465109814 PRT 29
24.37089534 0.003308177833 29.304851741309538 COD 30
47.48121574 28.72017412 2.5545139778953314 KWT 31
-5.104309464 35.43776507 0.049164679376643552 GIB 32
104.9739845 13.32755348 8.1425872479937649 KHM 33
119.6415087 -4.543850284 26.410681245322071 IDN 34
70.99881726 38.13852118 7.2393717431424731 TJK 35
-12.28902469 8.07179369 5.1257960764766386 SLE 36
34.12077383 37.87765038 16.940177626341764 TUR 37
27.03250351 53.46588624 8.7195653003162121 BLR 38
19.86678407 46.78710261 5.8369746277505596 HUN 39
22.12359599 41.68566159 3.0687320534447307 MKD 40
114.6227928 3.523827769 1.453036016482347 BRN 41
23.53757665 -28.2645957 21.146848235527195 ZAF 42
18.99237183 14.61029653 21.685216825491182 TCD 43
10.72707721 45.64377721 0.14966318452911395 SMR 44
1.960641314 46.79319417 14.214471604740707 FRA 45
34.80771035 -17.95962308 17.133943665848665 MOZ 46
37.69749384 9.240332535 20.110589591703491 ETH 47
39.27751613 14.95797662 6.5627388980373613 ERI 48
1.287003883 42.75524702 0.41407441383512078 AND 49
18.56352979 44.21596014 4.3306613245573979 BIH 50
18.05006893 -10.66829374 21.367918388391331 AGO 51
25.24917341 63.11083982 11.132986753931805 FIN 52
29.80628168 14.91392966 26.282090574320566 SDN 53
89.70539451 27.72055699 3.749839655771483 BTN 54
98.5861577 21.76635874 15.74128351252131 MMR 55
106.5273961 47.57975783 23.933976599751627 MNG 56
129.4469478 36.44798508 6.0581046968333183 KOR 57
20.8162889 6.731875592 15.104965295379047 CAF 58
34.37421718 30.82367302 2.7580464920412568 ISR 59
113.0559076 22.2523501 0.10993556517815699 MAC 60
106.7126209 16.27082714 11.013729508072137 VNM 61
-6.04759362 31.41972104 12.788400021873175 MAR 62
36.54696328 33.71246279 1.9565236374913348 LBN 63
44.1537935 24.39322512 28.058804141709228 SAU 64
51.83839124 31.94095445 24.568891108590357 IRN 65
42.97972593 12.87177115 2.9149030374888021 DJI 66
23.98785853 55.35677813 4.8903247615768484 LTU 67
99.84007549 64.18445112 79.132880342658851 RUS 68
29.67901564 -18.8996875 11.962848551320587 ZWE 69
-11.08512627 20.09960305 19.428862804347926 MRT 70
23.8704272 -19.53103318 14.599658289365967 BWA 71
52.42175349 25.95365571 2.0599159718334348 QAT 72
-16.70581725 13.9805932 1.9785551345459282 GMB 73
77.84403131 19.78558744 34.699247425117875 IND 74
11.57327401 6.289862993 13.195626536088458 CMR 75
11.00239509 41.32153113 0.012694265629824517 VAT 76
-10.76522333 6.236401717 6.3865025746447772 LBR 77
-1.581825475 7.381818654 9.3466352887464552 GHA 78
24.15048093 46.70820612 9.343859091966177 ROU 79
33.73237681 48.98786784 14.866882024982077 UKR 80
29.41859295 -3.532819812 3.19277815183945 BDI 81
38.14003605 0.682327221 14.579163740507054 KEN 82
-10.26480881 10.09297143 9.4890463466215635 GIN 83
34.26667076 -13.60306606 6.5873576571332961 MWI 84
14.5093809 46.67531271 2.7248352799749322 SVN 85
27.6502457 -29.68020911 3.3342449855370329 LSO 86
-5.120127511 8.248802351 10.867284926928818 CIV 87
49.42106796 9.476174815 15.281808080540799 SOM 88
30.68217285 7.817600064 15.065644083474325 SSD 89
126.2885087 -9.445097758 2.333984953220948 TLS 90
8.986472127 46.88772236 0.24219115234978761 LIE 91
3.052679337 50.24157975 3.3437283629014938 BEL 92
16.17518518 -1.17454996 11.191656516480931 COG 93
34.390744 -6.139539438 18.604462963356873 TZA 94
16.13291744 49.3242478 5.3743239114709889 CZE 95
112.371487 2.203057409 11.006923884705028 MYS 96
19.17189708 49.35155087 4.23783185708528 SVK 97
31.27677582 1.882923811 9.4055599638554988 UGA 98
126.9004008 42.62800024 6.6442082198163428 PRK 99
6.154166632 49.56964401 0.97316263828712479 LUX 100
2.202864454 9.629628743 6.4223324680246954 BEN 101
21.94011715 38.79300634 6.9526691021093443 GRC 102
7.012601986 47.02555576 3.8884050369080385 CHE 103
-14.83225153 14.25604901 8.4880413831868076 SEN 104
37.10298774 30.40501729 5.7201718798253314 JOR 105
6.271229297 52.26131841 3.914982317706948 NLD 106
58.82189574 20.76107087 10.64661481915231 OMN 107
12.30164434 43.60172048 10.505262218673552 ITA 108
104.6592538 19.08769733 9.3126260878911555 LAO 109
44.94546955 40.48215813 3.3004602392946678 ARM 110
7.739390056 42.84466255 0.028385240872726803 MCO 111
54.61775792 24.02217782 5.5333021042866761 ARE 112
36.10610567 32.230652 1.5092835896515178 PSE 113
15.45105655 63.87058909 12.841917149747891 SWE 114
30.0884934 47.67013188 3.5207540575210716 MDA 115
-3.020304258 39.87626174 13.612976759834263 ESP 116
7.464060937 10.26254935 18.393430203769647 NGA 117
19.73969772 41.20057329 3.2447695147537408 ALB 118
31.7196362 -26.20966461 2.521785440438141 SWZ 119
43.86308617 41.85142686 5.0523974578903728 GEO 120
15.44237833 26.41171814 25.385214666124078 LBY 121
146.4813828 -4.92224384 13.019570787693549 PNG 122
20.49496239 52.63338738 10.701152987039785 POL 123
13.02712953 47.27440734 5.5422646197479413 AUT 124
114.3205824 22.29249691 0.63585473900906408 HKG 125
26.16308266 59.11162729 4.0698734210711329 EST 126
11.44790833 62.71737061 10.889830355676377 NOR 127
19.06310151 41.88968126 2.2491072070557596 MNE 128
44.62332362 31.73010752 12.669964586671146 IRQ 129
-15.68278637 11.87725526 3.6373446189428389 GNB 130
-4.264750562 17.95223367 21.312072863289 MLI 131
68.93331158 47.26963184 31.590503210666249 KAZ 132
