65.29571003 41.22107894 9.165249799839879 UZB 0
57.79340626 20.28942473 7.6241105511623832 OMN 1
104.4809797 17.13993491 6.667895066691008 LAO 2
115.9351166 5.930715696 1.0456093754722486 BRN 3
46.41936105 40.85138955 2.3767017744604053 ARM 4
58.46649274 40.55285695 9.5736563890706456 TKM 5
98.00056809 12.6195114 9.8179695206792577 THA 6
107.4495525 36.54917126 42.686824002953294 CHN 7
48.80599562 41.69266517 4.027066922312823 AZE 8
53.97203358 23.16190003 3.9586132058775765 ARE 9
72.67259445 29.45609097 12.869918156710751 PAK 10
34.08960606 31.7591863 1.0456093754722486 PSE 11
127.431762 -9.560668422 1.6532535846592511 TLS 12
38.12561518 35.89911716 5.8994364493626845 SYR 13
93.09122852 28.18807889 2.6997517985615711 BTN 14
96.17569828 20.32144832 11.269644917170192 MMR 15
104.0739188 58.19158413 17.133323448509998 MNG 16
126.6657712 36.26133713 4.3322394806414879 KOR 17
84.9131999 26.69575183 5.2627851125215495 NPL 18
35.15505094 29.99279253 4.0943763236693087 JOR 19
44.89733122 43.52713782 3.6220971263765955 GEO 20
76.3797457 42.61018329 6.1267118289713665 KGZ 21
114.2236157 22.34677764 0 MAC 22
107.5688062 12.79610751 7.8826280244570492 VNM 23
90.57609802 22.68929324 5.2627851125215495 BGD 24
33.10903216 30.84285609 1.956156021707913 ISR 25
65.06783913 33.80904366 11.065689504068517 AFG 26
34.7695694 33.58558794 1.415761787097328 LBN 27
43.00659667 22.77358212 20.090035713661454 SAU 28
53.14594337 32.13021105 17.589872296277676 IRN 29
45.91820126 12.1654812 9.956192692197936 YEM 30
111.5868423 2.647431073 7.8826280244570492 MYS 31
126.5678625 40.46498361 4.7534035489208106 PRK 32
51.4583387 24.62537764 1.4787149597373157 QAT 33
114.7573456 22.12660257 0.42686824002953294 HKG 34
46.26542169 30.29015145 1.8110485631882978 KWT 35
78.75891615 17.03814495 24.842851413426768 IND 36
105.2924261 8.300809965 5.8373353889155064 KHM 37
119.8995151 -4.647179479 18.907902102207885 IDN 38
71.04072075 39.56025887 5.1755023590806051 TJK 39
43.32880642 33.45271794 9.0753432686786972 IRQ 40
33.40371978 41.13052128 12.126364291787961 TUR 41
69.45678495 52.10485504 22.615961169691023 KAZ 42
