108.1886029 -1145.297633 9299.9955315274165 HRV 0
30066.93642 -1309.964836 26148.394905946767 UZB 1
3358.227037 648.0115042 13017.331640957444 BGR 2
-3315.090648 25126.054 20162.191682132296 ESH 3
-2643.304255 133.7812816 6547.4219401743785 GNQ 4
1240.942549 -368.3714835 11620.555890876883 SRB 5
-8553.175918 11783.04727 20424.541529502047 BFA 6
-3543.434691 3429.596175 9315.6723508198993 TGO 7
25603.65693 1658.123578 27311.870996957427 TKM 8
19545.24067 17404.05317 9932.8866967913218 LVA 9
886.6001551 4762.712003 23361.493045033207 DEU 10
10605.06319 -19509.92448 28003.13082664596 THA 11
13759.00674 6808.796975 11504.184274231324 AZE 12
47838.60242 -23003.66363 121797.59885256168 CHN 13
-10779.98368 -1472.572826 20225.309742292549 GAB 14
27437.20183 -20623.19541 36712.136629304121 PAK 15
-18430.91173 -9722.123105 6344.3648614595022 RWA 16
3458.618072 -2466.504004 16822.646216360579 SYR 17
-23809.80236 -25177.70479 33914.285871694694 ZMB 18
-511.4253154 610.7619888 8115.3207477437409 DNK 19
27273.40394 -28252.20175 14997.635067592451 NPL 20
-17185.01855 28411.12319 15812.555383164239 TUN 21
13969.79781 -25666.15753 15017.439376193026 BGD 22
33559.2147 -5713.763377 17480.700459452979 KGZ 23
-17998.23151 12731.60437 39140.68310948721 EGY 24
-16528.90858 40831.44596 60331.533119202053 DZA 25
-22588.94459 25575.80385 44003.311148803972 NER 26
27555.88106 -10365.71043 31571.664779167633 AFG 27
-6777.117467 -9228.448989 28405.395158536103 YEM 28
-379.9017747 2526.57769 11863.227232330881 PRT 29
-38025.12803 -16502.05206 59862.571565178427 COD 30
352.6146938 -712.1604129 5218.2408962828777 KWT 31
-17.95059772 -11.66312821 100.43129252602915 GIB 32
10669.66642 -11381.52947 16633.29390510522 KHM 33
-4759.645611 -46498.43765 53950.496323601539 IDN 34
29188.65778 -6819.108798 14788.247792084925 TJK 35
-1565.424961 634.3101609 10470.734920117422 SLE 36
10627.68416 1664.892575 34604.597369595911 TUR 37
16122.61759 16531.86598 17811.917508240575 BLR 38
1849.850936 1164.173137 11923.496984811374 HUN 39
507.5906823 -53.47161932 6268.6613733908316 MKD 40
52.45244023 -232.9367374 2968.1935705152059 BRN 41
-7073.039386 -26275.03065 43197.786054407276 ZAF 42
-36411.85233 18520.96638 44297.540065437912 TCD 43
8.108898285 -14.3155443 305.72490772636235 SMR 44
-5428.547737 814.0541765 29036.653425565593 FRA 45
-13707.08266 -18587.65997 35000.413513259671 MOZ 46
-25491.46179 1468.528116 41080.965680309062 ETH 47
-15355.78967 2559.790028 13406.054069659185 ERI 48
-18.87861263 13.86423799 845.85171937834752 AND 49
-573.7573605 -734.5921366 8846.4710811153491 BIH 50
-37498.54273 -30717.26781 43649.377755453119 AGO 51
20083.53381 23187.67198 22741.941238077216 FIN 52
-42572.6005 8905.056385 53687.817354487663 SDN 53
26308.91585 -24837.10088 7659.9959192127062 BTN 54
19219.44984 -27243.98544 32155.552913708801 MMR 55
64988.02848 7574.486389 48891.200668395286 MNG 56
5444.298841 571.6741009 12375.211079887971 KOR 57
-34890.88336 789.783635 30855.712015411074 CAF 58
-417.1322782 148.0966372 5634.0075345670757 ISR 59
20262.53715 -9745.789657 224.57119715636793 MAC 60
19582.09128 -14088.9026 22498.32815045743 VNM 61
-1734.276039 19735.25535 26123.54153064562 MAR 62
114.0487091 -23.10293843 3996.6943802410251 LBN 63
673.558214 -14469.07822 57317.204188364689 SAU 64
18310.91544 -3951.802868 50188.174137452326 IRN 65
-8925.327274 253.8853429 5954.4267013388362 DJI 66
18233.90549 15517.27648 9989.725203222486 LTU 67
42387.0973 39025.38693 161648.92265922896 RUS 68
-15146.67238 -25247.3695 24437.143850734199 ZWE 69
-3798.73543 32403.47001 39688.366292459454 MRT 70
-16035.83634 -32279.71935 29823.494651649296 BWA 71
-87.78366574 -401.5187776 4207.8993734783753 QAT 72
4.732070132 115.6546581 4041.6992852567869 GMB 73
26979.18568 -44761.48395 70881.989118404235 IND 74
-19289.07983 4389.896918 26955.4046830562 CMR 75
7.212290443 -16.05963229 25.931248226093295 VAT 76
-2055.156251 2451.069836 13046.046804834818 LBR 77
-7052.59668 4677.995441 19092.866560300299 GHA 78
4405.288993 3847.335624 19087.195476211375 ROU 79
8602.556401 11690.44373 30369.366718788409 UKR 80
-17271.42748 -9674.39801 6522.056903526458 BDI 81
-21386.58484 -5730.113394 29781.629352053424 KEN 82
-2860.323765 6194.185259 19383.777165103125 GIN 83
-13109.20679 -12734.79045 13456.344111773569 MWI 84
-282.5151158 -181.6632315 5566.1652340280116 SVN 85
-695.8776803 -2394.413934 6811.0386916302705 LSO 86
-5740.654683 8525.303122 22199.17805420675 CIV 87
-14913.67855 -3758.653511 31216.958131787353 SOM 88
-32285.66463 -5271.613931 30775.388494839979 SSD 89
-2293.950123 -18365.72595 4767.7545864285985 TLS 90
10.32758143 -4.686753554 494.73668449087711 LIE 91
-89.94737102 411.9619309 6830.4108884654916 BEL 92
-27443.49104 -8547.796539 22861.789067041256 COG 93
-22620.4306 -15944.85263 38004.321107201555 TZA 94
1599.748721 2312.343889 10978.415881605315 CZE 95
2719.756779 -22179.5667 22484.425943428512 MYS 96
2633.444965 2496.12553 8656.8434150564353 SVK 97
-22096.17388 -9891.419628 19213.235112641327 UGA 98
22853.77642 5424.365047 13572.475764892877 PRK 99
-7.994888828 8.408318494 1987.9308243317384 LUX 100
-11261.28884 9372.981375 13119.23842428275 BEN 101
2424.431221 -816.1480564 14202.585133960029 GRC 102
-909.2448279 -68.83533154 7943.0507566152937 CHE 103
-2813.038288 10951.94193 17338.971349681033 SEN 104
1044.287003 -2364.568434 11684.897830022712 JOR 105
402.4037706 434.9853325 7997.3415746640276 NLD 106
-954.0951742 -6360.472688 21748.403546433161 OMN 107
-2976.808955 -2120.631634 21459.65510857106 ITA 108
16870.00885 -17194.73423 19023.394165829694 LAO 109
6834.838383 1595.691659 6742.0248024764123 ARM 110
-17.78447372 -10.96952253 57.984033774964949 MCO 111
-136.6148572 -3709.700294 11303.169049740827 ARE 112
-147.492527 60.89018114 3083.0934650422473 PSE 113
10678.9318 21785.26651 26232.863800065159 SWE 114
958.9815932 899.1894358 7192.0306436714718 MDA 115
1313.624899 9309.052741 27807.948072706196 ESP 116
-25700.81636 14962.79624 37573.233320615705 NGA 117
292.7888754 -279.6502288 6628.262412112621 ALB 118
-3882.281546 -8499.874414 5151.3845807126854 SWZ 119
12880.82779 8701.468274 10320.799677424764 GEO 120
-35327.14588 32108.79001 51855.721471067329 LBY 121
-678.9267677 -35380.65623 26595.766288336232 PNG 122
12703.77777 12325.29141 21859.811548323698 POL 123
198.1373046 1282.608867 11321.477254400592 AUT 124
20320.27496 -9790.206129 1298.8941269861889 HKG 125
21003.9854 18526.91696 8313.7458288741727 EST 126
16930.70541 26097.74906 22245.232794690761 NOR 127
-62.20807531 -64.6720977 4594.3703223156954 MNE 128
6216.205809 -5129.053135 25881.607199149232 IRQ 129
-823.603271 1285.010258 7430.1963538598757 GNB 130
-9996.028577 22304.40683 43535.29914578997 MLI 131
44942.7943 5026.604044 64531.592786143912 KAZ 132
