15.37215739 44.29764042 4.5526776267791265 HRV 0
63.4717276 40.85573172 12.800566630480661 UZB 1
26.23704681 41.97849804 6.3724454835751505 BGR 2
-12.33912188 28.53769828 9.8701078583206741 ESH 3
10.4808943 2.63323964 3.2051952368216887 GNQ 4
21.52398746 42.61277641 5.6886742187974573 SRB 5
-1.493371509 12.6739931 9.9985374125564945 BFA 6
0.6146290759 6.965001066 4.5603519857839236 TGO 7
57.17127518 40.5663395 13.370129438428238 TKM 8
25.66471087 56.64230285 4.8625002969637778 LVA 9
7.606172494 50.20850057 11.436279335159089 DEU 10
98.1715666 13.12886111 13.708525639829128 THA 11
47.52202865 39.29033188 5.6317061854582686 AZE 12
107.7700117 33.77833717 59.624244055997465 CHN 13
11.5264748 -0.1041417661 9.901006387181587 GAB 14
70.45244668 29.65099746 17.971892835527065 PAK 15
32.58279185 -2.263283672 3.1057915955951527 RWA 16
39.33148875 33.59700108 8.2352819195243896 SYR 17
29.91339568 -13.25379386 16.602245666982306 ZMB 18
10.5549157 56.59719643 3.9727373069308731 DNK 19
82.41391142 27.01123949 7.3418742401924684 NPL 20
7.871336521 36.53213987 7.7408066349161162 TUN 21
91.15051466 20.67545868 7.3515691515904384 BGD 22
75.67413967 41.73372357 8.5574228086869208 KGZ 23
29.45964169 27.52411715 19.16075246330227 EGY 24
3.155683649 29.16116791 29.534425053208992 DZA 25
9.459909354 19.23470569 21.541181336294471 NER 26
62.57083276 32.47614394 15.455449563713943 AFG 27
46.50633958 13.26903137 13.905448296150741 YEM 28
-10.27377977 39.18950515 5.8074704465109814 PRT 29
25.36671321 -1.337978451 29.304851741309538 COD 30
47.4493113 29.5136445 2.5545139778953314 KWT 31
-8.697836993 33.88191028 0.049164679376643552 GIB 32
105.1241592 8.8101977 8.1425872479937649 KHM 33
119.7548698 -4.23825311 26.410681245322071 IDN 34
71.06983846 39.14052817 7.2393717431424731 TJK 35
-14.66932645 6.657485486 5.1257960764766386 SLE 36
32.79503277 39.22348054 16.940177626341764 TUR 37
28.95370872 52.60711743 8.7195653003162121 BLR 38
20.54282765 45.6267775 5.8369746277505596 HUN 39
22.68773327 40.71620834 3.0687320534447307 MKD 40
115.1106174 2.86305525 1.453036016482347 BRN 41
22.14452007 -28.72594943 21.146848235527195 ZAF 42
18.8043193 15.89523288 21.685216825491182 TCD 43
9.492984726 47.06781677 0.14966318452911395 SMR 44
0.612789531 45.36957812 14.214471604740707 FRA 45
36.60959216 -17.12271014 17.133943665848665 MOZ 46
38.25191285 8.798263776 20.110589591703491 ETH 47
38.74174161 16.83780488 6.5627388980373613 ERI 48
1.015027373 42.01346846 0.41407441383512078 AND 49
18.82586851 43.16975941 4.3306613245573979 BIH 50
19.46882015 -13.03050292 21.367918388391331 AGO 51
28.04977628 66.30130698 11.132986753931805 FIN 52
29.67845033 17.13858078 26.282090574320566 SDN 53
88.15280324 27.2326883 3.749839655771483 BTN 54
96.71429492 20.61092822 15.74128351252131 MMR 55
108.7649032 52.54355802 23.933976599751627 MNG 56
127.9778789 36.27315666 6.0581046968333183 KOR 57
21.54719681 8.112606232 15.104965295379047 CAF 58
35.31485909 30.8508406 2.7580464920412568 ISR 59
113.9437911 19.45430192 0.10993556517815699 MAC 60
108.0439602 14.70200673 11.013729508072137 VNM 61
-6.290336764 31.95276733 12.788400021873175 MAR 62
35.80068233 31.80555809 1.9565236374913348 LBN 63
44.9536914 23.04717477 28.058804141709228 SAU 64
52.80383198 32.51037653 24.568891108590357 IRN 65
41.93164141 12.65236778 2.9149030374888021 DJI 66
23.9168553 54.90671189 4.8903247615768484 LTU 67
95.85172059 71.67492279 79.132880342658851 RUS 68
30.2668586 -19.99478146 11.962848551320587 ZWE 69
-12.30108202 20.88175469 19.428862804347926 MRT 70
22.88367428 -20.60709883 14.599658289365967 BWA 71
52.27152152 24.3834856 2.0599159718334348 QAT 72
-20.78589484 13.40977039 1.9785551345459282 GMB 73
77.85633185 18.75670809 34.699247425117875 IND 74
12.95708042 5.688433959 13.195626536088458 CMR 75
11.71951217 39.90498836 0.012694265629824517 VAT 76
-11.86443827 4.945813018 6.3865025746447772 LBR 77
-2.572447238 7.002332207 9.3466352887464552 GHA 78
25.42053438 45.62324379 9.343859091966177 ROU 79
35.07792849 48.44748737 14.866882024982077 UKR 80
32.08839503 -4.15591743 3.19277815183945 BDI 81
40.28526505 0.3265407284 14.579163740507054 KEN 82
-11.81722391 10.9645594 9.4890463466215635 GIN 83
34.89504494 -11.74028761 6.5873576571332961 MWI 84
14.21407999 45.83199874 2.7248352799749322 SVN 85
27.58740087 -30.68763513 3.3342449855370329 LSO 86
-7.226885754 7.014745474 10.867284926928818 CIV 87
50.57838181 8.033750105 15.281808080540799 SOM 88
30.43965096 7.383344503 15.065644083474325 SSD 89
128.1500525 -7.860273859 2.333984953220948 TLS 90
8.498951656 46.7051544 0.24219115234978761 LIE 91
1.352011283 50.02530848 3.3437283629014938 BEL 92
16.23325068 -0.5498864617 11.191656516480931 COG 93
36.5212887 -6.239528424 18.604462963356873 TZA 94
14.44690789 49.55306326 5.3743239114709889 CZE 95
112.0159204 0.5307171409 11.006923884705028 MYS 96
19.18039251 47.92800331 4.23783185708528 SVK 97
33.90947428 0.6488993382 9.4055599638554988 UGA 98
128.1262946 43.08062585 6.6442082198163428 PRK 99
4.648298725 47.97480928 0.97316263828712479 LUX 100
1.571588527 9.393141032 6.4223324680246954 BEN 101
23.45372887 37.74955108 6.9526691021093443 GRC 102
7.449344901 46.41932152 3.8884050369080385 CHE 103
-15.08296811 14.9044002 8.4880413831868076 SEN 104
38.22878773 30.10702456 5.7201718798253314 JOR 105
3.908012674 51.53032707 3.914982317706948 NLD 106
58.6792713 18.15137173 10.64661481915231 OMN 107
12.3750147 42.61013857 10.505262218673552 ITA 108
105.0361272 18.33519479 9.3126260878911555 LAO 109
44.53366406 38.05319528 3.3004602392946678 ARM 110
8.066324861 42.52635652 0.028385240872726803 MCO 111
54.87161758 24.32005595 5.5333021042866761 ARE 112
36.6143255 32.54993997 1.5092835896515178 PSE 113
13.86889303 63.41587543 12.841917149747891 SWE 114
28.59317233 45.76604336 3.5207540575210716 MDA 115
-5.44318752 40.5141357 13.612976759834263 ESP 116
7.666145132 10.4548166 18.393430203769647 NGA 117
21.13049025 39.669197 3.2447695147537408 ALB 118
32.47760576 -27.35837313 2.521785440438141 SWZ 119
42.44981323 42.07153322 5.0523974578903728 GEO 120
16.05482595 28.44330421 25.385214666124078 LBY 121
150.5708954 -5.296773788 13.019570787693549 PNG 122
20.56158148 52.43745703 10.701152987039785 POL 123
12.12544616 47.54314022 5.5422646197479413 AUT 124
115.4444979 21.36258174 0.63585473900906408 HKG 125
28.74618862 60.37380995 4.0698734210711329 EST 126
7.131491772 62.17307169 10.889830355676377 NOR 127
19.92507359 41.2446728 2.2491072070557596 MNE 128
44.21251558 32.18556478 12.669964586671146 IRQ 129
-16.55366559 11.28680533 3.6373446189428389 GNB 130
-3.16532674 19.60845297 21.312072863289 MLI 131
66.87268774 51.58258206 31.590503210666249 KAZ 132
