-77.7623326 -2.360152105 5.4112177593872115 ECU 0
-52.45505544 5.917265179 4.162585745945858 SUR 1
-46.80542228 -10.29426204 30.011777918051362 BRA 2
-64.06171496 -35.8929211 17.148789956564176 ARG 3
-86.45873918 9.93064252 3.7134148315639344 NIC 4
-89.56035968 18.22351527 1.5585495969623204 BLZ 5
-63.0675143 -19.37210912 10.779432063945654 BOL 6
-88.29645181 14.75782321 3.4493794041639858 HND 7
-57.34298399 -24.64483653 6.5591052689396285 PRY 8
-86.83655736 65.48735596 32.497256445753457 CAN 9
-53.05374722 -29.2887425 4.3758251458373021 URY 10
-91.57109066 12.82617148 1.4918012341502951 SLV 11
-104.2797338 17.76847059 14.414250154933546 MEX 12
-83.40927206 6.657302099 2.3248214720880873 CRI 13
-79.79377347 3.727170055 2.8243214135934158 PAN 14
-92.56758861 14.79674943 3.3936874521203024 GTM 15
-63.78902887 11.50716833 9.8453937208227593 VEN 16
-73.76541644 -28.87778074 8.9427291487690415 CHL 17
-71.62205564 -12.20497566 11.659176208262862 PER 18
-94.17216431 34.85517926 31.485464686567518 USA 19
-71.42510591 2.168743051 10.989172304478625 COL 20
-49.1550264 5.014561578 2.9724289122313401 GUF 21
-56.56003429 8.048040387 4.7683463885384132 GUY 22
