60.84045321 37.93505377 2.0557569644500666 UZB 0
54.12168068 14.29073657 1.710080871288759 OMN 1
78.67133076 16.48232906 1.4956026317811606 LAO 2
78.64965268 8.805670139 0.23452920571340155 BRN 3
45.63028685 32.04728797 0.53309198679485736 ARM 4
55.2658892 37.08328373 2.1473621807261263 TKM 5
75.20680294 12.57910165 2.2021613878159085 THA 6
78.73645784 30.87869208 9.5746147296343835 CHN 7
47.07839349 32.42739672 0.90326734706082012 AZE 8
51.94809145 17.26642545 0.88791324243983027 ARE 9
62.56462574 27.33983947 2.8867106145893273 PAK 10
41.0577369 25.68733571 0.23452920571340155 PSE 11
88.400116 -5.045569265 0.37082323394226197 TLS 12
42.47663366 26.94250238 1.3232380821000413 SYR 13
69.36024123 26.64453396 0.60555180528483843 BTN 14
73.21592904 19.79546106 2.5277708225428466 MMR 15
74.17030098 45.3266071 3.8429884370489713 MNG 16
96.25826433 27.62005783 0.97171726668594127 KOR 17
71.12604897 23.24395047 1.1804377822478243 NPL 18
41.86955274 24.75527821 0.9183647828790974 JOR 19
44.87923765 33.78747049 0.81243300030876908 GEO 20
66.11142798 37.22606987 1.374215737339372 KGZ 21
89.19373015 20.27837855 0 MAC 22
81.34884699 14.47938689 1.7680660989436372 VNM 23
68.76405368 23.48935697 1.1804377822478243 BGD 24
40.28790897 25.27903459 0.43876396748588703 ISR 25
59.70321631 31.92198986 2.482023813996677 AFG 26
40.43923485 26.03513205 0.31755404570407358 LBN 27
46.29908556 17.89901945 4.5061762348399528 SAU 28
51.96617183 29.42106939 3.9453919169220955 IRN 29
49.21040126 11.00266492 2.2331647160070136 YEM 30
77.63824874 6.929193183 1.7680660989436372 MYS 31
95.09210217 30.12922817 1.0661839735897147 PRK 32
52.58397074 16.00456671 0.33167438349248202 QAT 33
88.78009228 19.57460476 0.095746147296343842 HKG 34
47.09876253 23.76327261 0.40621650015438454 KWT 35
63.74801887 18.83614849 5.5722283544134807 IND 36
79.15975999 12.19763705 1.3093088722801136 KHM 37
83.44184058 0.06296380454 4.2410247705886848 IDN 38
63.8766907 35.25198911 1.1608603422236872 TJK 39
45.83303149 27.10595369 2.0355910135354089 IRQ 40
41.59654822 31.03067412 2.7199321775973 TUR 41
62.82899596 45.44103494 5.0727389539493881 KAZ 42
