7.034734287 51.07057498 2.4509577044999773 NLD 0
15.63102613 43.80428776 2.849630885800353 HRV 1
25.72580505 45.84548744 5.8479959344238495 ROU 2
19.94645918 45.83330841 3.6529498838908854 HUN 3
24.71994073 42.77258177 3.9885308688392893 BGR 4
23.22051349 42.26078662 1.9204715912759185 MKD 5
12.59658208 42.83125668 6.5749245998202985 ITA 6
20.76749017 44.13724248 3.5607885497958192 SRB 7
2.701722354 46.83692875 8.8964128529519488 FRA 8
14.73438174 45.79436676 1.7043075228846432 SVN 9
9.276994476 49.61096036 7.1576050768503672 DEU 10
18.34954915 44.151868 2.7101224697669384 BIH 11
-4.36810132 39.20798225 8.5201443336093003 ESP 12
19.32459386 42.27790025 2.0306439919330481 ALB 13
9.561261048 55.2484826 2.4862250953761547 DNK 14
4.291786848 50.15942734 2.092076179123104 BEL 15
17.09550091 50.84984057 3.3642088395303458 CZE 16
-8.037370244 38.79611438 3.6344868110110329 PRT 17
18.53192474 48.90991951 2.6525636223661051 SVK 18
20.82130377 52.41521324 6.6977641361364446 POL 19
4.833430363 49.55655788 0.60990733702407007 LUX 20
13.25499011 48.42985036 3.4684602593695137 AUT 21
23.0551194 38.82588618 4.3510644521450539 GRC 22
7.960818347 47.4397397 2.4331323209872111 CHE 23
