37.12375128 61.33844299 4.5526776267791265 HRV 0
104.5834481 36.69532917 12.800566630480661 UZB 1
52.52233939 54.15814468 6.3724454835751505 BGR 2
-49.60205224 50.5825407 9.8701078583206741 ESH 3
-16.68032615 -29.89088724 3.2051952368216887 GNQ 4
46.48395526 57.3835744 5.6886742187974573 SRB 5
-30.89726029 4.748651324 9.9985374125564945 BFA 6
-23.28893497 -6.830424451 4.5603519857839236 TGO 7
90.35756483 40.93912882 13.370129438428238 TKM 8
64.18134262 89.1809153 4.8625002969637778 LVA 9
30.8153144 87.45339557 11.436279335159089 DEU 10
141.7388012 -13.37169181 13.708525639829128 THA 11
83.1091812 48.91763412 5.6317061854582686 AZE 12
157.1857024 43.76411757 59.624244055997465 CHN 13
-18.05729294 -38.19903751 9.901006387181587 GAB 14
118.7035327 4.848541497 17.971892835527065 PAK 15
36.58819537 -40.22454883 3.1057915955951527 RWA 16
60.68921704 30.31270346 8.2352819195243896 SYR 17
23.30234638 -66.33667271 16.602245666982306 ZMB 18
25.93331372 101.6551956 3.9727373069308731 DNK 19
128.5311417 15.32480518 7.3418742401924684 NPL 20
6.876328894 54.84024976 7.7408066349161162 TUN 21
131.3814704 -1.939357469 7.3515691515904384 BGD 22
118.8589721 48.95982099 8.5574228086869208 KGZ 23
40.98017679 22.57644133 19.16075246330227 EGY 24
-10.94295094 43.05667262 29.534425053208992 DZA 25
-15.72989883 14.47961432 21.541181336294471 NER 26
112.5740341 22.79219868 15.455449563713943 AFG 27
74.84264047 -14.23555915 13.905448296150741 YEM 28
-30.0239771 64.67233329 5.8074704465109814 PRT 29
16.75376302 -41.13299612 29.304851741309538 COD 30
73.30026131 22.91816349 2.5545139778953314 KWT 31
-22.18831971 62.46225836 0.049164679376643552 GIB 32
154.2132308 -13.10702846 8.1425872479937649 KHM 33
157.1064992 -43.96934996 26.410681245322071 IDN 34
115.1959997 40.77437091 7.2393717431424731 TJK 35
-49.96577066 -2.146265764 5.1257960764766386 SLE 36
61.6366702 44.57680126 16.940177626341764 TUR 37
64.62099965 81.48849776 8.7195653003162121 BLR 38
44.99078214 66.60815929 5.8369746277505596 HUN 39
47.06571483 52.34748136 3.0687320534447307 MKD 40
147.5822753 -19.68977596 1.453036016482347 BRN 41
19.72535894 -97.05500673 21.146848235527195 ZAF 42
7.515729777 6.675598742 21.685216825491182 TCD 43
22.43766388 71.58050074 0.14966318452911395 SMR 44
10.90063517 79.77959893 14.214471604740707 FRA 45
50.22269612 -78.69149456 17.133943665848665 MOZ 46
57.04376258 -27.98472069 20.110589591703491 ETH 47
61.00094481 -13.38256917 6.5627388980373613 ERI 48
0.8360744654 69.1638821 0.41407441383512078 AND 49
42.17118897 61.08602364 4.3306613245573979 BIH 50
-7.520620376 -58.06367996 21.367918388391331 AGO 51
77.47097159 93.36801889 11.132986753931805 FIN 52
33.03399498 -2.769476197 26.282090574320566 SDN 53
132.5872929 9.950925783 3.749839655771483 BTN 54
143.6000945 3.229594827 15.74128351252131 MMR 55
181.5757988 84.47460204 23.933976599751627 MNG 56
192.9367485 54.25439751 6.0581046968333183 KOR 57
8.201845881 -17.43530231 15.104965295379047 CAF 58
51.64703593 28.96499296 2.7580464920412568 ISR 59
154.796901 9.127930734 0.10993556517815699 MAC 60
163.2432143 -7.061837038 11.013729508072137 VNM 61
-32.16036613 54.29038886 12.788400021873175 MAR 62
50.96190444 32.11028612 1.9565236374913348 LBN 63
62.56578264 6.191264289 28.058804141709228 SAU 64
89.63229535 19.42999757 24.568891108590357 IRN 65
65.08155842 -16.92596961 2.9149030374888021 DJI 66
56.98130016 82.60295382 4.8903247615768484 LTU 67
129.3977388 119.927411 79.132880342658851 RUS 68
29.78108312 -81.19278776 11.962848551320587 ZWE 69
-58.75608418 32.90117522 19.428862804347926 MRT 70
7.97667704 -75.1913886 14.599658289365967 BWA 71
79.0726942 1.387642544 2.0599159718334348 QAT 72
-63.4593917 12.7047351 1.9785551345459282 GMB 73
116.4790419 -24.94549689 34.699247425117875 IND 74
-6.636935126 -25.16704289 13.195626536088458 CMR 75
22.08522647 58.92161036 0.012694265629824517 VAT 76
-47.25134277 -9.145683076 6.3865025746447772 LBR 77
-31.11822118 -7.812722208 9.3466352887464552 GHA 78
52.85482094 63.06684347 9.343859091966177 ROU 79
65.63682132 68.14560228 14.866882024982077 UKR 80
35.04828186 -43.45358511 3.19277815183945 BDI 81
57.27913867 -47.66085084 14.579163740507054 KEN 82
-49.34294049 6.122585866 9.4890463466215635 GIN 83
39.39913016 -70.32409609 6.5873576571332961 MWI 84
38.13735687 67.97802465 2.7248352799749322 SVN 85
37.55304562 -85.05453593 3.3342449855370329 LSO 86
-40.82761959 -1.701194794 10.867284926928818 CIV 87
76.94873054 -30.65820766 15.281808080540799 SOM 88
37.16176176 -25.89321051 15.065644083474325 SSD 89
173.2827999 -41.9224877 2.333984953220948 TLS 90
31.58322536 74.10591558 0.24219115234978761 LIE 91
16.45539667 89.34177988 3.3437283629014938 BEL 92
-6.159086257 -39.45738245 11.191656516480931 COG 93
40.43424829 -56.06376567 18.604462963356873 TZA 94
39.62249172 78.27060081 5.3743239114709889 CZE 95
144.0998807 -27.19667339 11.006923884705028 MYS 96
46.92828586 72.02579612 4.23783185708528 SVK 97
43.6186839 -38.18105813 9.4055599638554988 UGA 98
187.6988106 65.72760678 6.6442082198163428 PRK 99
18.89748106 89.13112075 0.97316263828712479 LUX 100
-22.81676862 -0.5379639627 6.4223324680246954 BEN 101
44.93017073 47.07909603 6.9526691021093443 GRC 102
27.751916 73.16620214 3.8884050369080385 CHE 103
-57.5432492 12.20290586 8.4880413831868076 SEN 104
55.76008247 24.10784971 5.7201718798253314 JOR 105
17.58034139 93.4156009 3.914982317706948 NLD 106
85.45661016 -5.148146584 10.64661481915231 OMN 107
29.07677188 64.56045077 10.505262218673552 ITA 108
157.8112667 3.110031838 9.3126260878911555 LAO 109
79.14637198 45.09390608 3.3004602392946678 ARM 110
15.57709036 73.19160336 0.028385240872726803 MCO 111
82.75588137 3.623683969 5.5333021042866761 ARE 112
53.22964595 30.79679314 1.5092835896515178 PSE 113
65.73951435 100.2468344 12.841917149747891 SWE 114
59.40482474 59.78049393 3.5207540575210716 MDA 115
-12.8415863 72.27488883 13.612976759834263 ESP 116
-10.2879362 -7.624271776 18.393430203769647 NGA 117
42.97798594 53.68087307 3.2447695147537408 ALB 118
40.70373491 -86.10787953 2.521785440438141 SWZ 119
77.91206405 53.34377449 5.0523974578903728 GEO 120
19.29013839 35.53951037 25.385214666124078 LBY 121
176.5113667 -29.97688626 13.019570787693549 PNG 122
48.19573174 81.58673934 10.701152987039785 POL 123
37.16399536 72.58459237 5.5422646197479413 AUT 124
156.60627 9.177765276 0.63585473900906408 HKG 125
68.88106293 91.1555773 4.0698734210711329 EST 126
55.52981642 91.47078104 10.889830355676377 NOR 127
41.46729735 56.844488 2.2491072070557596 MNE 128
72.46416165 31.73620944 12.669964586671146 IRQ 129
-56.90864849 5.196641383 3.6373446189428389 GNB 130
-39.30083162 20.42296176 21.312072863289 MLI 131
99.14809498 64.88565221 31.590503210666249 KAZ 132
