37.3899438 61.39000262 4.5526776267791265 HRV 0
104.408186 36.40820411 12.800566630480661 UZB 1
52.77454157 54.03184414 6.3724454835751505 BGR 2
-49.46385723 50.71768763 9.8701078583206741 ESH 3
-16.7620145 -29.84359395 3.2051952368216887 GNQ 4
46.71745165 57.19083033 5.6886742187974573 SRB 5
-30.88719058 4.844468013 9.9985374125564945 BFA 6
-23.30671808 -6.767367103 4.5603519857839236 TGO 7
90.23218698 40.72777663 13.370129438428238 TKM 8
64.267171 89.05653418 4.8625002969637778 LVA 9
31.05380924 87.36899295 11.436279335159089 DEU 10
141.8052758 -13.63362221 13.708525639829128 THA 11
82.94160481 48.63857084 5.6317061854582686 AZE 12
157.1464929 43.51329732 59.624244055997465 CHN 13
-18.10904463 -38.17223253 9.901006387181587 GAB 14
118.6549559 4.67976269 17.971892835527065 PAK 15
36.47251083 -40.24068806 3.1057915955951527 RWA 16
60.86144282 30.02774026 8.2352819195243896 SYR 17
23.16183275 -66.40936137 16.602245666982306 ZMB 18
26.2105752 101.5840603 3.9727373069308731 DNK 19
128.5452968 15.09436809 7.3418742401924684 NPL 20
7.025930502 54.82128413 7.7408066349161162 TUN 21
131.3144357 -2.28266801 7.3515691515904384 BGD 22
118.8643811 48.71314653 8.5574228086869208 KGZ 23
41.07020074 22.47574618 19.16075246330227 EGY 24
-10.86151152 43.04823491 29.534425053208992 DZA 25
-15.6841032 14.51394524 21.541181336294471 NER 26
112.4801642 22.57289077 15.455449563713943 AFG 27
74.79196608 -14.44096885 13.905448296150741 YEM 28
-29.8474121 64.75401057 5.8074704465109814 PRT 29
16.65832263 -41.22748515 29.304851741309538 COD 30
73.30634193 22.75499566 2.5545139778953314 KWT 31
-22.01781388 62.52256491 0.049164679376643552 GIB 32
154.1879277 -13.5200947 8.1425872479937649 KHM 33
156.9708935 -44.34014919 26.410681245322071 IDN 34
115.2212552 40.54144151 7.2393717431424731 TJK 35
-49.96823782 -2.001506256 5.1257960764766386 SLE 36
61.72705513 44.33016652 16.940177626341764 TUR 37
64.68514271 81.3568462 8.7195653003162121 BLR 38
45.16276671 66.51271449 5.8369746277505596 HUN 39
47.20898074 52.21704044 3.0687320534447307 MKD 40
147.5181887 -20.07853927 1.453036016482347 BRN 41
19.43989372 -97.06965121 21.146848235527195 ZAF 42
7.51164318 6.613689775 21.685216825491182 TCD 43
22.63288199 71.51901495 0.14966318452911395 SMR 44
11.10253494 79.7273708 14.214471604740707 FRA 45
50.0017003 -78.69570117 17.133943665848665 MOZ 46
56.82012309 -28.00578763 20.110589591703491 ETH 47
60.98289002 -13.47075708 6.5627388980373613 ERI 48
1.015298745 69.14768727 0.41407441383512078 AND 49
42.39778915 60.86986766 4.3306613245573979 BIH 50
-7.679014455 -58.04294443 21.367918388391331 AGO 51
77.2859122 93.50071728 11.132986753931805 FIN 52
33.06391718 -2.757189981 26.282090574320566 SDN 53
132.6450336 9.677414831 3.749839655771483 BTN 54
143.6497853 2.963413871 15.74128351252131 MMR 55
181.8056051 83.97887268 23.933976599751627 MNG 56
192.9247703 53.71747323 6.0581046968333183 KOR 57
8.111821937 -17.57350074 15.104965295379047 CAF 58
51.74508795 28.81562111 2.7580464920412568 ISR 59
154.8212296 8.705545888 0.10993556517815699 MAC 60
163.1475449 -7.339607153 11.013729508072137 VNM 61
-31.9938065 54.36824752 12.788400021873175 MAR 62
51.04932508 31.97112115 1.9565236374913348 LBN 63
62.70854684 6.068288103 28.058804141709228 SAU 64
89.79694575 19.25413094 24.568891108590357 IRN 65
65.00721048 -17.05274714 2.9149030374888021 DJI 66
57.06444625 82.52541905 4.8903247615768484 LTU 67
129.4890803 119.4271599 79.132880342658851 RUS 68
29.55629808 -81.27861792 11.962848551320587 ZWE 69
-58.61188654 33.08367077 19.428862804347926 MRT 70
7.811379011 -75.19121476 14.599658289365967 BWA 71
79.05137979 1.183900011 2.0599159718334348 QAT 72
-63.42449165 12.87783165 1.9785551345459282 GMB 73
116.2281101 -25.0658051 34.699247425117875 IND 74
-6.725427003 -25.20101459 13.195626536088458 CMR 75
22.24590713 58.86113328 0.012694265629824517 VAT 76
-47.27612015 -9.016727553 6.3865025746447772 LBR 77
-31.13942174 -7.727789569 9.3466352887464552 GHA 78
53.04150269 62.95311049 9.343859091966177 ROU 79
65.77488359 68.04994654 14.866882024982077 UKR 80
34.92133762 -43.53023116 3.19277815183945 BDI 81
57.13303524 -47.6636443 14.579163740507054 KEN 82
-49.32246814 6.264500212 9.4890463466215635 GIN 83
39.25788134 -70.34245662 6.5873576571332961 MWI 84
38.31517247 67.83772866 2.7248352799749322 SVN 85
37.31414612 -85.16016468 3.3342449855370329 LSO 86
-40.8321092 -1.589793592 10.867284926928818 CIV 87
76.85628391 -30.85075315 15.281808080540799 SOM 88
36.94007634 -25.963898 15.065644083474325 SSD 89
173.1667895 -42.39388073 2.333984953220948 TLS 90
31.75911557 74.02041598 0.24219115234978761 LIE 91
16.69909727 89.29655011 3.3437283629014938 BEL 92
-6.240937882 -39.52636529 11.191656516480931 COG 93
40.32984469 -56.11138973 18.604462963356873 TZA 94
39.75273585 78.1587117 5.3743239114709889 CZE 95
144.0542588 -27.51509712 11.006923884705028 MYS 96
47.07896445 71.99633828 4.23783185708528 SVK 97
43.53363486 -38.18172361 9.4055599638554988 UGA 98
187.8159721 65.20399703 6.6442082198163428 PRK 99
19.1405978 89.07922874 0.97316263828712479 LUX 100
-22.81815148 -0.4757082457 6.4223324680246954 BEN 101
45.05736227 46.96384165 6.9526691021093443 GRC 102
27.92027554 73.03678075 3.8884050369080385 CHE 103
-57.50974037 12.35986256 8.4880413831868076 SEN 104
55.84148859 23.93188572 5.7201718798253314 JOR 105
17.83515289 93.36728665 3.914982317706948 NLD 106
85.40615007 -5.37298139 10.64661481915231 OMN 107
29.22507166 64.4932829 10.505262218673552 ITA 108
157.8390596 2.876136874 9.3126260878911555 LAO 109
79.26929607 44.84812428 3.3004602392946678 ARM 110
15.77599193 73.1499497 0.028385240872726803 MCO 111
82.75763452 3.40068626 5.5333021042866761 ARE 112
53.31150815 30.67095761 1.5092835896515178 PSE 113
65.56096283 100.3246523 12.841917149747891 SWE 114
59.57668556 59.68015051 3.5207540575210716 MDA 115
-12.64843054 72.311553 13.612976759834263 ESP 116
-10.30456797 -7.662635866 18.393430203769647 NGA 117
43.12428991 53.56341129 3.2447695147537408 ALB 118
40.4621802 -86.20857875 2.521785440438141 SWZ 119
77.98359829 53.10003762 5.0523974578903728 GEO 120
19.38841795 35.48643238 25.385214666124078 LBY 121
176.4289202 -30.45837172 13.019570787693549 PNG 122
48.31225145 81.33207467 10.701152987039785 POL 123
37.30935546 72.41610373 5.5422646197479413 AUT 124
156.6307279 8.750443526 0.63585473900906408 HKG 125
68.92372037 91.03691751 4.0698734210711329 EST 126
55.35473326 91.57993284 10.889830355676377 NOR 127
41.62223861 56.73113624 2.2491072070557596 MNE 128
72.5988582 31.49910248 12.669964586671146 IRQ 129
-56.89425805 5.351892702 3.6373446189428389 GNB 130
-39.19397315 20.61198034 21.312072863289 MLI 131
99.07619293 64.61739083 31.590503210666249 KAZ 132
