37.22263031 61.24964371 4.5526776267791265 HRV 0
104.3882826 36.78463299 12.800566630480661 UZB 1
52.63493109 54.18432123 6.3724454835751505 BGR 2
-49.60205224 50.5825407 9.8701078583206741 ESH 3
-16.68032615 -29.89088724 3.2051952368216887 GNQ 4
46.59753411 57.36829815 5.6886742187974573 SRB 5
-30.89910289 4.753502002 9.9985374125564945 BFA 6
-23.28816711 -6.830932416 4.5603519857839236 TGO 7
90.19139177 41.05468139 13.370129438428238 TKM 8
64.11280405 89.25500014 4.8625002969637778 LVA 9
30.8153144 87.45339557 11.436279335159089 DEU 10
141.8102251 -13.33026752 13.708525639829128 THA 11
82.89829629 48.96825308 5.6317061854582686 AZE 12
157.0848707 43.84274693 59.624244055997465 CHN 13
-17.99295282 -38.21471381 9.901006387181587 GAB 14
118.6348202 5.066662496 17.971892835527065 PAK 15
36.58819537 -40.22454883 3.1057915955951527 RWA 16
60.80719669 30.28794663 8.2352819195243896 SYR 17
23.33257747 -66.34539498 16.602245666982306 ZMB 18
25.93331372 101.6551956 3.9727373069308731 DNK 19
128.5142495 15.45411272 7.3418742401924684 NPL 20
6.876328894 54.84024976 7.7408066349161162 TUN 21
131.3367368 -1.93719229 7.3515691515904384 BGD 22
118.805328 49.00591255 8.5574228086869208 KGZ 23
40.99851528 22.58362224 19.16075246330227 EGY 24
-10.97174831 43.03498061 29.534425053208992 DZA 25
-15.71996817 14.46900416 21.541181336294471 NER 26
112.395429 22.93140448 15.455449563713943 AFG 27
74.83672382 -14.2468041 13.905448296150741 YEM 28
-30.0239771 64.67233329 5.8074704465109814 PRT 29
16.75360926 -41.15048144 29.304851741309538 COD 30
73.30026131 22.91816349 2.5545139778953314 KWT 31
-22.18831971 62.46225836 0.049164679376643552 GIB 32
154.224322 -13.10032202 8.1425872479937649 KHM 33
157.0912878 -43.91170172 26.410681245322071 IDN 34
115.1342499 40.84247277 7.2393717431424731 TJK 35
-49.96297377 -2.13902462 5.1257960764766386 SLE 36
61.66407683 44.56311909 16.940177626341764 TUR 37
64.49511806 81.57795369 8.7195653003162121 BLR 38
45.02406781 66.61315068 5.8369746277505596 HUN 39
47.06633503 52.34565198 3.0687320534447307 MKD 40
147.5800378 -19.68114209 1.453036016482347 BRN 41
19.70596232 -97.0157448 21.146848235527195 ZAF 42
7.495688561 6.671024246 21.685216825491182 TCD 43
22.43766388 71.58050074 0.14966318452911395 SMR 44
10.89891415 79.75883664 14.214471604740707 FRA 45
50.22269612 -78.69149456 17.133943665848665 MOZ 46
57.01718723 -27.96221433 20.110589591703491 ETH 47
60.98293818 -13.37642055 6.5627388980373613 ERI 48
0.8256123241 69.15263624 0.41407441383512078 AND 49
42.26445008 61.02433368 4.3306613245573979 BIH 50
-7.520620376 -58.06367996 21.367918388391331 AGO 51
77.1669304 93.45087807 11.132986753931805 FIN 52
32.9786412 -2.738211235 26.282090574320566 SDN 53
132.6209465 10.00492697 3.749839655771483 BTN 54
143.644942 3.237503609 15.74128351252131 MMR 55
181.5757988 84.47460204 23.933976599751627 MNG 56
192.844642 54.23012677 6.0581046968333183 KOR 57
8.211138974 -17.49841429 15.104965295379047 CAF 58
51.64494769 28.96570768 2.7580464920412568 ISR 59
154.796901 9.127930734 0.10993556517815699 MAC 60
163.2111411 -7.003619331 11.013729508072137 VNM 61
-32.14887454 54.29390216 12.788400021873175 MAR 62
50.96190444 32.11028612 1.9565236374913348 LBN 63
62.48366983 6.176199132 28.058804141709228 SAU 64
89.80925024 19.58067264 24.568891108590357 IRN 65
65.08155842 -16.92596961 2.9149030374888021 DJI 66
56.8791426 82.77352724 4.8903247615768484 LTU 67
129.4346257 119.7494762 79.132880342658851 RUS 68
29.79332828 -81.18699526 11.962848551320587 ZWE 69
-58.75345898 32.89913544 19.428862804347926 MRT 70
8.016503107 -75.16962217 14.599658289365967 BWA 71
79.0726942 1.387642544 2.0599159718334348 QAT 72
-63.4593917 12.7047351 1.9785551345459282 GMB 73
116.5143242 -24.68551448 34.699247425117875 IND 74
-6.632420121 -25.14823231 13.195626536088458 CMR 75
22.08522647 58.92161036 0.012694265629824517 VAT 76
-47.25134277 -9.145683076 6.3865025746447772 LBR 77
-31.11822118 -7.812722208 9.3466352887464552 GHA 78
52.93101307 63.07449045 9.343859091966177 ROU 79
65.63012177 68.2709759 14.866882024982077 UKR 80
35.02579605 -43.45256301 3.19277815183945 BDI 81
57.25557775 -47.59751336 14.579163740507054 KEN 82
-49.34033278 6.115527558 9.4890463466215635 GIN 83
39.39884847 -70.31112578 6.5873576571332961 MWI 84
38.15924727 67.97583057 2.7248352799749322 SVN 85
37.54635988 -85.05803906 3.3342449855370329 LSO 86
-40.82761959 -1.701194794 10.867284926928818 CIV 87
76.94535364 -30.65130721 15.281808080540799 SOM 88
37.15897494 -25.83081895 15.065644083474325 SSD 89
173.2818132 -41.9212513 2.333984953220948 TLS 90
31.57379053 74.10670303 0.24219115234978761 LIE 91
16.45539667 89.34177988 3.3437283629014938 BEL 92
-6.118296454 -39.52472297 11.191656516480931 COG 93
40.49455024 -56.07670017 18.604462963356873 TZA 94
39.62193519 78.2781868 5.3743239114709889 CZE 95
144.1204472 -27.13552795 11.006923884705028 MYS 96
46.91148196 72.07192502 4.23783185708528 SVK 97
43.62094825 -38.15685486 9.4055599638554988 UGA 98
187.6624192 65.70997936 6.6442082198163428 PRK 99
18.89748106 89.13112075 0.97316263828712479 LUX 100
-22.81676862 -0.5379639627 6.4223324680246954 BEN 101
44.93305432 47.0818442 6.9526691021093443 GRC 102
27.73294746 73.10729269 3.8884050369080385 CHE 103
-57.5432492 12.20290586 8.4880413831868076 SEN 104
55.84989275 24.11354119 5.7201718798253314 JOR 105
17.58034139 93.4156009 3.914982317706948 NLD 106
85.45230568 -5.139174631 10.64661481915231 OMN 107
29.07677188 64.56045077 10.505262218673552 ITA 108
157.8396404 3.177131782 9.3126260878911555 LAO 109
79.14637198 45.09390608 3.3004602392946678 ARM 110
15.57655726 73.19241451 0.028385240872726803 MCO 111
82.75585706 3.622816668 5.5333021042866761 ARE 112
53.22964595 30.79679314 1.5092835896515178 PSE 113
65.45673599 100.3257042 12.841917149747891 SWE 114
59.5061017 59.85076648 3.5207540575210716 MDA 115
-12.84567971 72.27677362 13.612976759834263 ESP 116
-10.30514282 -7.636616789 18.393430203769647 NGA 117
42.97798594 53.68087307 3.2447695147537408 ALB 118
40.69890248 -86.09681792 2.521785440438141 SWZ 119
77.91206405 53.34377449 5.0523974578903728 GEO 120
19.29152391 35.53920003 25.385214666124078 LBY 121
176.5113667 -29.97688626 13.019570787693549 PNG 122
48.10070231 81.64817542 10.701152987039785 POL 123
37.14522968 72.55654921 5.5422646197479413 AUT 124
156.60627 9.177765276 0.63585473900906408 HKG 125
68.83949695 91.28783499 4.0698734210711329 EST 126
55.27017443 91.55731668 10.889830355676377 NOR 127
41.46729735 56.844488 2.2491072070557596 MNE 128
72.55390847 31.7132372 12.669964586671146 IRQ 129
-56.90864849 5.196641383 3.6373446189428389 GNB 130
-39.28551184 20.37769616 21.312072863289 MLI 131
99.05051408 64.9510374 31.590503210666249 KAZ 132
