81.04873219 38.34892478 2.0557569644500666 UZB 0
73.83405552 18.1220239 1.710080871288759 OMN 1
89.91277883 23.19057154 1.4956026317811606 LAO 2
89.22740769 16.88692183 0.23452920571340155 BRN 3
71.69048002 33.65554114 0.53309198679485736 ARM 4
77.0269103 37.76373535 2.1473621807261263 TKM 5
87.17166499 20.71066803 2.2021613878159085 THA 6
90.70081468 33.31098614 9.5746147296343835 CHN 7
72.62938403 34.30124477 0.90326734706082012 AZE 8
73.56230774 20.16792698 0.88791324243983027 ARE 9
81.05958962 31.10883119 2.8867106145893273 PAK 10
68.21424133 29.20261616 0.23452920571340155 PSE 11
89.82852856 6.445281042 0.37082323394226197 TLS 12
69.04791425 30.18976578 1.3232380821000413 SYR 13
83.03023455 29.15962048 0.60555180528483843 BTN 14
86.98402845 24.46189405 2.5277708225428466 MMR 15
87.74523856 43.56359784 3.8429884370489713 MNG 16
97.35766671 27.91199484 0.97171726668594127 KOR 17
83.66277618 27.88704627 1.1804377822478243 NPL 18
68.80976621 28.32727144 0.9183647828790974 JOR 19
71.44792793 34.97698458 0.81243300030876908 GEO 20
83.82213967 38.63931766 1.374215737339372 KGZ 21
89.98585609 24.38319926 0 MAC 22
92.25803794 22.08272453 1.7680660989436372 VNM 23
85.17596287 26.78320086 1.1804377822478243 BGD 24
67.686781 29.07710631 0.43876396748588703 ISR 25
79.53909543 35.08352481 2.482023813996677 AFG 26
67.53444589 29.65951496 0.31755404570407358 LBN 27
70.49916773 23.17803468 4.5061762348399528 SAU 28
75.60068007 31.84215043 3.9453919169220955 IRN 29
70.14962079 16.72011401 2.2331647160070136 YEM 30
87.64361008 16.77071411 1.7680660989436372 MYS 31
98.33481786 29.70010334 1.0661839735897147 PRK 32
73.74449684 21.11861744 0.33167438349248202 QAT 33
90.31843324 24.38955292 0.095746147296343842 HKG 34
71.88244241 26.9577616 0.40621650015438454 KWT 35
80.63528055 23.46750515 5.5722283544134807 IND 36
89.94208282 20.39252856 1.3093088722801136 KHM 37
88.35624138 10.81541947 4.2410247705886848 IDN 38
82.72366079 36.35552849 1.1608603422236872 TJK 39
71.57120952 29.33911042 2.0355910135354089 IRQ 40
69.12063059 33.40097888 2.7199321775973 TUR 41
80.67325698 43.98745508 5.0727389539493881 KAZ 42
