18.6962728 44.36295155 2.8615370866238203 HRV 0
57.50642312 43.7846794 8.0456599710605428 UZB 1
26.48790198 41.14958688 4.0053328126022905 BGR 2
-14.70131148 29.67316521 6.2037512868099371 ESH 3
8.23374194 1.209042572 2.014591366207501 GNQ 4
23.62999333 42.54684442 3.5755556587313486 SRB 5
-4.866867407 11.84899628 6.2844743167698613 BFA 6
-0.777583749 3.960143587 2.8663607233291999 TGO 7
50.94555224 42.46053044 8.403652614448438 TKM 8
30.15736684 61.65692857 3.0562728297819448 LVA 9
13.2774786 52.61963322 7.1881517061640636 DEU 10
100.0972876 8.920721008 8.6163479466602961 THA 11
43.9088472 43.30822491 3.5397490074557925 AZE 12
105.8796171 32.71535482 37.476184262326676 CHN 13
10.27265102 -1.650383109 6.2231722283977078 GAB 14
71.41928995 29.10817206 11.296042039785883 PAK 15
34.35289223 -4.834974551 1.9521122650644622 RWA 16
34.08679715 34.19189054 5.1761988358032553 SYR 17
30.93286083 -16.30463294 10.435164883598368 ZMB 18
13.32792879 57.10247652 2.4970217685365359 DNK 19
83.74983061 26.59283304 4.6146569438746008 NPL 20
11.71276059 37.30386101 4.8654016563582276 TUN 21
90.87443719 19.14827825 4.6207505772901625 BGD 22
69.65497467 41.09798161 5.3786770644470714 KGZ 23
26.72511037 28.85654939 12.043287110611452 EGY 24
1.505735692 32.51122535 18.56354865206217 DZA 25
5.750389616 19.81570652 13.539480353478147 NER 26
62.76750884 32.31716846 9.7143583935900413 AFG 27
49.14445325 10.9666295 8.7401215872418785 YEM 28
-10.16719452 38.95204898 3.6502237637941173 PRT 29
26.04789404 -4.951673386 18.419252789285672 COD 30
43.52319643 27.78996301 1.6056125834716548 KWT 31
-7.242149231 36.60358162 0.030901936161855166 GIB 32
105.5767693 6.811777997 5.1179365861862225 KHM 33
122.8658391 -6.180017869 16.600152714954319 IDN 34
66.70748364 37.97761848 4.5502300898722847 TJK 35
-14.61075495 6.956382258 3.2217645908053605 SLE 36
32.44502589 40.36766488 10.647568421414128 TUR 37
31.64563783 55.85290255 5.4805900025355623 BLR 38
22.04874836 45.36714486 3.6687683030188847 HUN 39
24.2646969 40.23438964 1.9288188841202558 MKD 40
115.3237989 1.125947515 0.91329032938929411 BRN 41
19.80175995 -31.87309945 13.291626478279163 ZAF 42
15.95382965 14.76432265 13.63001232782705 TCD 43
10.99344274 46.23403268 0.094069202377342287 SMR 44
1.222756062 45.54652614 8.9343549001740286 FRA 45
38.02924362 -22.73904119 10.7693580040799 MOZ 46
40.18364517 5.540405072 12.640297132402788 ETH 47
43.81439875 11.67191329 4.1249397137412878 ERI 48
1.867401554 41.77388229 0.26026206750102998 AND 49
21.09926097 42.900588 2.7219911018816463 BIH 50
17.23280269 -15.09843753 13.430577770908654 AGO 51
36.29750081 69.41224666 6.9975203809468356 FIN 52
28.02704602 16.6265051 16.519328416765436 SDN 53
88.45371075 25.84418868 2.3569218212962175 BTN 54
95.94349064 15.49377271 9.8940162811411696 MMR 55
97.5494201 52.74963697 15.043446359506243 MNG 56
124.0898761 36.79135589 3.8077572553501451 KOR 57
21.3895805 6.048754877 9.4940652355110995 CAF 58
31.79504418 31.32788767 1.7335407798667928 ISR 59
114.4874385 16.76426315 0.069098829894267105 MAC 60
108.3103884 11.06748695 6.9225625078330557 VNM 61
-9.480616951 33.35872436 8.0380127786601907 MAR 62
31.82262125 32.74004399 1.2297521169972385 LBN 63
41.5895629 20.19328962 17.636062827189136 SAU 64
47.82888187 33.37277662 15.4425151192161 IRN 65
45.27573525 8.936087222 1.832131292719642 DJI 66
28.95947398 59.43886972 3.0737616009915345 LTU 67
79.58461616 73.97172305 49.738130048993526 RUS 68
30.57548748 -23.7015085 7.5191211848412927 ZWE 69
-15.93363138 22.15213842 12.211805013064447 MRT 70
23.18684445 -23.21224498 9.1764598928151688 BWA 71
52.86540105 23.4214101 1.2947382687625772 QAT 72
-20.34929596 13.74068273 1.2435997800790115 GMB 73
78.09288243 17.29596344 21.809842805662843 IND 74
13.37411779 5.61774662 8.2939706717095998 CMR 75
11.34368984 39.38118059 0.0079788456080286535 VAT 76
-12.95393899 4.496594938 4.0141682476414822 LBR 77
-4.158131065 5.000853469 5.8747281724000926 GHA 78
27.25635343 46.16884787 5.872983223449654 ROU 79
33.9655898 50.01821163 9.344420528857972 UKR 80
34.06064151 -7.069573074 2.0067867395466026 BDI 81
42.9445296 -2.894432321 9.1635782621702848 KEN 82
-12.36210837 11.25899553 5.9642391277240385 GIN 83
37.43302745 -16.49668156 4.1404135728534062 MWI 84
17.36551862 45.73302734 1.7126662258547729 SVN 85
27.34023019 -31.03999792 2.0957042128093142 LSO 86
-9.18240009 6.92710585 6.8305163243713087 CIV 87
54.38535047 5.529747605 9.6052178867038016 SOM 88
30.23057191 6.088521472 9.4693503061046087 SSD 89
128.7730896 -10.64781235 1.4670014112087995 TLS 90
13.50059429 48.06564809 0.15222667215103919 LIE 91
5.063239222 51.16305904 2.1016648887586129 BEL 92
15.35464992 -3.626640877 7.0343966360126942 COG 93
38.66252137 -10.17473665 11.693637263754326 TZA 94
19.00748907 50.14883693 3.3779741174170201 CZE 95
110.8294186 -0.9055128144 6.918284905670312 MYS 96
22.19171114 48.36924132 2.6636441277096723 SVK 97
35.78556035 -1.068417518 5.9117646500434855 UGA 98
120.5403756 42.788609 4.1761463891978083 PRK 99
6.938566051 49.67721244 0.61167102287130426 LUX 100
0.05997162543 8.315360311 4.0366887459331542 BEN 101
23.98554802 37.60081093 4.3700261950646242 GRC 102
10.97773659 47.45604411 2.4440156174200904 CHE 103
-15.66899653 14.82296977 5.3350681075941644 SEN 104
33.45112283 29.79523729 3.5953531784685269 JOR 105
6.088863407 53.12997016 2.4607204845120081 NLD 106
59.22461547 17.30601153 6.6918164758255889 OMN 107
13.6019483 42.16865768 6.6029708026372491 ITA 108
104.3555358 14.45984498 5.8533520510245216 LAO 109
41.84271229 42.14548136 2.0744691699927422 ARM 110
8.814280181 42.43003141 0.017841241161527712 MCO 111
55.33729187 23.14848597 3.477898169151024 ARE 112
32.58941122 32.14843473 0.9486441430899224 PSE 113
30.04702438 67.53589846 8.0716504000200491 SWE 114
30.63079982 45.77227949 2.2129325057450684 MDA 115
-5.645677995 41.2153798 8.5562917146788298 ESP 116
6.283890709 9.385378113 11.560994867881757 NGA 117
22.65260393 39.92510061 2.0394653575731141 ALB 118
32.34649532 -28.57273337 1.5850414094500569 SWZ 119
40.86324693 44.13435153 3.1756306699768504 GEO 120
15.173081 28.56422558 15.955606606482256 LBY 121
147.5773957 -7.43959185 8.1833127041034555 PNG 122
26.66098561 55.62297338 6.7260958610226771 POL 123
16.15767087 47.65444906 3.4835314628924898 AUT 124
116.0953225 17.40054972 0.39965973138036581 HKG 125
33.23202201 64.56447352 2.558075639653592 EST 126
24.09302688 65.07282151 6.8446870137510034 NOR 127
21.55186565 41.22362672 1.4136524068663681 MNE 128
38.80107395 30.75591285 7.9635714458920717 IRQ 129
-16.61552676 11.40107851 2.2862142627261157 GNB 130
-5.693150325 20.50483652 13.395476660243069 MLI 131
58.86837715 54.95578464 19.855874703428896 KAZ 132
