37.18466758 61.26453593 4.5526776267791265 HRV 0
104.4352218 36.79341663 12.800566630480661 UZB 1
52.63585391 54.17297612 6.3724454835751505 BGR 2
-49.60205224 50.5825407 9.8701078583206741 ESH 3
-16.68032615 -29.89088724 3.2051952368216887 GNQ 4
46.58371974 57.35422255 5.6886742187974573 SRB 5
-30.89726029 4.748651324 9.9985374125564945 BFA 6
-23.28840878 -6.831103596 4.5603519857839236 TGO 7
90.23481831 41.06768452 13.370129438428238 TKM 8
64.11874324 89.23872279 4.8625002969637778 LVA 9
30.8153144 87.45339557 11.436279335159089 DEU 10
141.7900071 -13.32694277 13.708525639829128 THA 11
82.93641906 48.98911994 5.6317061854582686 AZE 12
157.0993192 43.84320155 59.624244055997465 CHN 13
-18.01992462 -38.20889671 9.901006387181587 GAB 14
118.6530649 5.025440526 17.971892835527065 PAK 15
36.58819537 -40.22454883 3.1057915955951527 RWA 16
60.76929514 30.30827824 8.2352819195243896 SYR 17
23.3465986 -66.34189753 16.602245666982306 ZMB 18
25.93331372 101.6551956 3.9727373069308731 DNK 19
128.5140636 15.45653053 7.3418742401924684 NPL 20
6.876328894 54.84024976 7.7408066349161162 TUN 21
131.3367368 -1.93719229 7.3515691515904384 BGD 22
118.805767 49.00755902 8.5574228086869208 KGZ 23
40.98932254 22.58262697 19.16075246330227 EGY 24
-10.97174831 43.03498061 29.534425053208992 DZA 25
-15.72845016 14.47714872 21.541181336294471 NER 26
112.4394597 22.92167558 15.455449563713943 AFG 27
74.83300815 -14.24754798 13.905448296150741 YEM 28
-30.0239771 64.67233329 5.8074704465109814 PRT 29
16.75083831 -41.17677213 29.304851741309538 COD 30
73.30026131 22.91816349 2.5545139778953314 KWT 31
-22.18831971 62.46225836 0.049164679376643552 GIB 32
154.224322 -13.10032202 8.1425872479937649 KHM 33
157.0935559 -43.91206586 26.410681245322071 IDN 34
115.1346283 40.84303317 7.2393717431424731 TJK 35
-49.96401639 -2.143212449 5.1257960764766386 SLE 36
61.6953098 44.55659581 16.940177626341764 TUR 37
64.53837613 81.55249099 8.7195653003162121 BLR 38
45.02406781 66.61315068 5.8369746277505596 HUN 39
47.06633503 52.34565198 3.0687320534447307 MKD 40
147.5807449 -19.68283373 1.453036016482347 BRN 41
19.70338835 -97.01987809 21.146848235527195 ZAF 42
7.489655292 6.663115467 21.685216825491182 TCD 43
22.43766388 71.58050074 0.14966318452911395 SMR 44
10.89327105 79.76861753 14.214471604740707 FRA 45
50.22269612 -78.69149456 17.133943665848665 MOZ 46
57.00672644 -27.97703658 20.110589591703491 ETH 47
60.98478926 -13.39433077 6.5627388980373613 ERI 48
0.8273794568 69.15452204 0.41407441383512078 AND 49
42.26477065 61.04060087 4.3306613245573979 BIH 50
-7.520620376 -58.06367996 21.367918388391331 AGO 51
77.33800238 93.40933167 11.132986753931805 FIN 52
32.99004996 -2.751520494 26.282090574320566 SDN 53
132.6209465 10.00492697 3.749839655771483 BTN 54
143.6381197 3.259405348 15.74128351252131 MMR 55
181.5757988 84.47460204 23.933976599751627 MNG 56
192.8449958 54.22988632 6.0581046968333183 KOR 57
8.200246358 -17.48559606 15.104965295379047 CAF 58
51.64605342 28.96429027 2.7580464920412568 ISR 59
154.796901 9.127930734 0.10993556517815699 MAC 60
163.2120062 -7.009512966 11.013729508072137 VNM 61
-32.14887454 54.29390216 12.788400021873175 MAR 62
50.96190444 32.11028612 1.9565236374913348 LBN 63
62.48533983 6.168599665 28.058804141709228 SAU 64
89.77738468 19.57392353 24.568891108590357 IRN 65
65.08155842 -16.92596961 2.9149030374888021 DJI 66
56.90042709 82.68068595 4.8903247615768484 LTU 67
129.3355454 119.9232686 79.132880342658851 RUS 68
29.78523663 -81.19515378 11.962848551320587 ZWE 69
-58.75345898 32.89913544 19.428862804347926 MRT 70
8.009495224 -75.16940725 14.599658289365967 BWA 71
79.0726942 1.387642544 2.0599159718334348 QAT 72
-63.4593917 12.7047351 1.9785551345459282 GMB 73
116.5078654 -24.74668913 34.699247425117875 IND 74
-6.632518642 -25.15413676 13.195626536088458 CMR 75
22.08522647 58.92161036 0.012694265629824517 VAT 76
-47.25134277 -9.145683076 6.3865025746447772 LBR 77
-31.11822118 -7.812722208 9.3466352887464552 GHA 78
52.90193139 63.07702589 9.343859091966177 ROU 79
65.62292584 68.23068993 14.866882024982077 UKR 80
35.02944538 -43.45155677 3.19277815183945 BDI 81
57.26285616 -47.63391277 14.579163740507054 KEN 82
-49.33819361 6.115947909 9.4890463466215635 GIN 83
39.39550459 -70.31847687 6.5873576571332961 MWI 84
38.15924727 67.97583057 2.7248352799749322 SVN 85
37.54906537 -85.05611064 3.3342449855370329 LSO 86
-40.82761959 -1.701194794 10.867284926928818 CIV 87
76.94361737 -30.65243328 15.281808080540799 SOM 88
37.16285333 -25.84412239 15.065644083474325 SSD 89
173.2818132 -41.9212513 2.333984953220948 TLS 90
31.57395949 74.10660003 0.24219115234978761 LIE 91
16.45539667 89.34177988 3.3437283629014938 BEL 92
-6.139587475 -39.52500816 11.191656516480931 COG 93
40.46024749 -56.08000895 18.604462963356873 TZA 94
39.60642417 78.27313006 5.3743239114709889 CZE 95
144.1191646 -27.14050281 11.006923884705028 MYS 96
46.91060923 72.06888868 4.23783185708528 SVK 97
43.62094825 -38.15685486 9.4055599638554988 UGA 98
187.6624192 65.70997936 6.6442082198163428 PRK 99
18.89748106 89.13112075 0.97316263828712479 LUX 100
-22.81676862 -0.5379639627 6.4223324680246954 BEN 101
44.93305432 47.0818442 6.9526691021093443 GRC 102
27.72890698 73.11467728 3.8884050369080385 CHE 103
-57.5432492 12.20290586 8.4880413831868076 SEN 104
55.83252044 24.1175944 5.7201718798253314 JOR 105
17.58034139 93.4156009 3.914982317706948 NLD 106
85.45212701 -5.140985246 10.64661481915231 OMN 107
29.07677188 64.56045077 10.505262218673552 ITA 108
157.8359496 3.178285725 9.3126260878911555 LAO 109
79.14637198 45.09390608 3.3004602392946678 ARM 110
15.57664042 73.1922816 0.028385240872726803 MCO 111
82.75554653 3.622861236 5.5333021042866761 ARE 112
53.22964595 30.79679314 1.5092835896515178 PSE 113
65.60127574 100.2644699 12.841917149747891 SWE 114
59.48563333 59.80632334 3.5207540575210716 MDA 115
-12.84567971 72.27677362 13.612976759834263 ESP 116
-10.30528264 -7.632337508 18.393430203769647 NGA 117
42.97798594 53.68087307 3.2447695147537408 ALB 118
40.70015686 -86.09720544 2.521785440438141 SWZ 119
77.91206405 53.34377449 5.0523974578903728 GEO 120
19.29152391 35.53920003 25.385214666124078 LBY 121
176.5113667 -29.97688626 13.019570787693549 PNG 122
48.13330998 81.57824346 10.701152987039785 POL 123
37.14294306 72.55636539 5.5422646197479413 AUT 124
156.60627 9.177765276 0.63585473900906408 HKG 125
68.86447091 91.23878717 4.0698734210711329 EST 126
55.39578109 91.50697417 10.889830355676377 NOR 127
41.46729735 56.844488 2.2491072070557596 MNE 128
72.53404988 31.74442754 12.669964586671146 IRQ 129
-56.90864849 5.196641383 3.6373446189428389 GNB 130
-39.29465542 20.39180406 21.312072863289 MLI 131
99.03462199 64.97715114 31.590503210666249 KAZ 132
