7.13481807 16.92147873 5.4112177593872115 ECU 0
54.33312797 44.61240677 4.162585745945858 SUR 1
68.41830192 13.4929655 30.011777918051362 BRA 2
42.52513169 -40.48667207 17.148789956564176 ARG 3
-9.402578278 37.6981466 3.7134148315639344 NIC 4
-23.79310389 45.91763358 1.5585495969623204 BLZ 5
35.9136423 -11.12188781 10.779432063945654 BOL 6
-17.06510301 42.56226483 3.4493794041639858 HND 7
55.68639366 -20.77428193 6.5591052689396285 PRY 8
-34.61741207 173.5733336 32.497256445753457 CAN 9
62.38934049 -29.7088576 4.3758251458373021 URY 10
-21.28046575 37.94708729 1.4918012341502951 SLV 11
-43.79020064 47.48821848 14.414250154933546 MEX 12
-4.690023327 32.04664766 2.3248214720880873 CRI 13
1.784134501 32.86372321 2.8243214135934158 PAN 14
-25.50460735 40.69494138 3.3936874521203024 GTM 15
30.86224907 46.7242562 9.8453937208227593 VEN 16
21.69450262 -24.77552858 8.9427291487690415 CHL 17
17.01998251 0.9628132373 11.659176208262862 PER 18
-46.11472646 95.23444017 31.485464686567518 USA 19
18.93795173 29.6448729 10.989172304478625 COL 20
61.34412168 46.4539922 2.9724289122313401 GUF 21
45.37535848 44.88739281 4.7683463885384132 GUY 22
