81.05262914 38.26644267 1.6274742635229698 UZB 0
73.78228589 18.08700594 1.3538140231036011 OMN 1
89.85535035 23.15520886 1.1840187501600856 LAO 2
89.18626027 16.85880959 0.18566895452310958 BRN 3
71.66292625 33.63060042 0.42203115621259546 ARM 4
76.96377387 37.69990482 1.699995059741517 TKM 5
87.14191489 20.66167913 1.743377765354261 THA 6
90.61659433 33.24984381 7.5799033276272221 CHN 7
72.58741545 34.29259471 0.71508664975648273 AZE 8
73.51921304 20.13507541 0.70293131693153232 ARE 9
80.99724111 31.06358535 2.2853125698832177 PAK 10
68.161397 29.18044844 0.18566895452310958 PSE 11
89.77596289 6.428141018 0.29356839353762415 TLS 12
69.0260132 30.14003877 1.0475634816625328 SYR 13
82.97281099 29.1101798 0.47939517918383051 BTN 14
86.92707138 24.40821527 2.0011519011797541 MMR 15
87.6930969 43.52916167 3.0423658459971032 MNG 16
97.31695621 27.87769294 0.76927616945970356 KOR 17
83.6068868 27.84358813 0.93451324427952775 NPL 18
68.76833138 28.30911992 0.72703878644595221 JOR 19
71.39598984 34.94469958 0.64317612524444223 GEO 20
83.77276092 38.60034093 1.0879207920603362 KGZ 21
89.92331886 24.34258769 0 MAC 22
92.19364091 22.05636182 1.3997189949970463 VNM 23
85.12084266 26.74525022 0.93451324427952775 BGD 24
67.64250181 29.0586354 0.34735480759299403 ISR 25
79.48369451 35.03499787 1.9649355194140361 AFG 26
67.48941362 29.63948662 0.25139695284905833 LBN 27
70.44303378 23.16902803 3.5673895192482963 SAU 28
75.56327639 31.79166347 3.1234352675633259 IRN 29
70.10643263 16.69725256 1.7679220668388862 YEM 30
87.60599338 16.7323384 1.3997189949970463 MYS 31
98.29236779 29.65908001 0.84406231242519092 PRK 32
73.68753514 21.08574512 0.26257555359821499 QAT 33
90.25996726 24.35797344 0.075799033276272229 HKG 34
71.83394796 26.89465638 0.32158806262222112 KWT 35
80.58011432 23.4373972 4.4113474472440064 IND 36
89.90533553 20.36033254 1.0365361905550903 KHM 37
88.31493788 10.78588015 3.3574779433827091 IDN 38
82.69101456 36.31720646 0.91901443759375256 TJK 39
71.54471413 29.2879958 1.6115095523821987 IRQ 40
69.1040339 33.34169465 2.1532796405978627 TUR 41
80.62657971 43.89338515 4.0159183385432664 KAZ 42
