6.844900548 17.22149199 5.4112177593872115 ECU 0
54.37475175 45.42694259 4.162585745945858 SUR 1
68.23776502 13.67911133 30.011777918051362 BRA 2
42.48036798 -40.41170253 17.148789956564176 ARG 3
-9.532418178 38.11371811 3.7134148315639344 NIC 4
-23.50662348 46.57122266 1.5585495969623204 BLZ 5
35.8525283 -11.12560056 10.779432063945654 BOL 6
-17.07118949 42.78021804 3.4493794041639858 HND 7
55.66888074 -20.6883131 6.5591052689396285 PRY 8
-33.98146845 173.813003 32.497256445753457 CAN 9
63.16716853 -29.62878612 4.3758251458373021 URY 10
-21.14635017 38.2773012 1.4918012341502951 SLV 11
-43.4466659 48.57773575 14.414250154933546 MEX 12
-4.716872778 32.33305611 2.3248214720880873 CRI 13
1.781287839 33.03228487 2.8243214135934158 PAN 14
-25.48138522 41.10752852 3.3936874521203024 GTM 15
30.88375138 46.67888501 9.8453937208227593 VEN 16
21.47709241 -24.8554236 8.9427291487690415 CHL 17
16.88717522 0.8759126481 11.659176208262862 PER 18
-46.00829289 94.60150444 31.485464686567518 USA 19
18.95736128 29.56281372 10.989172304478625 COL 20
61.53555092 46.65277322 2.9724289122313401 GUF 21
45.44595113 45.0189911 4.7683463885384132 GUY 22
