37.38091572 61.12496539 4.5526776267791265 HRV 0
104.5208596 36.32454106 12.800566630480661 UZB 1
52.87646921 54.04862487 6.3724454835751505 BGR 2
-49.37812297 50.80116123 9.8701078583206741 ESH 3
-16.75569367 -29.81021996 3.2051952368216887 GNQ 4
46.80007072 57.23253485 5.6886742187974573 SRB 5
-30.87896407 4.8966305 9.9985374125564945 BFA 6
-23.31811512 -6.7279917 4.5603519857839236 TGO 7
90.2934755 40.58596764 13.370129438428238 TKM 8
64.37704944 89.05964367 4.8625002969637778 LVA 9
31.20133381 87.3164175 11.436279335159089 DEU 10
141.7830853 -13.88989748 13.708525639829128 THA 11
83.00147034 48.52501849 5.6317061854582686 AZE 12
157.2232056 43.16362885 59.624244055997465 CHN 13
-18.06885248 -37.87644031 9.901006387181587 GAB 14
118.8024398 4.567794133 17.971892835527065 PAK 15
36.40449107 -40.30223383 3.1057915955951527 RWA 16
60.72967932 29.93213452 8.2352819195243896 SYR 17
23.05767585 -66.35529479 16.602245666982306 ZMB 18
26.38211636 101.5396449 3.9727373069308731 DNK 19
128.6276967 15.00947254 7.3418742401924684 NPL 20
7.118515284 54.80933892 7.7408066349161162 TUN 21
131.2988754 -2.500747547 7.3515691515904384 BGD 22
118.9435834 48.56078415 8.5574228086869208 KGZ 23
41.10270593 22.42975579 19.16075246330227 EGY 24
-10.78878626 43.06651893 29.534425053208992 DZA 25
-15.65956634 14.54041546 21.541181336294471 NER 26
112.4671522 22.41874887 15.455449563713943 AFG 27
74.70219697 -14.57088027 13.905448296150741 YEM 28
-29.73799805 64.80433138 5.8074704465109814 PRT 29
16.65630737 -41.15026844 29.304851741309538 COD 30
73.34753074 22.69511752 2.5545139778953314 KWT 31
-21.91217997 62.55966448 0.049164679376643552 GIB 32
154.1648719 -13.78050348 8.1425872479937649 KHM 33
156.8957777 -44.60521452 26.410681245322071 IDN 34
115.2159569 40.42734121 7.2393717431424731 TJK 35
-49.97154715 -1.917105539 5.1257960764766386 SLE 36
61.6352645 44.16201835 16.940177626341764 TUR 37
64.75843388 81.37592016 8.7195653003162121 BLR 38
45.23971436 66.37188157 5.8369746277505596 HUN 39
47.23175753 52.26530208 3.0687320534447307 MKD 40
147.484065 -20.3276733 1.453036016482347 BRN 41
19.33257962 -97.10208692 21.146848235527195 ZAF 42
7.522803187 6.600992949 21.685216825491182 TCD 43
22.75364748 71.48068531 0.14966318452911395 SMR 44
11.21730432 79.69706148 14.214471604740707 FRA 45
49.72338644 -78.65869078 17.133943665848665 MOZ 46
56.75456598 -28.01493921 20.110589591703491 ETH 47
60.95321685 -13.49194218 6.5627388980373613 ERI 48
1.108613386 69.12523904 0.41407441383512078 AND 49
42.47480063 60.91739896 4.3306613245573979 BIH 50
-7.777039787 -58.02989155 21.367918388391331 AGO 51
77.68317661 93.3691496 11.132986753931805 FIN 52
33.04520079 -2.780976716 26.282090574320566 SDN 53
132.7072015 9.587359684 3.749839655771483 BTN 54
143.5591982 2.696537877 15.74128351252131 MMR 55
181.9237544 83.68700648 23.933976599751627 MNG 56
193.0025335 53.38035909 6.0581046968333183 KOR 57
8.04119821 -17.515343 15.104965295379047 CAF 58
51.79764494 28.74339415 2.7580464920412568 ISR 59
154.8357127 8.444035741 0.10993556517815699 MAC 60
163.1268384 -7.617221274 11.013729508072137 VNM 61
-31.91420525 54.42006715 12.788400021873175 MAR 62
51.10325245 31.8848517 1.9565236374913348 LBN 63
62.78271347 6.041915525 28.058804141709228 SAU 64
89.77788367 19.09516781 24.568891108590357 IRN 65
64.97524956 -17.13662441 2.9149030374888021 DJI 66
57.13792216 82.54617688 4.8903247615768484 LTU 67
129.7042371 119.2582722 79.132880342658851 RUS 68
29.36654313 -81.25336024 11.962848551320587 ZWE 69
-58.55592362 33.18262082 19.428862804347926 MRT 70
7.708192811 -75.11650952 14.599658289365967 BWA 71
79.12230182 1.091987801 2.0599159718334348 QAT 72
-63.40265013 12.98493916 1.9785551345459282 GMB 73
116.2774825 -25.16938583 34.699247425117875 IND 74
-6.758664828 -25.1905903 13.195626536088458 CMR 75
22.34529363 58.82347531 0.012694265629824517 VAT 76
-47.29128224 -8.936863898 6.3865025746447772 LBR 77
-31.15242979 -7.675183123 9.3466352887464552 GHA 78
53.12698188 62.9480671 9.343859091966177 ROU 79
65.86547564 68.05019611 14.866882024982077 UKR 80
34.90807886 -43.56145472 3.19277815183945 BDI 81
57.11564768 -47.67570811 14.579163740507054 KEN 82
-49.31181686 6.347798414 9.4890463466215635 GIN 83
39.13186984 -70.36489493 6.5873576571332961 MWI 84
38.37824586 67.87264664 2.7248352799749322 SVN 85
37.18395035 -85.13643 3.3342449855370329 LSO 86
-40.83473617 -1.520824659 10.867284926928818 CIV 87
76.83071121 -30.93735257 15.281808080540799 SOM 88
36.89871382 -26.00242533 15.065644083474325 SSD 89
173.0949379 -42.68630419 2.333984953220948 TLS 90
31.8413584 73.9839478 0.24219115234978761 LIE 91
16.84989802 89.26821746 3.3437283629014938 BEL 92
-6.232772483 -39.51702124 11.191656516480931 COG 93
40.32826573 -56.14285827 18.604462963356873 TZA 94
39.83861915 78.14253457 5.3743239114709889 CZE 95
144.0075795 -27.75836986 11.006923884705028 MYS 96
47.15578877 71.91510128 4.23783185708528 SVK 97
43.46903123 -38.23505189 9.4055599638554988 UGA 98
187.9188034 64.87355139 6.6442082198163428 PRK 99
19.291028 89.04677263 0.97316263828712479 LUX 100
-22.81892242 -0.4371670206 6.4223324680246954 BEN 101
45.16775784 46.97801177 6.9526691021093443 GRC 102
28.00703817 72.93431504 3.8884050369080385 CHE 103
-57.48878216 12.45698062 8.4880413831868076 SEN 104
55.71067887 23.82407856 5.7201718798253314 JOR 105
17.99282761 93.33702936 3.914982317706948 NLD 106
85.06840462 -5.313265411 10.64661481915231 OMN 107
29.31611824 64.45254447 10.505262218673552 ITA 108
157.801415 2.609123747 9.3126260878911555 LAO 109
79.28211727 44.84984607 3.3004602392946678 ARM 110
15.89810775 73.1261401 0.028385240872726803 MCO 111
82.64392122 3.56467893 5.5333021042866761 ARE 112
53.36142753 30.60639878 1.5092835896515178 PSE 113
65.97336871 100.2105025 12.841917149747891 SWE 114
59.6750861 59.6748765 3.5207540575210716 MDA 115
-12.53952404 72.35257699 13.612976759834263 ESP 116
-10.32224477 -7.655121878 18.393430203769647 NGA 117
43.3002075 53.56294106 3.2447695147537408 ALB 118
40.31984329 -86.22673225 2.521785440438141 SWZ 119
78.07795363 53.11169053 5.0523974578903728 GEO 120
19.44832795 35.45363414 25.385214666124078 LBY 121
176.3772234 -30.75632204 13.019570787693549 PNG 122
48.39495333 81.29993808 10.701152987039785 POL 123
37.40648531 72.45804549 5.5422646197479413 AUT 124
156.6452842 8.485877018 0.63585473900906408 HKG 125
68.99793607 91.12380983 4.0698734210711329 EST 126
55.76409615 91.48148535 10.889830355676377 NOR 127
41.69548466 56.79920692 2.2491072070557596 MNE 128
72.48545269 31.35620917 12.669964586671146 IRQ 129
-56.88513739 5.447981187 3.6373446189428389 GNB 130
-39.15910299 20.67815074 21.312072863289 MLI 131
99.19815128 64.44616128 31.590503210666249 KAZ 132
