10.75934208 19.05931695 5.4112177593872115 ECU 0
57.45200505 47.78746307 4.162585745945858 SUR 1
71.53895458 16.60074295 30.011777918051362 BRA 2
45.65938074 -37.39526968 17.148789956564176 ARG 3
-6.293045187 40.64421717 3.7134148315639344 NIC 4
-20.91909599 48.11037613 1.5585495969623204 BLZ 5
39.04789497 -8.056751198 10.779432063945654 BOL 6
-14.02680117 45.42292516 3.4493794041639858 HND 7
58.84158103 -17.69213373 6.5591052689396285 PRY 8
-34.90894452 173.2271262 32.497256445753457 CAN 9
65.4650705 -26.6287184 4.3758251458373021 URY 10
-18.30616844 40.83969507 1.4918012341502951 SLV 11
-41.18102767 48.96878967 14.414250154933546 MEX 12
-1.671922804 35.10836148 2.3248214720880873 CRI 13
4.80741707 35.94807544 2.8243214135934158 PAN 14
-22.46731279 43.4036629 3.3936874521203024 GTM 15
34.00168024 49.8161638 9.8453937208227593 VEN 16
24.8131974 -21.7050465 8.9427291487690415 CHL 17
20.14507824 4.032739913 11.659176208262862 PER 18
-43.55937411 94.97890777 31.485464686567518 USA 19
22.04520377 32.72582988 10.989172304478625 COL 20
64.52060885 48.84067636 2.9724289122313401 GUF 21
48.51198226 47.91013711 4.7683463885384132 GUY 22
