37.12946657 61.35836259 4.5526776267791265 HRV 0
104.5987501 36.67535325 12.800566630480661 UZB 1
52.49457269 54.11984345 6.3724454835751505 BGR 2
-49.60205224 50.5825407 9.8701078583206741 ESH 3
-16.68032615 -29.89088724 3.2051952368216887 GNQ 4
46.475642 57.37587533 5.6886742187974573 SRB 5
-30.89726029 4.748651324 9.9985374125564945 BFA 6
-23.28893497 -6.830424451 4.5603519857839236 TGO 7
90.388501 40.97518991 13.370129438428238 TKM 8
64.17517009 89.15222996 4.8625002969637778 LVA 9
30.8153144 87.45339557 11.436279335159089 DEU 10
141.7259672 -13.3902597 13.708525639829128 THA 11
83.13622627 48.94751315 5.6317061854582686 AZE 12
157.2079655 43.74531278 59.624244055997465 CHN 13
-18.06292053 -38.19017147 9.901006387181587 GAB 14
118.6975002 4.826913226 17.971892835527065 PAK 15
36.58819537 -40.22454883 3.1057915955951527 RWA 16
60.68807816 30.30836402 8.2352819195243896 SYR 17
23.29413435 -66.34565142 16.602245666982306 ZMB 18
25.93331372 101.6551956 3.9727373069308731 DNK 19
128.5623549 15.2923574 7.3418742401924684 NPL 20
6.876328894 54.84024976 7.7408066349161162 TUN 21
131.3964394 -1.946235186 7.3515691515904384 BGD 22
118.8788784 48.93071011 8.5574228086869208 KGZ 23
40.98349247 22.5547377 19.16075246330227 EGY 24
-10.93995466 43.05141211 29.534425053208992 DZA 25
-15.73141296 14.46940788 21.541181336294471 NER 26
112.6065507 22.78491284 15.455449563713943 AFG 27
74.84236136 -14.23628197 13.905448296150741 YEM 28
-30.0239771 64.67233329 5.8074704465109814 PRT 29
16.7536216 -41.13796587 29.304851741309538 COD 30
73.30026131 22.91816349 2.5545139778953314 KWT 31
-22.18831971 62.46225836 0.049164679376643552 GIB 32
154.2131495 -13.10562186 8.1425872479937649 KHM 33
157.1001764 -43.99667885 26.410681245322071 IDN 34
115.2205194 40.75017859 7.2393717431424731 TJK 35
-49.96559467 -2.147347881 5.1257960764766386 SLE 36
61.63200592 44.55942432 16.940177626341764 TUR 37
64.61868225 81.45897793 8.7195653003162121 BLR 38
44.9886821 66.61484361 5.8369746277505596 HUN 39
47.06678059 52.3481515 3.0687320534447307 MKD 40
147.5873507 -19.69422351 1.453036016482347 BRN 41
19.72030879 -97.05743135 21.146848235527195 ZAF 42
7.522723833 6.686069397 21.685216825491182 TCD 43
22.43766388 71.58050074 0.14966318452911395 SMR 44
10.90414687 79.78245512 14.214471604740707 FRA 45
50.22269612 -78.69149456 17.133943665848665 MOZ 46
57.05792326 -28.00480094 20.110589591703491 ETH 47
61.01096721 -13.39866033 6.5627388980373613 ERI 48
0.838330692 69.16771059 0.41407441383512078 AND 49
42.16496475 61.08074802 4.3306613245573979 BIH 50
-7.520620376 -58.06367996 21.367918388391331 AGO 51
77.4567036 93.32081526 11.132986753931805 FIN 52
33.03709888 -2.779419795 26.282090574320566 SDN 53
132.5932284 9.934408197 3.749839655771483 BTN 54
143.5931965 3.214329199 15.74128351252131 MMR 55
181.5757988 84.47460204 23.933976599751627 MNG 56
192.9612614 54.23855216 6.0581046968333183 KOR 57
8.204498369 -17.43947244 15.104965295379047 CAF 58
51.6463241 28.9649854 2.7580464920412568 ISR 59
154.796901 9.127930734 0.10993556517815699 MAC 60
163.2587238 -7.079321285 11.013729508072137 VNM 61
-32.16068085 54.28328466 12.788400021873175 MAR 62
50.96190444 32.11028612 1.9565236374913348 LBN 63
62.54577967 6.183597139 28.058804141709228 SAU 64
89.67284917 19.46413028 24.568891108590357 IRN 65
65.08155842 -16.92596961 2.9149030374888021 DJI 66
56.97374635 82.57618184 4.8903247615768484 LTU 67
129.2803509 120.0499167 79.132880342658851 RUS 68
29.78376342 -81.19458876 11.962848551320587 ZWE 69
-58.75680754 32.90309757 19.428862804347926 MRT 70
7.965860902 -75.19820221 14.599658289365967 BWA 71
79.0726942 1.387642544 2.0599159718334348 QAT 72
-63.45939652 12.70467976 1.9785551345459282 GMB 73
116.4690238 -24.9695936 34.699247425117875 IND 74
-6.636624981 -25.16458185 13.195626536088458 CMR 75
22.08522647 58.92161036 0.012694265629824517 VAT 76
-47.25134277 -9.145683076 6.3865025746447772 LBR 77
-31.11822118 -7.812722208 9.3466352887464552 GHA 78
52.85955145 63.03045481 9.343859091966177 ROU 79
65.62862679 68.1168857 14.866882024982077 UKR 80
35.04800919 -43.4523136 3.19277815183945 BDI 81
57.27182765 -47.68219561 14.579163740507054 KEN 82
-49.34344819 6.120444817 9.4890463466215635 GIN 83
39.40209355 -70.32682333 6.5873576571332961 MWI 84
38.13304052 67.97995477 2.7248352799749322 SVN 85
37.55377117 -85.05906986 3.3342449855370329 LSO 86
-40.82761959 -1.701194794 10.867284926928818 CIV 87
76.9624578 -30.66132045 15.281808080540799 SOM 88
37.16128881 -25.90214872 15.065644083474325 SSD 89
173.2822979 -41.92130146 2.333984953220948 TLS 90
31.58738738 74.10484162 0.24219115234978761 LIE 91
16.45539667 89.34177988 3.3437283629014938 BEL 92
-6.162399555 -39.46443759 11.191656516480931 COG 93
40.42017282 -56.07118747 18.604462963356873 TZA 94
39.63508674 78.26577879 5.3743239114709889 CZE 95
144.0994534 -27.21740754 11.006923884705028 MYS 96
46.92826947 72.02583036 4.23783185708528 SVK 97
43.62391854 -38.18947719 9.4055599638554988 UGA 98
187.7027882 65.73159929 6.6442082198163428 PRK 99
18.89748106 89.13112075 0.97316263828712479 LUX 100
-22.81676862 -0.5379639627 6.4223324680246954 BEN 101
44.92928078 47.07998561 6.9526691021093443 GRC 102
27.75331418 73.1639085 3.8884050369080385 CHE 103
-57.54307196 12.20306494 8.4880413831868076 SEN 104
55.76388385 24.10953038 5.7201718798253314 JOR 105
17.58034139 93.4156009 3.914982317706948 NLD 106
85.45707388 -5.148211595 10.64661481915231 OMN 107
29.07677188 64.56045077 10.505262218673552 ITA 108
157.8054325 3.082940736 9.3126260878911555 LAO 109
79.14646849 45.09481475 3.3004602392946678 ARM 110
15.57725708 73.19133142 0.028385240872726803 MCO 111
82.75506804 3.624041781 5.5333021042866761 ARE 112
53.22964595 30.79679314 1.5092835896515178 PSE 113
65.72365913 100.1996868 12.841917149747891 SWE 114
59.39758999 59.74990495 3.5207540575210716 MDA 115
-12.84012817 72.27269927 13.612976759834263 ESP 116
-10.28784119 -7.620249429 18.393430203769647 NGA 117
42.97798594 53.68087307 3.2447695147537408 ALB 118
40.70503602 -86.11094229 2.521785440438141 SWZ 119
77.92633023 53.35776347 5.0523974578903728 GEO 120
19.29373936 35.5265837 25.385214666124078 LBY 121
176.5113667 -29.97688626 13.019570787693549 PNG 122
48.17422859 81.59158681 10.701152987039785 POL 123
37.16347782 72.5727207 5.5422646197479413 AUT 124
156.60627 9.177765276 0.63585473900906408 HKG 125
68.89295795 91.13234206 4.0698734210711329 EST 126
55.51748227 91.42011895 10.889830355676377 NOR 127
41.46729735 56.844488 2.2491072070557596 MNE 128
72.46816175 31.72069618 12.669964586671146 IRQ 129
-56.90864849 5.196641383 3.6373446189428389 GNB 130
-39.30233962 20.4205333 21.312072863289 MLI 131
99.09839985 64.96949858 31.590503210666249 KAZ 132
