59.20736795 92.04666168 5.4112177593872124 ECU 0
103.4933905 122.8472814 4.1625857459458588 SUR 1
118.2921037 91.98569398 30.011777918051365 BRA 2
94.34900365 37.40991664 17.148789956564176 ARG 3
40.96435493 112.4953497 3.7134148315639348 NIC 4
26.32423184 119.3700494 1.5585495969623206 BLZ 5
87.46832111 65.26735613 10.779432063945656 BOL 6
33.15787478 116.9734627 3.4493794041639863 HND 7
107.7468155 56.96855048 6.5591052689396285 PRY 8
-17.50590034 226.1142611 32.497256445753457 CAN 9
115.1430133 48.69663499 4.375825145837303 URY 10
29.11787296 112.2125219 1.4918012341502951 SLV 11
6.159636614 119.5325869 14.414250154933548 MEX 12
44.98323625 107.988575 2.3248214720880878 CRI 13
51.40509192 109.0348644 2.8243214135934163 PAN 14
24.82882217 114.6489831 3.3936874521203024 GTM 15
80.0517264 123.8364467 9.8453937208227611 VEN 16
72.74147233 52.03736396 8.9427291487690432 CHL 17
68.78778093 77.77002603 11.659176208262863 PER 18
2.311810521 165.275054 31.485464686567525 USA 19
68.6550436 106.3904362 10.989172304478629 COL 20
110.5030941 124.1843034 2.9724289122313405 GUF 21
94.5850143 122.2091922 4.7683463885384132 GUY 22
