36.97698844 61.28599235 4.5526776267791265 HRV 0
103.3370358 37.90248893 12.800566630480661 UZB 1
52.02558882 55.2965874 6.3724454835751505 BGR 2
-48.93393235 49.93684693 9.8701078583206741 ESH 3
-16.42033347 -29.8469704 3.2051952368216887 GNQ 4
46.18450703 58.75253224 5.6886742187974573 SRB 5
-31.08655961 5.209090553 9.9985374125564945 BFA 6
-23.06241548 -6.589477509 4.5603519857839236 TGO 7
89.50610524 42.96010177 13.370129438428238 TKM 8
64.14166871 90.0933674 4.8625002969637778 LVA 9
31.20133381 87.3164175 11.436279335159089 DEU 10
141.7126733 -13.79532325 13.708525639829128 THA 11
81.82382582 50.43967178 5.6317061854582686 AZE 12
155.8383242 43.20487574 59.624244055997465 CHN 13
-17.58159537 -37.14735715 9.901006387181587 GAB 14
117.5211014 6.39717652 17.971892835527065 PAK 15
36.11690253 -39.28346474 3.1057915955951527 RWA 16
60.3632007 30.92158388 8.2352819195243896 SYR 17
24.09969554 -65.24576231 16.602245666982306 ZMB 18
26.38211636 101.5396449 3.9727373069308731 DNK 19
126.3567684 17.56802888 7.3418742401924684 NPL 20
6.784213661 54.73678582 7.7408066349161162 TUN 21
131.0227223 -1.700106995 7.3515691515904384 BGD 22
117.8556795 48.62863671 8.5574228086869208 KGZ 23
41.15668545 22.44421757 19.16075246330227 EGY 24
-10.71380907 42.78053922 29.534425053208992 DZA 25
-14.86795587 14.33985583 21.541181336294471 NER 26
111.3738406 24.18057111 15.455449563713943 AFG 27
73.62985682 -13.93495756 13.905448296150741 YEM 28
-29.77998451 64.26736116 5.8074704465109814 PRT 29
16.90120378 -40.43541355 29.304851741309538 COD 30
73.22433849 24.69006912 2.5545139778953314 KWT 31
-21.91219922 62.55950614 0.049164679376643552 GIB 32
154.072324 -13.66773782 8.1425872479937649 KHM 33
156.792762 -44.46246348 26.410681245322071 IDN 34
114.3197553 40.4668118 7.2393717431424731 TJK 35
-49.74156797 -1.938557187 5.1257960764766386 SLE 36
60.30486077 45.12072706 16.940177626341764 TUR 37
64.2838079 82.45158438 8.7195653003162121 BLR 38
44.82609122 67.33182053 5.8369746277505596 HUN 39
47.1955185 53.08202001 3.0687320534447307 MKD 40
147.3536474 -20.19269482 1.453036016482347 BRN 41
18.25550798 -94.83861 21.146848235527195 ZAF 42
7.937508133 5.844376713 21.685216825491182 TCD 43
22.75364748 71.48068531 0.14966318452911395 SMR 44
10.75009123 80.05563889 14.214471604740707 FRA 45
49.14496174 -77.92770134 17.133943665848665 MOZ 46
56.36150156 -26.68657081 20.110589591703491 ETH 47
60.26517574 -12.19242229 6.5627388980373613 ERI 48
1.333728234 69.07432521 0.41407441383512078 AND 49
41.86552142 62.37651697 4.3306613245573979 BIH 50
-7.933392455 -57.01467859 21.367918388391331 AGO 51
77.51946867 94.47811584 11.132986753931805 FIN 52
33.75896856 -2.034957025 26.282090574320566 SDN 53
132.996112 10.85370019 3.749839655771483 BTN 54
143.2527274 2.707595589 15.74128351252131 MMR 55
181.8199207 82.40319764 23.933976599751627 MNG 56
191.4627256 53.05424807 6.0581046968333183 KOR 57
7.811248524 -16.33383493 15.104965295379047 CAF 58
51.36581827 29.36572013 2.7580464920412568 ISR 59
154.8357127 8.444035741 0.10993556517815699 MAC 60
162.748944 -7.271359705 11.013729508072137 VNM 61
-31.75475437 53.93664961 12.788400021873175 MAR 62
51.14626011 32.31030333 1.9565236374913348 LBN 63
62.93456199 7.122036509 28.058804141709228 SAU 64
89.05954695 21.12285869 24.568891108590357 IRN 65
64.16454776 -16.34315213 2.9149030374888021 DJI 66
56.73509452 83.74926766 4.8903247615768484 LTU 67
128.799509 120.9934571 79.132880342658851 RUS 68
29.86483234 -80.25006955 11.962848551320587 ZWE 69
-58.4101037 31.71924001 19.428862804347926 MRT 70
8.940837905 -74.42144747 14.599658289365967 BWA 71
79.21500196 2.40762402 2.0599159718334348 QAT 72
-63.37403765 12.97903105 1.9785551345459282 GMB 73
116.1559691 -23.21178192 34.699247425117875 IND 74
-7.025340359 -25.14003576 13.195626536088458 CMR 75
22.34529363 58.82347531 0.012694265629824517 VAT 76
-47.16414582 -8.758412905 6.3865025746447772 LBR 77
-30.87020755 -7.146785502 9.3466352887464552 GHA 78
52.73837117 64.11155902 9.343859091966177 ROU 79
65.44164979 69.22982461 14.866882024982077 UKR 80
35.30443359 -43.13581664 3.19277815183945 BDI 81
57.49569191 -46.17534265 14.579163740507054 KEN 82
-48.96946384 6.825896127 9.4890463466215635 GIN 83
39.49239198 -68.70691623 6.5873576571332961 MWI 84
37.93823081 68.49748992 2.7248352799749322 SVN 85
37.11288945 -84.89576238 3.3342449855370329 LSO 86
-40.73477308 -1.483086508 10.867284926928818 CIV 87
75.96679265 -30.1931789 15.281808080540799 SOM 88
36.62626206 -25.12728219 15.065644083474325 SSD 89
172.8547564 -42.55142135 2.333984953220948 TLS 90
31.17120142 74.07992327 0.24219115234978761 LIE 91
16.87224297 89.26662011 3.3437283629014938 BEL 92
-5.828482077 -38.81457914 11.191656516480931 COG 93
40.82660926 -54.59344904 18.604462963356873 TZA 94
39.69910502 78.67789139 5.3743239114709889 CZE 95
144.3950778 -27.44045194 11.006923884705028 MYS 96
46.65473237 72.69918719 4.23783185708528 SVK 97
43.31534629 -37.17470668 9.4055599638554988 UGA 98
186.9282179 63.79736049 6.6442082198163428 PRK 99
19.29121246 89.04400712 0.97316263828712479 LUX 100
-22.78922899 -0.4145100941 6.4223324680246954 BEN 101
45.48072873 47.70167062 6.9526691021093443 GRC 102
27.45891224 73.09016752 3.8884050369080385 CHE 103
-57.50846496 12.25257738 8.4880413831868076 SEN 104
55.61715092 24.66490046 5.7201718798253314 JOR 105
17.99282761 93.33702936 3.914982317706948 NLD 106
83.73550672 -3.132072378 10.64661481915231 OMN 107
28.89766884 64.28622216 10.505262218673552 ITA 108
157.4453897 2.865433162 9.3126260878911555 LAO 109
77.69077488 46.56377835 3.3004602392946678 ARM 110
15.89771186 73.12708315 0.028385240872726803 MCO 111
81.79416036 5.817991182 5.5333021042866761 ARE 112
53.10129756 31.15369215 1.5092835896515178 PSE 113
65.80663835 101.1692744 12.841917149747891 SWE 114
59.25381473 60.93711265 3.5207540575210716 MDA 115
-12.40625433 71.89235011 13.612976759834263 ESP 116
-10.18791091 -7.647829796 18.393430203769647 NGA 117
43.59027833 53.880726 3.2447695147537408 ALB 118
40.21110047 -86.01899112 2.521785440438141 SWZ 119
76.71813766 54.8597817 5.0523974578903728 GEO 120
18.93012104 34.03301777 25.385214666124078 LBY 121
176.3772234 -30.75632204 13.019570787693549 PNG 122
48.09981466 82.06334005 10.701152987039785 POL 123
36.88745627 73.19509079 5.5422646197479413 AUT 124
156.6447105 8.483021489 0.63585473900906408 HKG 125
68.75404294 92.09419662 4.0698734210711329 EST 126
55.58404593 92.57698909 10.889830355676377 NOR 127
41.78255892 57.99517414 2.2491072070557596 MNE 128
71.91073325 33.16547788 12.669964586671146 IRQ 129
-56.89978713 5.456323913 3.6373446189428389 GNB 130
-37.91119971 21.45487456 21.312072863289 MLI 131
98.13157839 66.75835543 31.590503210666249 KAZ 132
