-28.07483145 1.950720254 5.4112177593872115 ECU 0
27.92234442 26.82317832 4.162585745945858 SUR 1
31.18020491 -6.583648918 30.011777918051362 BRA 2
1.340894935 -60.16511931 17.148789956564176 ARG 3
-34.78054694 26.8176371 3.7134148315639344 NIC 4
-42.23972378 39.33903765 1.5585495969623204 BLZ 5
-3.915248133 -26.5447944 10.779432063945654 BOL 6
-38.77240947 33.12098471 3.4493794041639858 HND 7
14.40541046 -38.84307173 6.5591052689396285 PRY 8
-44.46124047 155.1883853 32.497256445753457 CAN 9
22.96962933 -51.02671111 4.3758251458373021 URY 10
-43.2957624 30.82664096 1.4918012341502951 SLV 11
-60.80368276 47.6899987 14.414250154933546 MEX 12
-31.61667785 20.79670551 2.3248214720880873 CRI 13
-25.48940778 19.80976768 2.8243214135934158 PAN 14
-46.63791837 35.12960795 3.3936874521203024 GTM 15
2.380086928 30.15211125 9.8453937208227593 VEN 16
-17.21394811 -40.90344357 8.9427291487690415 CHL 17
-22.75530895 -14.73004881 11.659176208262862 PER 18
-56.00298677 92.60248677 31.485464686567518 USA 19
-12.59535425 12.99896026 10.989172304478625 COL 20
35.43328011 26.80345798 2.9724289122313401 GUF 21
16.66941105 26.67320158 4.7683463885384132 GUY 22
