37.11700012 61.2756996 4.5526776267791265 HRV 0
104.5918222 36.68202036 12.800566630480661 UZB 1
52.50292389 54.13365859 6.3724454835751505 BGR 2
-49.60205224 50.5825407 9.8701078583206741 ESH 3
-16.68032615 -29.89088724 3.2051952368216887 GNQ 4
46.47121369 57.37258677 5.6886742187974573 SRB 5
-30.89726029 4.748651324 9.9985374125564945 BFA 6
-23.28893497 -6.830424451 4.5603519857839236 TGO 7
90.37315292 40.94405647 13.370129438428238 TKM 8
64.19712655 89.14923868 4.8625002969637778 LVA 9
30.8153144 87.45339557 11.436279335159089 DEU 10
141.7287784 -13.378881 13.708525639829128 THA 11
83.12546315 48.92145364 5.6317061854582686 AZE 12
157.2118401 43.74949539 59.624244055997465 CHN 13
-18.06052047 -38.20088252 9.901006387181587 GAB 14
118.6994542 4.841150576 17.971892835527065 PAK 15
36.58819537 -40.22454883 3.1057915955951527 RWA 16
60.69446928 30.30818864 8.2352819195243896 SYR 17
23.30902259 -66.33398202 16.602245666982306 ZMB 18
25.93331372 101.6551956 3.9727373069308731 DNK 19
128.5447104 15.3091853 7.3418742401924684 NPL 20
6.876328894 54.84024976 7.7408066349161162 TUN 21
131.3797495 -1.941763784 7.3515691515904384 BGD 22
118.884507 48.94617679 8.5574228086869208 KGZ 23
40.97540625 22.58194575 19.16075246330227 EGY 24
-10.95365093 43.05020564 29.534425053208992 DZA 25
-15.73440494 14.47169903 21.541181336294471 NER 26
112.5921227 22.79305314 15.455449563713943 AFG 27
74.84173106 -14.23504963 13.905448296150741 YEM 28
-30.0239771 64.67233329 5.8074704465109814 PRT 29
16.75580052 -41.12804892 29.304851741309538 COD 30
73.30026131 22.91816349 2.5545139778953314 KWT 31
-22.18831971 62.46225836 0.049164679376643552 GIB 32
154.2125403 -13.10971448 8.1425872479937649 KHM 33
157.1051926 -43.96967415 26.410681245322071 IDN 34
115.2237064 40.76565131 7.2393717431424731 TJK 35
-49.96487713 -2.145097263 5.1257960764766386 SLE 36
61.63523311 44.56993004 16.940177626341764 TUR 37
64.61927283 81.45667184 8.7195653003162121 BLR 38
44.98713909 66.60446664 5.8369746277505596 HUN 39
47.06584814 52.3476371 3.0687320534447307 MKD 40
147.581688 -19.69136261 1.453036016482347 BRN 41
19.72325434 -97.0569572 21.146848235527195 ZAF 42
7.51758798 6.677998641 21.685216825491182 TCD 43
22.43766388 71.58050074 0.14966318452911395 SMR 44
10.90394998 79.78204504 14.214471604740707 FRA 45
50.22269612 -78.69149456 17.133943665848665 MOZ 46
57.02325722 -27.9794078 20.110589591703491 ETH 47
61.00148834 -13.3796116 6.5627388980373613 ERI 48
0.8384943832 69.16708068 0.41407441383512078 AND 49
42.15851198 61.07719964 4.3306613245573979 BIH 50
-7.520620376 -58.06367996 21.367918388391331 AGO 51
77.5046301 93.3396347 11.132986753931805 FIN 52
33.04104266 -2.767762083 26.282090574320566 SDN 53
132.5849405 9.942021546 3.749839655771483 BTN 54
143.5722973 3.226776305 15.74128351252131 MMR 55
181.5757988 84.47460204 23.933976599751627 MNG 56
192.9592028 54.26320189 6.0581046968333183 KOR 57
8.206776364 -17.42881794 15.104965295379047 CAF 58
51.64672321 28.96629096 2.7580464920412568 ISR 59
154.796901 9.127930734 0.10993556517815699 MAC 60
163.2465362 -7.069027219 11.013729508072137 VNM 61
-32.16957779 54.29479514 12.788400021873175 MAR 62
50.96190444 32.11028612 1.9565236374913348 LBN 63
62.58197855 6.198374892 28.058804141709228 SAU 64
89.64754015 19.43361469 24.568891108590357 IRN 65
65.08155842 -16.92596961 2.9149030374888021 DJI 66
56.98088161 82.58851486 4.8903247615768484 LTU 67
129.4180477 119.9285135 79.132880342658851 RUS 68
29.78067659 -81.19241027 11.962848551320587 ZWE 69
-58.76341444 32.90530752 19.428862804347926 MRT 70
7.984052137 -75.19772732 14.599658289365967 BWA 71
79.07263916 1.387750749 2.0599159718334348 QAT 72
-63.45954197 12.70461592 1.9785551345459282 GMB 73
116.4450225 -24.95098112 34.699247425117875 IND 74
-6.636333605 -25.16813016 13.195626536088458 CMR 75
22.08522647 58.92161036 0.012694265629824517 VAT 76
-47.25134277 -9.145683076 6.3865025746447772 LBR 77
-31.11822118 -7.812722208 9.3466352887464552 GHA 78
52.84407595 63.04191292 9.343859091966177 ROU 79
65.62914438 68.11503254 14.866882024982077 UKR 80
35.04836501 -43.45379299 3.19277815183945 BDI 81
57.28669987 -47.65869528 14.579163740507054 KEN 82
-49.34676287 6.123027744 9.4890463466215635 GIN 83
39.39913016 -70.32409609 6.5873576571332961 MWI 84
38.14007788 67.98240306 2.7248352799749322 SVN 85
37.55227131 -85.05474414 3.3342449855370329 LSO 86
-40.82761959 -1.701194794 10.867284926928818 CIV 87
76.9492651 -30.65841089 15.281808080540799 SOM 88
37.15817846 -25.8987528 15.065644083474325 SSD 89
173.2838299 -41.92172374 2.333984953220948 TLS 90
31.58665781 74.10576397 0.24219115234978761 LIE 91
16.45539667 89.34177988 3.3437283629014938 BEL 92
-6.160238028 -39.45229934 11.191656516480931 COG 93
40.44442145 -56.07030667 18.604462963356873 TZA 94
39.63133148 78.27605478 5.3743239114709889 CZE 95
144.0906109 -27.20002744 11.006923884705028 MYS 96
46.93140093 72.03703923 4.23783185708528 SVK 97
43.61899209 -38.1865403 9.4055599638554988 UGA 98
187.7075358 65.74537924 6.6442082198163428 PRK 99
18.89748106 89.13112075 0.97316263828712479 LUX 100
-22.81676862 -0.5379639627 6.4223324680246954 BEN 101
44.92967695 47.07872718 6.9526691021093443 GRC 102
27.75451176 73.16693196 3.8884050369080385 CHE 103
-57.54284006 12.20308905 8.4880413831868076 SEN 104
55.76046904 24.10647127 5.7201718798253314 JOR 105
17.58034139 93.4156009 3.914982317706948 NLD 106
85.45739347 -5.150139201 10.64661481915231 OMN 107
29.07677188 64.56045077 10.505262218673552 ITA 108
157.8051174 3.098565941 9.3126260878911555 LAO 109
79.14637198 45.09390608 3.3004602392946678 ARM 110
15.57726019 73.19126225 0.028385240872726803 MCO 111
82.75526843 3.622922502 5.5333021042866761 ARE 112
53.23047899 30.79768145 1.5092835896515178 PSE 113
65.76948497 100.2232623 12.841917149747891 SWE 114
59.36962577 59.7679796 3.5207540575210716 MDA 115
-12.83900331 72.27551574 13.612976759834263 ESP 116
-10.28990827 -7.623461373 18.393430203769647 NGA 117
42.97798594 53.68087307 3.2447695147537408 ALB 118
40.70373491 -86.10787953 2.521785440438141 SWZ 119
77.91735629 53.35030392 5.0523974578903728 GEO 120
19.29393805 35.56574307 25.385214666124078 LBY 121
176.5113667 -29.97688626 13.019570787693549 PNG 122
48.18432671 81.6116009 10.701152987039785 POL 123
37.16652035 72.58167575 5.5422646197479413 AUT 124
156.60627 9.177765276 0.63585473900906408 HKG 125
68.88943614 91.12605056 4.0698734210711329 EST 126
55.56248483 91.44809365 10.889830355676377 NOR 127
41.46729735 56.844488 2.2491072070557596 MNE 128
72.46889048 31.73408094 12.669964586671146 IRQ 129
-56.90864849 5.196641383 3.6373446189428389 GNB 130
-39.30947774 20.42601797 21.312072863289 MLI 131
99.15820072 64.89276805 31.590503210666249 KAZ 132
