4.977689467 69.22833708 2.308076762085181 NLD 0
25.85374801 50.94110224 2.6835089059106463 HRV 1
39.27629245 56.9859589 5.5070813732242527 ROU 2
29.05091381 56.03559739 3.439997648507112 HUN 3
40.7461068 46.68189083 3.7560156163957439 BGR 4
35.62040357 44.68133599 1.8085158482867396 MKD 5
17.30065409 48.44871211 6.1916330312209089 ITA 6
32.96271969 49.83167307 3.3532089482382159 SRB 7
2.777663177 54.49600227 8.3777878884300865 FRA 8
23.29928743 54.33282435 1.6049532726716373 SVN 9
13.77826378 67.80684564 6.7403455880653693 DEU 10
28.28410295 46.41812882 2.5521332674935295 BIH 11
-15.63734139 47.93528799 8.0234543051926153 ESP 12
31.81819761 43.8307564 1.9122656426275344 ALB 13
12.4842296 78.15765703 2.3412882064080383 DNK 14
3.940282318 64.81913264 1.9701165812370038 BEL 15
23.06748581 64.95395663 3.1680890417101915 CZE 16
-28.97732405 45.16611362 3.4226108982615111 PRT 17
27.73251262 61.93528614 2.4979298685958842 SVK 18
28.63836477 72.3911867 6.3073115183347701 POL 19
6.543689878 63.33532127 0.57435220078499882 LUX 20
21.61211041 58.81387195 3.2662630245183761 AUT 21
36.47083328 38.92214491 4.0974149549348047 GRC 22
15.19305244 57.19489809 2.2912905264901995 CHE 23
