-77.62971184 -2.049175415 5.4112177593872115 ECU 0
-55.93060167 4.081888686 4.162585745945858 SUR 1
-54.86483561 -9.897373436 30.011777918051362 BRA 2
-64.02157208 -34.00602689 17.148789956564176 ARG 3
-84.92480645 12.9892451 3.7134148315639344 NIC 4
-88.81454118 17.1844961 1.5585495969623204 BLZ 5
-65.07473928 -16.91120179 10.779432063945654 BOL 6
-86.54369769 15.06055384 3.4493794041639858 HND 7
-57.93649152 -23.08387104 6.5591052689396285 PRY 8
-95.05581698 59.97244429 32.497256445753457 CAN 9
-56.0608775 -32.96650774 4.3758251458373021 URY 10
-88.93512885 13.73432746 1.4918012341502951 SLV 11
-102.0066846 22.99499026 14.414250154933546 MEX 12
-84.05501533 10.10768209 2.3248214720880873 CRI 13
-80.03461457 9.049010455 2.8243214135934158 PAN 14
-90.2651138 15.55767409 3.3936874521203024 GTM 15
-65.98449491 7.997060411 9.8453937208227593 VEN 16
-70.9820252 -29.92631508 8.9427291487690415 CHL 17
-76.01143871 -10.01254915 11.659176208262862 PER 18
-97.08087944 37.98490015 31.485464686567518 USA 19
-71.91412414 4.102186999 10.989172304478625 COL 20
-52.97289272 4.007937618 2.9724289122313401 GUF 21
-58.99513569 4.967526887 4.7683463885384132 GUY 22
