-84.86462104 -3.974934656 5.4112177593872115 ECU 0
-47.45028361 14.29812514 4.162585745945858 SUR 1
-44.59849982 -8.822616869 30.011777918051362 BRA 2
-66.84662769 -46.61044481 17.148789956564176 ARG 3
-86.88729554 8.585944307 3.7134148315639344 NIC 4
-94.84607136 14.0118165 1.5585495969623204 BLZ 5
-68.528887 -22.58867936 10.779432063945654 BOL 6
-90.95967867 10.86148294 3.4493794041639858 HND 7
-55.50596747 -29.37718182 6.5591052689396285 PRY 8
-74.33154083 86.75935176 32.497256445753457 CAN 9
-51.19753136 -36.73275287 4.3758251458373021 URY 10
-93.17864186 8.596349649 1.4918012341502951 SLV 11
-105.5816535 20.87470076 14.414250154933546 MEX 12
-87.08182429 3.957192817 2.3248214720880873 CRI 13
-83.61330241 3.296991066 2.8243214135934158 PAN 14
-96.1065503 10.28253884 3.3936874521203024 GTM 15
-64.40320296 16.69942947 9.8453937208227593 VEN 16
-81.84789948 -36.46476515 8.9427291487690415 CHL 17
-81.76548874 -15.76965178 11.659176208262862 PER 18
-86.72089567 44.03007035 31.485464686567518 USA 19
-74.8439183 2.025004248 10.989172304478625 COL 20
-42.62735159 13.46412704 2.9724289122313401 GUF 21
-54.64575133 16.29909975 4.7683463885384132 GUY 22
