37.27909954 60.84861612 4.5526776267791265 HRV 0
104.4440517 36.5319607 12.800566630480661 UZB 1
52.68648306 54.0631153 6.3724454835751505 BGR 2
-49.46385723 50.71768763 9.8701078583206741 ESH 3
-16.76389229 -29.84307875 3.2051952368216887 GNQ 4
46.68032538 57.33933702 5.6886742187974573 SRB 5
-30.88719058 4.844468013 9.9985374125564945 BFA 6
-23.30671808 -6.767367103 4.5603519857839236 TGO 7
90.17835019 40.59078684 13.370129438428238 TKM 8
64.21337518 89.16280334 4.8625002969637778 LVA 9
31.05380924 87.36899295 11.436279335159089 DEU 10
141.785741 -13.61549221 13.708525639829128 THA 11
82.96403577 48.57303728 5.6317061854582686 AZE 12
157.1464929 43.51329732 59.624244055997465 CHN 13
-18.09076806 -38.07572785 9.901006387181587 GAB 14
118.632934 4.680658643 17.971892835527065 PAK 15
36.47251083 -40.24068806 3.1057915955951527 RWA 16
60.79655986 30.08873624 8.2352819195243896 SYR 17
23.20632303 -66.37839717 16.602245666982306 ZMB 18
26.2105752 101.5840603 3.9727373069308731 DNK 19
128.5474616 15.11105469 7.3418742401924684 NPL 20
7.025930502 54.82128413 7.7408066349161162 TUN 21
131.3144357 -2.28266801 7.3515691515904384 BGD 22
118.8685225 48.73130232 8.5574228086869208 KGZ 23
41.06476277 22.49914751 19.16075246330227 EGY 24
-10.86151152 43.04823491 29.534425053208992 DZA 25
-15.6841032 14.51394524 21.541181336294471 NER 26
112.4644133 22.57970061 15.455449563713943 AFG 27
74.87728996 -14.4192312 13.905448296150741 YEM 28
-29.8474121 64.75401057 5.8074704465109814 PRT 29
16.64327688 -41.21682198 29.304851741309538 COD 30
73.31998998 22.81614977 2.5545139778953314 KWT 31
-22.01781388 62.52256491 0.049164679376643552 GIB 32
154.1879277 -13.5200947 8.1425872479937649 KHM 33
156.9708935 -44.34014919 26.410681245322071 IDN 34
115.1186499 40.60323052 7.2393717431424731 TJK 35
-49.96823782 -2.001506256 5.1257960764766386 SLE 36
61.64976748 44.37132778 16.940177626341764 TUR 37
64.61324881 81.47967051 8.7195653003162121 BLR 38
45.15395524 66.55336493 5.8369746277505596 HUN 39
47.14341249 52.34500339 3.0687320534447307 MKD 40
147.5181887 -20.07853927 1.453036016482347 BRN 41
19.45826907 -97.09384191 21.146848235527195 ZAF 42
7.51164318 6.613689775 21.685216825491182 TCD 43
22.63288199 71.51901495 0.14966318452911395 SMR 44
11.07789565 79.71107185 14.214471604740707 FRA 45
49.8924902 -78.55741273 17.133943665848665 MOZ 46
56.76347437 -27.95755263 20.110589591703491 ETH 47
60.98957862 -13.45392026 6.5627388980373613 ERI 48
0.9922771354 69.12729804 0.41407441383512078 AND 49
42.35302608 61.01094043 4.3306613245573979 BIH 50
-7.679014455 -58.04294443 21.367918388391331 AGO 51
77.51438606 93.68167587 11.132986753931805 FIN 52
33.04985081 -2.725158408 26.282090574320566 SDN 53
132.6450715 9.677823573 3.749839655771483 BTN 54
143.6382867 2.982926171 15.74128351252131 MMR 55
181.8056051 83.97887268 23.933976599751627 MNG 56
192.9247703 53.71747323 6.0581046968333183 KOR 57
8.120679491 -17.52164732 15.104965295379047 CAF 58
51.74902259 28.83084094 2.7580464920412568 ISR 59
154.8212296 8.705545888 0.10993556517815699 MAC 60
163.1394714 -7.341684255 11.013729508072137 VNM 61
-32.00607686 54.36608547 12.788400021873175 MAR 62
51.04932508 31.97112115 1.9565236374913348 LBN 63
62.72571705 6.111194464 28.058804141709228 SAU 64
89.66147402 19.09807837 24.568891108590357 IRN 65
64.99862965 -17.03219472 2.9149030374888021 DJI 66
56.9854583 82.62714729 4.8903247615768484 LTU 67
129.4758813 119.3705362 79.132880342658851 RUS 68
29.54224664 -81.26880573 11.962848551320587 ZWE 69
-58.61188654 33.08367077 19.428862804347926 MRT 70
7.792327173 -75.17951742 14.599658289365967 BWA 71
79.07371432 1.188989143 2.0599159718334348 QAT 72
-63.42449165 12.87783165 1.9785551345459282 GMB 73
116.1863331 -25.05377891 34.699247425117875 IND 74
-6.725427003 -25.20101459 13.195626536088458 CMR 75
22.24590713 58.86113328 0.012694265629824517 VAT 76
-47.27612015 -9.016727553 6.3865025746447772 LBR 77
-31.13942174 -7.727789569 9.3466352887464552 GHA 78
53.08033651 62.97604676 9.343859091966177 ROU 79
65.76981389 68.17306359 14.866882024982077 UKR 80
34.90747025 -43.51119101 3.19277815183945 BDI 81
57.18628156 -47.61624623 14.579163740507054 KEN 82
-49.32246814 6.264500212 9.4890463466215635 GIN 83
39.25438494 -70.34670717 6.5873576571332961 MWI 84
38.29967438 67.87147631 2.7248352799749322 SVN 85
37.31481065 -85.10917173 3.3342449855370329 LSO 86
-40.8321092 -1.589793592 10.867284926928818 CIV 87
76.85364142 -30.83288939 15.281808080540799 SOM 88
36.94007634 -25.963898 15.065644083474325 SSD 89
173.1667895 -42.39388073 2.333984953220948 TLS 90
31.72919948 74.03045018 0.24219115234978761 LIE 91
16.69909727 89.29655011 3.3437283629014938 BEL 92
-6.233137769 -39.52500983 11.191656516480931 COG 93
40.27216655 -56.03887535 18.604462963356873 TZA 94
39.69657704 78.20619052 5.3743239114709889 CZE 95
144.0542588 -27.51509712 11.006923884705028 MYS 96
47.0623682 72.03689045 4.23783185708528 SVK 97
43.52543702 -38.18127885 9.4055599638554988 UGA 98
187.8159721 65.20399703 6.6442082198163428 PRK 99
19.1405978 89.07922874 0.97316263828712479 LUX 100
-22.81815148 -0.4757082457 6.4223324680246954 BEN 101
45.0820797 47.05406378 6.9526691021093443 GRC 102
27.89608637 73.0327615 3.8884050369080385 CHE 103
-57.50974037 12.35986256 8.4880413831868076 SEN 104
55.81402683 23.95230736 5.7201718798253314 JOR 105
17.83515289 93.36728665 3.914982317706948 NLD 106
85.36307711 -5.288313093 10.64661481915231 OMN 107
29.20721413 64.50196834 10.505262218673552 ITA 108
157.8302671 2.886063023 9.3126260878911555 LAO 109
79.2225488 44.9453692 3.3004602392946678 ARM 110
15.77477026 73.15288394 0.028385240872726803 MCO 111
82.71603043 3.503298947 5.5333021042866761 ARE 112
53.31346259 30.67511661 1.5092835896515178 PSE 113
65.80089117 100.5328101 12.841917149747891 SWE 114
59.65631156 59.73859028 3.5207540575210716 MDA 115
-12.66171184 72.33129415 13.612976759834263 ESP 116
-10.30456797 -7.662635866 18.393430203769647 NGA 117
43.20012726 53.62926976 3.2447695147537408 ALB 118
40.45504291 -86.19013438 2.521785440438141 SWZ 119
77.97448169 53.20147774 5.0523974578903728 GEO 120
19.38841795 35.48643238 25.385214666124078 LBY 121
176.4289202 -30.45837172 13.019570787693549 PNG 122
48.2390594 81.39609449 10.701152987039785 POL 123
37.29400666 72.46566724 5.5422646197479413 AUT 124
156.6307279 8.750443526 0.63585473900906408 HKG 125
68.85265242 91.18270462 4.0698734210711329 EST 126
55.57747352 91.76732399 10.889830355676377 NOR 127
41.60150082 56.86505478 2.2491072070557596 MNE 128
72.56697739 31.46871857 12.669964586671146 IRQ 129
-56.89425805 5.351892702 3.6373446189428389 GNB 130
-39.19397315 20.61198034 21.312072863289 MLI 131
99.06283556 64.52092449 31.590503210666249 KAZ 132
