81.05247635 38.26625264 1.6274742635229698 UZB 0
73.7822393 18.08698487 1.3538140231036011 OMN 1
89.85503488 23.15541853 1.1840187501600856 LAO 2
89.18629474 16.85881076 0.18566895452310958 BRN 3
71.66305665 33.63049901 0.42203115621259546 ARM 4
76.96480465 37.69971402 1.699995059741517 TKM 5
87.1421236 20.66148403 1.743377765354261 THA 6
90.61647401 33.24977516 7.5799033276272221 CHN 7
72.58731672 34.29278771 0.71508664975648273 AZE 8
73.51925221 20.13508605 0.70293131693153232 ARE 9
80.99730411 31.06278014 2.2853125698832177 PAK 10
68.16152383 29.18047861 0.18566895452310958 PSE 11
89.77594195 6.428277273 0.29356839353762415 TLS 12
69.02615023 30.14003188 1.0475634816625328 SYR 13
82.9727859 29.11013065 0.47939517918383051 BTN 14
86.92681182 24.40826911 2.0011519011797541 MMR 15
87.6930969 43.52916167 3.0423658459971032 MNG 16
97.31697003 27.87771591 0.76927616945970356 KOR 17
83.60690029 27.84362689 0.93451324427952775 NPL 18
68.76851952 28.30941645 0.72703878644595221 JOR 19
71.39568827 34.9444724 0.64317612524444223 GEO 20
83.7726062 38.600053 1.0879207920603362 KGZ 21
89.92331886 24.34258769 0 MAC 22
92.1933743 22.05663286 1.3997189949970463 VNM 23
85.12077198 26.74520455 0.93451324427952775 BGD 24
67.64261938 29.05874484 0.34735480759299403 ISR 25
79.48438775 35.03438152 1.9649355194140361 AFG 26
67.48952689 29.63950912 0.25139695284905833 LBN 27
70.44295591 23.16940048 3.5673895192482963 SAU 28
75.56333881 31.79185691 3.1234352675633259 IRN 29
70.10648859 16.69728011 1.7679220668388862 YEM 30
87.60606368 16.73220446 1.3997189949970463 MYS 31
98.29234633 29.65905391 0.84406231242519092 PRK 32
73.68753794 21.08575612 0.26257555359821499 QAT 33
90.25996726 24.35797344 0.075799033276272229 HKG 34
71.83394796 26.89465638 0.32158806262222112 KWT 35
80.58009546 23.43757038 4.4113474472440064 IND 36
89.9055476 20.36061238 1.0365361905550903 KHM 37
88.31501424 10.7858907 3.3574779433827091 IDN 38
82.69085189 36.31700454 0.91901443759375256 TJK 39
71.54487622 29.2880663 1.6115095523821987 IRQ 40
69.10418194 33.34136148 2.1532796405978627 TUR 41
80.62706713 43.89325757 4.0159183385432664 KAZ 42
