36.88329478 61.31644171 4.5526776267791265 HRV 0
103.5450273 37.80233157 12.800566630480661 UZB 1
51.92350757 55.1652307 6.3724454835751505 BGR 2
-49.19412653 50.0371381 9.8701078583206741 ESH 3
-16.54459262 -29.84236274 3.2051952368216887 GNQ 4
46.10936321 58.70725659 5.6886742187974573 SRB 5
-31.02349271 5.181206669 9.9985374125564945 BFA 6
-23.06272855 -6.589449937 4.5603519857839236 TGO 7
89.56959549 42.59586959 13.370129438428238 TKM 8
64.02020819 90.04838624 4.8625002969637778 LVA 9
31.20133381 87.3164175 11.436279335159089 DEU 10
141.6723945 -13.83449834 13.708525639829128 THA 11
81.94633134 50.35488886 5.6317061854582686 AZE 12
156.1060939 43.28041554 59.624244055997465 CHN 13
-17.74549716 -37.17403041 9.901006387181587 GAB 14
117.6942373 6.168486989 17.971892835527065 PAK 15
36.12132426 -39.33968292 3.1057915955951527 RWA 16
60.23610254 30.98132008 8.2352819195243896 SYR 17
23.88909305 -65.34503173 16.602245666982306 ZMB 18
26.38211636 101.5396449 3.9727373069308731 DNK 19
126.9074507 17.09296583 7.3418742401924684 NPL 20
6.784213661 54.73678582 7.7408066349161162 TUN 21
130.9884249 -1.719017912 7.3515691515904384 BGD 22
118.0130891 48.81465916 8.5574228086869208 KGZ 23
41.16970362 22.53666639 19.16075246330227 EGY 24
-10.74806598 42.85388855 29.534425053208992 DZA 25
-15.13581878 14.34444861 21.541181336294471 NER 26
111.6238361 24.04061781 15.455449563713943 AFG 27
73.85612697 -13.87217366 13.905448296150741 YEM 28
-29.76205894 64.33704259 5.8074704465109814 PRT 29
16.84591522 -40.40307337 29.304851741309538 COD 30
73.25141589 24.44513989 2.5545139778953314 KWT 31
-21.91219922 62.55950614 0.049164679376643552 GIB 32
154.0546445 -13.67334946 8.1425872479937649 KHM 33
156.7604306 -44.58280918 26.410681245322071 IDN 34
114.5045483 40.61441361 7.2393717431424731 TJK 35
-49.77990468 -1.938539361 5.1257960764766386 SLE 36
60.51293779 45.19603085 16.940177626341764 TUR 37
64.35144619 82.38714869 8.7195653003162121 BLR 38
44.83726748 67.30514634 5.8369746277505596 HUN 39
47.01507572 53.04475104 3.0687320534447307 MKD 40
147.3741093 -20.22029406 1.453036016482347 BRN 41
18.38957404 -95.18219425 21.146848235527195 ZAF 42
7.846083539 6.13408562 21.685216825491182 TCD 43
22.75364748 71.48068531 0.14966318452911395 SMR 44
10.77786354 80.04307296 14.214471604740707 FRA 45
49.25901136 -78.02209832 17.133943665848665 MOZ 46
56.50790785 -26.77680093 20.110589591703491 ETH 47
60.30477528 -12.20167223 6.5627388980373613 ERI 48
1.307403022 69.07654218 0.41407441383512078 AND 49
41.79288766 62.36496659 4.3306613245573979 BIH 50
-7.942307084 -57.24435235 21.367918388391331 AGO 51
76.99273287 94.20240799 11.132986753931805 FIN 52
33.68176002 -2.002780497 26.282090574320566 SDN 53
132.996112 10.85370019 3.749839655771483 BTN 54
143.2471592 2.722122572 15.74128351252131 MMR 55
181.9518524 82.74724473 23.933976599751627 MNG 56
191.8684035 53.09942996 6.0581046968333183 KOR 57
7.795002053 -16.56719361 15.104965295379047 CAF 58
51.47323567 29.39085214 2.7580464920412568 ISR 59
154.8357127 8.444035741 0.10993556517815699 MAC 60
162.7759564 -7.277271598 11.013729508072137 VNM 61
-31.86183494 54.04535601 12.788400021873175 MAR 62
51.14626011 32.31030333 1.9565236374913348 LBN 63
62.95693255 7.168983041 28.058804141709228 SAU 64
89.22611979 21.05737417 24.568891108590357 IRN 65
64.33172692 -16.3904868 2.9149030374888021 DJI 66
56.7547416 83.54398633 4.8903247615768484 LTU 67
128.7230408 121.0440363 79.132880342658851 RUS 68
29.77797702 -80.35983277 11.962848551320587 ZWE 69
-58.548697 32.25156195 19.428862804347926 MRT 70
8.813547633 -74.46589694 14.599658289365967 BWA 71
79.25790757 2.330371416 2.0599159718334348 QAT 72
-63.37814635 12.98088243 1.9785551345459282 GMB 73
116.0644798 -23.52491195 34.699247425117875 IND 74
-7.02596299 -25.22688842 13.195626536088458 CMR 75
22.34529363 58.82347531 0.012694265629824517 VAT 76
-47.17932357 -8.775412298 6.3865025746447772 LBR 77
-30.89293453 -7.170677002 9.3466352887464552 GHA 78
52.74596342 63.99868459 9.343859091966177 ROU 79
65.45706206 69.11734478 14.866882024982077 UKR 80
35.30443359 -43.13581664 3.19277815183945 BDI 81
57.44467311 -46.33902663 14.579163740507054 KEN 82
-48.95433586 6.814278512 9.4890463466215635 GIN 83
39.46220964 -68.89006484 6.5873576571332961 MWI 84
37.91954968 68.4829436 2.7248352799749322 SVN 85
37.11564477 -84.9168987 3.3342449855370329 LSO 86
-40.76442076 -1.444049657 10.867284926928818 CIV 87
76.19643005 -30.1833169 15.281808080540799 SOM 88
36.71429795 -25.14792134 15.065644083474325 SSD 89
172.8667237 -42.58681816 2.333984953220948 TLS 90
31.22663806 74.07405567 0.24219115234978761 LIE 91
16.86528132 89.26700526 3.3437283629014938 BEL 92
-5.971827341 -38.96726247 11.191656516480931 COG 93
40.68597275 -54.71425076 18.604462963356873 TZA 94
39.66011669 78.67714038 5.3743239114709889 CZE 95
144.2737004 -27.54309554 11.006923884705028 MYS 96
46.69182696 72.68325642 4.23783185708528 SVK 97
43.37611374 -37.25363475 9.4055599638554988 UGA 98
187.2709176 63.98040649 6.6442082198163428 PRK 99
19.29227559 89.04460733 0.97316263828712479 LUX 100
-22.78086459 -0.3955225631 6.4223324680246954 BEN 101
45.45767106 47.60552372 6.9526691021093443 GRC 102
27.4912862 73.09038022 3.8884050369080385 CHE 103
-57.50923789 12.27455442 8.4880413831868076 SEN 104
55.46861742 24.70824945 5.7201718798253314 JOR 105
17.99282761 93.33702936 3.914982317706948 NLD 106
83.80769607 -3.218266003 10.64661481915231 OMN 107
28.89766884 64.28622216 10.505262218673552 ITA 108
157.4433344 2.883982439 9.3126260878911555 LAO 109
77.7746498 46.45324904 3.3004602392946678 ARM 110
15.89771186 73.12708315 0.028385240872726803 MCO 111
81.87802313 5.723805718 5.5333021042866761 ARE 112
53.10576256 31.16378319 1.5092835896515178 PSE 113
65.27071773 100.9670454 12.841917149747891 SWE 114
59.25971127 60.78784096 3.5207540575210716 MDA 115
-12.42931722 71.91456239 13.612976759834263 ESP 116
-10.14533812 -7.667886568 18.393430203769647 NGA 117
43.55072096 53.88287881 3.2447695147537408 ALB 118
40.22319212 -86.045669 2.521785440438141 SWZ 119
76.83782967 54.75310476 5.0523974578903728 GEO 120
19.17669984 34.73302024 25.385214666124078 LBY 121
176.3772234 -30.75632204 13.019570787693549 PNG 122
48.07629777 82.07292614 10.701152987039785 POL 123
36.91922285 73.06349511 5.5422646197479413 AUT 124
156.6447105 8.483021489 0.63585473900906408 HKG 125
68.68467309 92.0440349 4.0698734210711329 EST 126
55.05285504 92.30624111 10.889830355676377 NOR 127
41.66532702 57.98337425 2.2491072070557596 MNE 128
71.87591994 32.93730758 12.669964586671146 IRQ 129
-56.89935168 5.454809195 3.6373446189428389 GNB 130
-38.29421497 21.34796387 21.312072863289 MLI 131
98.22678403 66.47769085 31.590503210666249 KAZ 132
