64.14028514 41.72071716 9.165249799839879 UZB 0
56.79020709 20.97642 7.6241105511623832 OMN 1
104.7086728 18.55870062 6.667895066691008 LAO 2
115.0668127 5.229869594 1.0456093754722486 BRN 3
44.87566739 40.62391757 2.3767017744604053 ARM 4
59.27375321 40.44515738 9.5736563890706456 TKM 5
99.47325408 14.54557758 9.8179695206792577 THA 6
105.8572555 33.24357654 42.686824002953294 CHN 7
47.5939432 41.10029389 4.027066922312823 AZE 8
54.17035836 23.63761065 3.9586132058775765 ARE 9
69.99242039 29.87826922 12.869918156710751 PAK 10
35.12907307 32.38686379 1.0456093754722486 PSE 11
126.1261053 -8.798835798 1.6532535846592511 TLS 12
38.39460861 35.01416199 5.8994364493626845 SYR 13
90.46092917 27.12541636 2.6997517985615711 BTN 14
97.88290004 21.37338401 11.269644917170192 MMR 15
104.6075001 49.05032112 17.133323448509998 MNG 16
127.1411342 37.24520551 4.3322394806414879 KOR 17
83.86058521 27.51580868 5.2627851125215495 NPL 18
36.34028726 30.76875721 4.0943763236693087 JOR 19
43.45159999 42.13072239 3.6220971263765955 GEO 20
74.74310015 40.80287899 6.1267118289713665 KGZ 21
113.7246634 21.77091721 0 MAC 22
106.6971214 15.20408947 7.8826280244570492 VNM 23
89.96544457 24.48769553 5.2627851125215495 BGD 24
34.60747251 31.73651181 1.956156021707913 ISR 25
64.59246244 33.6570554 11.065689504068517 AFG 26
35.33844675 33.41234936 1.415761787097328 LBN 27
44.45775228 24.46344275 20.090035713661454 SAU 28
52.74013903 31.89624798 17.589872296277676 IRN 29
47.74374206 14.95507 9.956192692197936 YEM 30
112.4537504 2.526377614 7.8826280244570492 MYS 31
126.5425976 40.01191413 4.7534035489208106 PRK 32
51.35976953 25.57681789 1.4787149597373157 QAT 33
114.6440301 21.71698294 0.42686824002953294 HKG 34
47.82450887 29.38617123 1.8110485631882978 KWT 35
77.03946106 21.04711685 24.842851413426768 IND 36
105.1757514 11.77062411 5.8373353889155064 KHM 37
120.0631456 -5.098814703 18.907902102207885 IDN 38
71.09899076 39.27911111 5.1755023590806051 TJK 39
43.89246959 32.82820418 9.0753432686786972 IRQ 40
35.23697805 38.9177115 12.126364291787961 TUR 41
67.81905139 49.34022437 22.615961169691023 KAZ 42
