-53.17483718 96.12534267 49.368397802671034 HRV 0
167.3381646 96.85609318 44.522887117791335 UZB 1
60.50554818 104.103888 56.288633951123799 BGR 2
-61.6801049 -53.11994719 65.61850632886707 GNQ 3
23.15186735 93.97671781 53.779084465077673 SRB 4
-27.43432521 -21.78921724 10.664792828498646 BFA 5
-24.22650598 -44.97535867 12.74686550124585 TGO 6
141.2776808 61.70073478 85.698381669840728 TKM 7
106.3666258 219.379185 45.959477166184897 LVA 8
-84.78129332 225.0260345 67.208747399207454 DEU 9
181.1089969 -22.74754388 46.661189155783539 THA 10
134.114266 107.4609794 46.661189155783539 AZE 11
217.159361 72.85969695 65.988886540565474 CHN 12
-29.99131182 -64.43532804 33.725036111885203 GAB 13
175.2145078 26.98378584 24.848215316316704 PAK 14
14.5128034 -33.25946896 6.9817457725167476 RWA 15
76.83590391 43.85790353 31.994378485495933 SYR 16
18.78016061 -45.36667245 14.533662791564524 ZMB 17
-62.57380668 261.2895044 51.463249564535673 DNK 18
176.1783497 54.71612812 18.471963031155848 NPL 19
-35.2222706 60.14152883 37.381147506716857 TUN 20
20.39828591 -6.10952942 34.908728862583743 EGY 21
194.5786008 98.4522649 32.247302409408611 KGZ 22
189.6067436 28.1939725 18.0267900696076 BGD 23
-39.75497621 30.81158557 45.604572417332243 DZA 24
-17.14916091 -16.6635659 6.9817457725167476 NER 25
170.9018235 39.0876157 13.3690253241415 AFG 26
133.4300283 -157.9959016 13.963491545033495 YEM 27
-193.0432308 54.38743338 48.202706309168761 PRT 28
9.38919189 -30.36212122 4.0309128011760764 COD 29
116.422357 -48.48620828 110.61165527215444 KWT 30
192.4203044 -43.30873125 23.155831109088059 KHM 31
226.268925 -70.33592421 35.600057933006831 IDN 32
183.5954034 74.42261442 24.185476807056457 TJK 33
-52.24133575 -24.09199033 8.0618256023521528 SLE 34
78.09784446 72.14839704 52.246601284630053 TUR 35
104.7614012 183.5677609 59.788098835393114 BLR 36
32.88485728 128.9467758 54.2303853935597 HUN 37
21.26160538 60.86049919 44.886345288126989 MKD 38
301.4882333 -8.850177465 116.75739150462745 BRN 39
-10.47808631 -100.3869303 66.845126620707504 ZAF 40
-4.828824015 -19.66572661 5.7005715521665303 TCD 41
-151.6762876 128.953051 49.859637740709964 FRA 42
34.68363085 -52.82790855 11.401143104333061 MOZ 43
29.04955721 -25.66572702 9.0133950348037999 ETH 44
28.59267116 -19.06453677 10.664792828498646 ERI 45
-120.4940297 80.5045129 59.515714280594544 AND 46
-14.27570685 104.8850502 61.924057445565516 BIH 47
2.62828813 -53.14429361 19.747359121068413 AGO 48
109.7244239 271.2674007 64.494604818817223 FIN 49
10.54049427 -21.25888753 16.123651204704306 SDN 50
193.474254 46.70492882 38.240596503737549 BTN 51
200.1246269 21.08187711 19.747359121068413 MMR 52
247.2389542 164.1331736 125.86521187531538 MNG 53
277.027659 66.72004413 82.707415764842111 KOR 54
2.989072045 -25.46007269 4.0309128011760764 CAF 55
52.18484488 0.6678033094 61.792723135584602 ISR 56
238.7615547 -1.771811927 39.08114958652579 VNM 57
-114.0365291 21.17203592 31.994378485495933 MAR 58
50.61934314 48.84182143 47.352503687498427 LBN 59
124.9012481 -119.6982644 102.76851515393882 SAU 60
139.5811656 8.6266679 72.219739832195017 IRN 61
36.32573153 -22.5175129 14.533662791564524 DJI 62
74.11380243 209.3702798 54.529177657061588 LTU 63
187.9639538 199.6344359 79.706140805949801 RUS 64
29.1848596 -62.05576182 20.553703030787766 ZWE 65
-50.53976155 4.802471956 20.553703030787766 MRT 66
11.04418268 -71.50871819 40.309128011760762 BWA 67
243.1728925 -200.1211208 147.44547879910303 QAT 68
-57.96681032 -5.565475872 10.664792828498646 GMB 69
174.6874607 6.634079949 32.247302409408611 IND 70
-4.628121425 -27.07529231 12.092738403528228 CMR 71
-49.91152984 -30.34120035 10.664792828498646 LBR 72
-33.33429818 -40.40654556 17.570341550550975 GHA 73
65.47960014 138.3804145 46.661189155783539 ROU 74
108.4545777 145.6112486 53.627806853266648 UKR 75
16.45275284 -37.05554866 5.7005715521665303 BDI 76
33.45648992 -31.76232952 13.3690253241415 KEN 77
-46.34201858 -20.75893022 12.092738403528228 GIN 78
25.70923476 -43.29863488 6.9817457725167476 MWI 79
-57.49526309 144.0811303 59.515714280594544 SVN 80
48.89493528 -62.23772613 24.519085349893274 LSO 81
-41.81738527 -33.44421639 15.082294657962107 CIV 82
42.07324488 -24.94544922 4.0309128011760764 SOM 83
14.76073274 -28.20720918 8.0618256023521528 SSD 84
243.244559 -68.5130504 15.082294657962107 TLS 85
-98.50006759 159.3595391 46.661189155783539 LIE 86
-169.4578207 230.0135698 65.121389272564087 BEL 87
-0.8850617639 -40.67745258 18.0267900696076 COG 88
22.17608924 -37.60375686 10.664792828498646 TZA 89
-26.75511888 190.5522272 69.467493327264179 CZE 90
222.7139578 -34.88928613 70.396865649395025 MYS 91
1.846680536 150.0333655 57.43166701541135 SVK 92
19.76365227 -31.66451064 8.0618256023521528 UGA 93
248.3801352 113.1608901 25.81043545618887 PRK 94
-129.7049082 197.5554916 87.573841876689386 LUX 95
-25.60000179 -31.26766413 18.0267900696076 BEN 96
23.85072247 27.64962264 54.2303853935597 GRC 97
-129.1352338 152.3634222 46.834974446907694 CHE 98
-48.95954617 -10.09533983 19.331578679605002 SEN 99
85.17241557 7.169599968 38.240596503737549 JOR 100
-124.4960609 249.8501038 68.762221321808539 NLD 101
225.7253048 -124.0864617 84.55314024151599 OMN 102
-83.69815908 69.88162501 54.379986740938982 ITA 103
223.9776448 25.14202908 52.246601284630053 LAO 104
107.1221846 87.77169947 34.203429312999177 ARM 105
180.8959888 -83.96845284 94.447306196980293 ARE 106
58.61042841 27.59745491 18.471963031155848 PSE 107
85.34256294 242.6510776 47.352503687498427 SWE 108
87.9515019 127.7193356 27.33898075077996 MDA 109
-156.5415501 89.87404064 51.305143969498772 ESP 110
-14.84906748 -25.06240685 18.906656929110273 NGA 111
-3.684435895 43.50286959 30.432724271892816 ALB 112
35.36896937 -74.98068772 22.078218685404735 SWZ 113
106.5079917 114.7323688 38.240596503737549 GEO 114
-10.83234093 6.996255878 65.865657886738958 LBY 115
244.555084 -56.46751126 20.945237317550244 PNG 116
40.81128939 185.0564746 68.168921005513624 POL 117
-70.64635884 183.4236274 62.835711952650733 AUT 118
258.1604315 26.47446957 49.532685770241244 HKG 119
141.1637487 236.7399095 68.049640212460133 EST 120
47.06681115 239.900961 66.845126620707504 NOR 121
-8.423476488 68.92213769 46.486754193222893 MNE 122
103.9267688 32.4719552 55.415889093467548 IRQ 123
-53.47103792 -18.48589424 9.0133950348037999 GNB 124
-34.00074735 -16.35212573 9.8736795605342067 MLI 125
158.5233779 148.6541171 95.473937511733411 KAZ 126
