-56.13435155 95.93021418 49.368397802671034 HRV 0
166.9227731 97.36249366 44.522887117791335 UZB 1
59.8012651 104.0471923 56.288633951123799 BGR 2
-61.29382226 -52.7914694 65.61850632886707 GNQ 3
23.30257369 94.7656195 53.779084465077673 SRB 4
-27.11474522 -21.54663028 10.664792828498646 BFA 5
-23.944508 -44.74248814 12.74686550124585 TGO 6
140.7821233 62.56931438 85.698381669840728 TKM 7
106.1243804 220.3431995 45.959477166184897 LVA 8
-84.75409589 225.1107706 67.208747399207454 DEU 9
181.0559149 -23.10274725 46.661189155783539 THA 10
133.9466676 108.4753223 46.661189155783539 AZE 11
217.3416902 73.74448873 65.988886540565474 CHN 12
-29.93831278 -64.25235711 33.725036111885203 GAB 13
174.730936 27.76837542 24.848215316316704 PAK 14
14.62602975 -33.35012589 6.9817457725167476 RWA 15
76.40107014 44.2416252 31.994378485495933 SYR 16
18.94270369 -45.29537939 14.533662791564524 ZMB 17
-62.57380668 261.2895044 51.463249564535673 DNK 18
175.7571737 54.0874913 18.471963031155848 NPL 19
-34.9393004 60.18309382 37.381147506716857 TUN 20
20.24202948 -6.258988029 34.908728862583743 EGY 21
194.5786008 98.4522649 32.247302409408611 KGZ 22
189.241067 28.40133492 18.0267900696076 BGD 23
-39.10466631 31.17915312 45.604572417332243 DZA 24
-16.78989228 -16.43692931 6.9817457725167476 NER 25
170.3647421 39.76992442 13.3690253241415 AFG 26
133.4364861 -157.9503461 13.963491545033495 YEM 27
-193.0432308 54.38743338 48.202706309168761 PRT 28
9.530579126 -30.46318253 4.0309128011760764 COD 29
116.4563987 -48.94180353 110.61165527215444 KWT 30
192.5486892 -43.4116235 23.155831109088059 KHM 31
226.2831013 -69.61265334 35.600057933006831 IDN 32
183.6014943 74.50233276 24.185476807056457 TJK 33
-51.94593858 -23.8974134 8.0618256023521528 SLE 34
77.4697488 72.37251397 52.246601284630053 TUR 35
104.7390179 183.8756079 59.788098835393114 BLR 36
33.27996349 129.7496157 54.2303853935597 HUN 37
21.07192088 61.86872888 44.886345288126989 MKD 38
300.6342367 -8.131341052 116.75739150462745 BRN 39
-10.3440471 -100.1015806 66.845126620707504 ZAF 40
-4.484878609 -19.50737799 5.7005715521665303 TCD 41
-151.5419189 129.1221077 49.859637740709964 FRA 42
34.79194236 -52.83019039 11.401143104333061 MOZ 43
29.04698052 -25.59234218 9.0133950348037999 ETH 44
28.54434578 -19.03550055 10.664792828498646 ERI 45
-120.6322185 80.47143793 59.515714280594544 AND 46
-14.13310044 105.4361164 61.924057445565516 BIH 47
2.638489128 -53.16140728 19.747359121068413 AGO 48
110.0698541 270.4586618 64.494604818817223 FIN 49
10.614976 -21.52252036 16.123651204704306 SDN 50
193.2507386 46.77237615 38.240596503737549 BTN 51
199.4894495 21.03089312 19.747359121068413 MMR 52
246.7295756 164.253513 125.86521187531538 MNG 53
276.956121 66.30684451 82.707415764842111 KOR 54
3.278828135 -25.37446733 4.0309128011760764 CAF 55
51.69727184 1.149549648 61.792723135584602 ISR 56
238.6033204 -1.551515402 39.08114958652579 VNM 57
-114.0365291 21.17203592 31.994378485495933 MAR 58
50.32366791 49.04136684 47.352503687498427 LBN 59
124.9598367 -119.8726053 102.76851515393882 SAU 60
138.7952315 9.486456046 72.219739832195017 IRN 61
36.29004259 -22.51450074 14.533662791564524 DJI 62
74.40907624 209.3033104 54.529177657061588 LTU 63
188.0146919 199.9560314 79.706140805949801 RUS 64
29.24374038 -61.98144615 20.553703030787766 ZWE 65
-50.42677134 4.752376381 20.553703030787766 MRT 66
11.24677041 -71.45795347 40.309128011760762 BWA 67
243.1728925 -200.1211208 147.44547879910303 QAT 68
-57.76426293 -5.650125426 10.664792828498646 GMB 69
173.9463753 7.34937697 32.247302409408611 IND 70
-4.341862061 -26.50902725 12.092738403528228 CMR 71
-49.52032254 -30.18061636 10.664792828498646 LBR 72
-32.92998185 -40.06162609 17.570341550550975 GHA 73
65.81239692 138.6189246 46.661189155783539 ROU 74
108.6715236 146.1738661 53.627806853266648 UKR 75
16.67917996 -37.05787879 5.7005715521665303 BDI 76
33.3358205 -31.72750184 13.3690253241415 KEN 77
-45.99054493 -20.75106411 12.092738403528228 GIN 78
25.84535316 -43.20989348 6.9817457725167476 MWI 79
-57.50658781 144.1174741 59.515714280594544 SVN 80
48.89493528 -62.23772613 24.519085349893274 LSO 81
-41.42239968 -33.20920691 15.082294657962107 CIV 82
42.04952089 -24.82066441 4.0309128011760764 SOM 83
14.96517683 -28.33431298 8.0618256023521528 SSD 84
243.1877331 -68.32606199 15.082294657962107 TLS 85
-98.50731247 159.766796 46.661189155783539 LIE 86
-169.4421998 229.983278 65.121389272564087 BEL 87
-0.847282293 -40.72123482 18.0267900696076 COG 88
22.40695699 -37.52324699 10.664792828498646 TZA 89
-26.44938253 190.9471827 69.467493327264179 CZE 90
222.4838935 -34.39470353 70.396865649395025 MYS 91
2.553770213 150.9217525 57.43166701541135 SVK 92
19.78263511 -31.71962755 8.0618256023521528 UGA 93
248.6504302 113.6023043 25.81043545618887 PRK 94
-129.7827164 197.6010135 87.573841876689386 LUX 95
-25.23297992 -30.99047482 18.0267900696076 BEN 96
23.32440193 28.46526446 54.2303853935597 GRC 97
-128.9648614 152.4429541 46.834974446907694 CHE 98
-48.73953712 -10.01380938 19.331578679605002 SEN 99
84.39006972 8.129343849 38.240596503737549 JOR 100
-124.5502841 249.668802 68.762221321808539 NLD 101
225.7123388 -124.0252248 84.55314024151599 OMN 102
-83.69815908 69.88162501 54.379986740938982 ITA 103
223.2461572 24.83319932 52.246601284630053 LAO 104
107.1221846 87.77169947 34.203429312999177 ARM 105
180.9828906 -84.09006427 94.447306196980293 ARE 106
58.61042841 27.59745491 18.471963031155848 PSE 107
84.70409619 243.0062365 47.352503687498427 SWE 108
88.50850607 128.0329665 27.33898075077996 MDA 109
-156.4515124 89.87927648 51.305143969498772 ESP 110
-14.55832069 -24.79533835 18.906656929110273 NGA 111
-3.626060432 43.8432626 30.432724271892816 ALB 112
35.34506056 -74.91658526 22.078218685404735 SWZ 113
106.3766898 115.1762105 38.240596503737549 GEO 114
-10.6634292 7.123037675 65.865657886738958 LBY 115
244.0548015 -56.31617798 20.945237317550244 PNG 116
40.81960467 185.7892292 68.168921005513624 POL 117
-69.9591375 183.0909953 62.835711952650733 AUT 118
257.2578006 26.70978234 49.532685770241244 HKG 119
140.8821018 236.6944268 68.049640212460133 EST 120
46.75472239 238.9760823 66.845126620707504 NOR 121
-8.533976607 69.57916164 46.486754193222893 MNE 122
103.5938689 33.5731292 55.415889093467548 IRQ 123
-53.32317968 -18.35983391 9.0133950348037999 GNB 124
-33.64344663 -16.20742766 9.8736795605342067 MLI 125
158.3903578 149.4640005 95.473937511733411 KAZ 126
