-53.00192054 96.73902203 49.368397802671034 HRV 0
167.2132104 97.31557829 44.522887117791335 UZB 1
60.13509597 104.3387577 56.288633951123799 BGR 2
-61.39752948 -52.87176303 65.61850632886707 GNQ 3
23.38802369 94.77048936 53.779084465077673 SRB 4
-27.20336092 -21.58764716 10.664792828498646 BFA 5
-24.03408593 -44.77685391 12.74686550124585 TGO 6
141.0820115 62.35729452 85.698381669840728 TKM 7
106.3768755 220.7059071 45.959477166184897 LVA 8
-84.75409589 225.1107706 67.208747399207454 DEU 9
181.028762 -22.99016626 46.661189155783539 THA 10
134.1768132 108.4656333 46.661189155783539 AZE 11
216.6549588 72.83247199 65.988886540565474 CHN 12
-29.93831278 -64.25235711 33.725036111885203 GAB 13
174.8783105 27.52424071 24.848215316316704 PAK 14
14.59348786 -33.32691364 6.9817457725167476 RWA 15
76.63173362 44.3269232 31.994378485495933 SYR 16
18.92902746 -45.31176259 14.533662791564524 ZMB 17
-62.57380668 261.2895044 51.463249564535673 DNK 18
175.8048183 54.17558597 18.471963031155848 NPL 19
-35.10592453 60.11624935 37.381147506716857 TUN 20
20.35701432 -6.216452139 34.908728862583743 EGY 21
194.5786008 98.4522649 32.247302409408611 KGZ 22
189.2140747 28.44136487 18.0267900696076 BGD 23
-39.30136029 31.11680494 45.604572417332243 DZA 24
-16.87120112 -16.44574886 6.9817457725167476 NER 25
170.5257788 39.57334205 13.3690253241415 AFG 26
133.4328289 -157.9791673 13.963491545033495 YEM 27
-193.0432308 54.38743338 48.202706309168761 PRT 28
9.490503155 -30.44062461 4.0309128011760764 COD 29
116.5102195 -48.80366183 110.61165527215444 KWT 30
192.5164161 -43.36996624 23.155831109088059 KHM 31
226.205228 -69.85869207 35.600057933006831 IDN 32
183.6014943 74.50233276 24.185476807056457 TJK 33
-52.02369958 -23.94962862 8.0618256023521528 SLE 34
77.77565927 72.53139792 52.246601284630053 TUR 35
104.8694718 183.6472583 59.788098835393114 BLR 36
33.21373318 129.762197 54.2303853935597 HUN 37
21.29000868 61.77716256 44.886345288126989 MKD 38
300.7874937 -8.221057725 116.75739150462745 BRN 39
-10.34110566 -100.1674109 66.845126620707504 ZAF 40
-4.573959923 -19.54694166 5.7005715521665303 TCD 41
-151.5419189 129.1221077 49.859637740709964 FRA 42
34.79166373 -52.82720724 11.401143104333061 MOZ 43
29.0381846 -25.66742152 9.0133950348037999 ETH 44
28.56943963 -19.08991886 10.664792828498646 ERI 45
-120.5794601 80.50365504 59.515714280594544 AND 46
-14.04928779 104.9753827 61.924057445565516 BIH 47
2.638489128 -53.16140728 19.747359121068413 AGO 48
110.5634445 270.6680202 64.494604818817223 FIN 49
10.60919146 -21.45420381 16.123651204704306 SDN 50
193.3349929 46.8397069 38.240596503737549 BTN 51
199.5178074 21.09085287 19.747359121068413 MMR 52
247.0344405 164.5214999 125.86521187531538 MNG 53
276.9735302 66.45455279 82.707415764842111 KOR 54
3.21916939 -25.37502084 4.0309128011760764 CAF 55
51.92596064 1.084189754 61.792723135584602 ISR 56
238.5635693 -1.503455466 39.08114958652579 VNM 57
-114.0365291 21.17203592 31.994378485495933 MAR 58
50.48461484 49.20612324 47.352503687498427 LBN 59
124.9020367 -119.8052061 102.76851515393882 SAU 60
139.2361114 9.409353456 72.219739832195017 IRN 61
36.28027023 -22.53042037 14.533662791564524 DJI 62
74.66830204 209.4054852 54.529177657061588 LTU 63
188.1156622 200.178794 79.706140805949801 RUS 64
29.27362776 -62.0023028 20.553703030787766 ZWE 65
-50.42677134 4.752376381 20.553703030787766 MRT 66
11.20124888 -71.44603887 40.309128011760762 BWA 67
243.1728925 -200.1211208 147.44547879910303 QAT 68
-57.76699335 -5.64105235 10.664792828498646 GMB 69
174.1679316 7.195310372 32.247302409408611 IND 70
-4.420615127 -26.60335847 12.092738403528228 CMR 71
-49.62628225 -30.18395463 10.664792828498646 LBR 72
-33.07673052 -40.14980897 17.570341550550975 GHA 73
65.92052238 138.3759487 46.661189155783539 ROU 74
108.713526 145.81121 53.627806853266648 UKR 75
16.61786442 -37.06382493 5.7005715521665303 BDI 76
33.36129 -31.79472171 13.3690253241415 KEN 77
-46.05470647 -20.79175814 12.092738403528228 GIN 78
25.83054818 -43.22825193 6.9817457725167476 MWI 79
-57.49118319 144.1267099 59.515714280594544 SVN 80
48.89493528 -62.23772613 24.519085349893274 LSO 81
-41.55827627 -33.23808074 15.082294657962107 CIV 82
42.05296472 -24.84774484 4.0309128011760764 SOM 83
14.95123613 -28.29603259 8.0618256023521528 SSD 84
243.2055426 -68.36088336 15.082294657962107 TLS 85
-98.50731247 159.766796 46.661189155783539 LIE 86
-169.4421998 229.983278 65.121389272564087 BEL 87
-0.847282293 -40.72123482 18.0267900696076 COG 88
22.34299614 -37.55737863 10.664792828498646 TZA 89
-26.43101649 190.9762529 69.467493327264179 CZE 90
222.5938093 -34.52800867 70.396865649395025 MYS 91
2.411166516 150.9784766 57.43166701541135 SVK 92
19.78263511 -31.71962755 8.0618256023521528 UGA 93
248.6100821 113.7300495 25.81043545618887 PRK 94
-129.8374538 197.5636235 87.573841876689386 LUX 95
-25.35181835 -31.06049571 18.0267900696076 BEN 96
23.54725609 28.39527899 54.2303853935597 GRC 97
-128.9660136 152.4436116 46.834974446907694 CHE 98
-48.72030064 -10.06382381 19.331578679605002 SEN 99
84.70765956 8.061230659 38.240596503737549 JOR 100
-124.5452278 249.6807557 68.762221321808539 NLD 101
225.7285252 -124.0180492 84.55314024151599 OMN 102
-83.69815908 69.88162501 54.379986740938982 ITA 103
223.3140485 25.03798652 52.246601284630053 LAO 104
107.1221846 87.77169947 34.203429312999177 ARM 105
180.9812066 -84.08187839 94.447306196980293 ARE 106
58.61042841 27.59745491 18.471963031155848 PSE 107
84.85161647 243.3949773 47.352503687498427 SWE 108
88.36757341 127.8485002 27.33898075077996 MDA 109
-156.5100135 89.87339956 51.305143969498772 ESP 110
-14.65691876 -24.83539963 18.906656929110273 NGA 111
-3.632235522 43.76435695 30.432724271892816 ALB 112
35.35391768 -74.9289691 22.078218685404735 SWZ 113
106.4816264 115.1111535 38.240596503737549 GEO 114
-10.64359685 7.162056632 65.865657886738958 LBY 115
244.1281902 -56.32516763 20.945237317550244 PNG 116
40.95534957 185.9038914 68.168921005513624 POL 117
-70.06352973 183.1462814 62.835711952650733 AUT 118
257.3735911 26.71826754 49.532685770241244 HKG 119
141.1148536 236.7412168 68.049640212460133 EST 120
46.82826544 239.0768891 66.845126620707504 NOR 121
-8.469779778 69.0817797 46.486754193222893 MNE 122
103.7461509 33.26628189 55.415889093467548 IRQ 123
-53.32999297 -18.36718366 9.0133950348037999 GNB 124
-33.72238329 -16.25429438 9.8736795605342067 MLI 125
158.543979 149.4830873 95.473937511733411 KAZ 126
