-56.19629942 95.44999685 49.368397802671034 HRV 0
165.9192575 95.19465721 44.522887117791335 UZB 1
59.4656653 103.7104285 56.288633951123799 BGR 2
-62.21919399 -52.982115 65.61850632886707 GNQ 3
20.02606452 93.72039873 53.779084465077673 SRB 4
-28.34668378 -20.87293379 10.664792828498646 BFA 5
-24.88049882 -43.35547238 12.74686550124585 TGO 6
139.8231164 60.50387596 85.698381669840728 TKM 7
105.2099199 219.0182104 45.959477166184897 LVA 8
-85.60621894 227.3260399 67.208747399207454 DEU 9
181.293222 -23.07470049 46.661189155783539 THA 10
132.542534 105.7011504 46.661189155783539 AZE 11
218.2129604 73.82427253 65.988886540565474 CHN 12
-31.05848935 -64.34020803 33.725036111885203 GAB 13
174.831848 27.05485558 24.848215316316704 PAK 14
14.41606495 -33.37508774 6.9817457725167476 RWA 15
76.11159287 44.03169953 31.994378485495933 SYR 16
18.56889059 -45.40333222 14.533662791564524 ZMB 17
-62.16996776 261.3858862 51.463249564535673 DNK 18
177.2580519 53.89735301 18.471963031155848 NPL 19
-35.35003015 59.24191887 37.381147506716857 TUN 20
19.07658319 -7.251415403 34.908728862583743 EGY 21
194.1730871 97.18250805 32.247302409408611 KGZ 22
189.1710743 27.40242794 18.0267900696076 BGD 23
-39.76554732 30.81575775 45.604572417332243 DZA 24
-17.45370544 -16.79954081 6.9817457725167476 NER 25
170.4680964 39.02070669 13.3690253241415 AFG 26
133.7801216 -160.004373 13.963491545033495 YEM 27
-192.9554783 54.6990776 48.202706309168761 PRT 28
8.719484348 -31.07650348 4.0309128011760764 COD 29
117.4650487 -51.37027116 110.61165527215444 KWT 30
192.8474016 -43.2793832 23.155831109088059 KHM 31
226.531358 -69.87274129 35.600057933006831 IDN 32
183.422789 74.23606844 24.185476807056457 TJK 33
-52.8893582 -23.95986896 8.0618256023521528 SLE 34
77.16323695 72.10447058 52.246601284630053 TUR 35
103.8429111 182.6279901 59.788098835393114 BLR 36
31.53955817 127.8525656 54.2303853935597 HUN 37
21.91785085 60.88180506 44.886345288126989 MKD 38
299.4409458 -8.365501017 116.75739150462745 BRN 39
-11.68802776 -99.4324553 66.845126620707504 ZAF 40
-5.177601634 -19.97466267 5.7005715521665303 TCD 41
-151.7044799 130.713938 49.859637740709964 FRA 42
34.39103102 -53.16385929 11.401143104333061 MOZ 43
28.93877584 -25.38457376 9.0133950348037999 ETH 44
28.91798037 -18.82403166 10.664792828498646 ERI 45
-121.187084 82.79376117 59.515714280594544 AND 46
-17.53753929 102.5288002 61.924057445565516 BIH 47
2.586383545 -53.13756432 19.747359121068413 AGO 48
109.0469032 268.1862994 64.494604818817223 FIN 49
9.256128069 -22.00492681 16.123651204704306 SDN 50
194.9646164 45.24378134 38.240596503737549 BTN 51
199.4670237 20.15128675 19.747359121068413 MMR 52
245.506912 162.1090745 125.86521187531538 MNG 53
278.0342317 65.94435104 82.707415764842111 KOR 54
2.554214213 -25.88212486 4.0309128011760764 CAF 55
50.38109205 0.4358053971 61.792723135584602 ISR 56
239.052568 -1.969786857 39.08114958652579 VNM 57
-115.0356391 21.11205324 31.994378485495933 MAR 58
49.92738247 47.82842268 47.352503687498427 LBN 59
124.8285867 -122.1312973 102.76851515393882 SAU 60
137.7934392 7.70482771 72.219739832195017 IRN 61
36.43989253 -22.56210069 14.533662791564524 DJI 62
73.83193945 207.3073828 54.529177657061588 LTU 63
186.9766652 197.7426563 79.706140805949801 RUS 64
28.59944747 -62.10717595 20.553703030787766 ZWE 65
-51.63198824 4.564076045 20.553703030787766 MRT 66
10.63781076 -71.54591803 40.309128011760762 BWA 67
244.5272485 -202.5632555 147.44547879910303 QAT 68
-59.17104151 -5.701232553 10.664792828498646 GMB 69
174.3151573 7.628171525 32.247302409408611 IND 70
-5.039615108 -26.97654109 12.092738403528228 CMR 71
-50.98567959 -30.17046535 10.664792828498646 LBR 72
-34.26611176 -39.60909977 17.570341550550975 GHA 73
62.17997737 141.7081841 46.661189155783539 ROU 74
107.7738707 145.0289382 53.627806853266648 UKR 75
16.3248153 -37.14756228 5.7005715521665303 BDI 76
32.35057887 -32.01986193 13.3690253241415 KEN 77
-47.28331363 -20.25937803 12.092738403528228 GIN 78
25.58221363 -43.863404 6.9817457725167476 MWI 79
-58.56072322 142.5698935 59.515714280594544 SVN 80
48.82234825 -62.29330859 24.519085349893274 LSO 81
-42.72958423 -32.75317059 15.082294657962107 CIV 82
41.98190773 -25.31706556 4.0309128011760764 SOM 83
14.28449894 -28.36176525 8.0618256023521528 SSD 84
243.517713 -69.17379521 15.082294657962107 TLS 85
-99.09500632 159.295606 46.661189155783539 LIE 86
-169.2713924 230.3087656 65.121389272564087 BEL 87
-1.735387165 -41.24283948 18.0267900696076 COG 88
21.85358538 -37.58976934 10.664792828498646 TZA 89
-27.2823964 190.9958883 69.467493327264179 CZE 90
222.8415659 -34.70999703 70.396865649395025 MYS 91
1.858202956 150.3027433 57.43166701541135 SVK 92
19.20008773 -31.85563572 8.0618256023521528 UGA 93
247.9233577 111.6174251 25.81043545618887 PRK 94
-128.8977729 199.2462769 87.573841876689386 LUX 95
-26.02595109 -31.06997379 18.0267900696076 BEN 96
22.53190753 27.83716216 54.2303853935597 GRC 97
-129.8903533 154.4494318 46.834974446907694 CHE 98
-50.18526482 -10.17900941 19.331578679605002 SEN 99
83.27905059 5.847935026 38.240596503737549 JOR 100
-125.006333 251.2476527 68.762221321808539 NLD 101
225.3623709 -127.6187699 84.55314024151599 OMN 102
-85.63234958 69.45045839 54.379986740938982 ITA 103
223.1581481 24.00169169 52.246601284630053 LAO 104
106.5176974 88.33120661 34.203429312999177 ARM 105
181.6069737 -87.03757723 94.447306196980293 ARE 106
59.00899808 26.66826363 18.471963031155848 PSE 107
83.37598622 241.1573778 47.352503687498427 SWE 108
84.54430448 131.2913245 27.33898075077996 MDA 109
-157.2146007 90.99658037 51.305143969498772 ESP 110
-15.21655907 -25.17750739 18.906656929110273 NGA 111
-4.604186156 41.33043329 30.432724271892816 ALB 112
35.10317667 -74.90586812 22.078218685404735 SWZ 113
105.1887332 112.9368907 38.240596503737549 GEO 114
-11.48028019 6.731382475 65.865657886738958 LBY 115
243.652274 -57.02337927 20.945237317550244 PNG 116
39.67783929 184.8200161 68.168921005513624 POL 117
-70.42442736 181.8750036 62.835711952650733 AUT 118
256.9376735 27.23385768 49.532685770241244 HKG 119
139.8507314 234.8372338 68.049640212460133 EST 120
45.61076768 236.3792577 66.845126620707504 NOR 121
-8.281872374 66.99524449 46.486754193222893 MNE 122
102.0640247 30.79604796 55.415889093467548 IRQ 123
-54.60630464 -18.53319 9.0133950348037999 GNB 124
-34.30774014 -16.69478734 9.8736795605342067 MLI 125
157.4123352 147.3991887 95.473937511733411 KAZ 126
