-58.05352344 99.88049908 49.368397802671034 HRV 0
165.8688717 97.71052469 44.522887117791335 UZB 1
59.00238316 104.0788438 56.288633951123799 BGR 2
-64.33183805 -54.62419025 65.61850632886707 GNQ 3
21.13254933 93.00335222 53.779084465077673 SRB 4
-29.11632208 -23.20327837 10.664792828498646 BFA 5
-25.78361018 -46.32367176 12.74686550124585 TGO 6
139.9063542 62.42584107 85.698381669840728 TKM 7
105.3547301 220.5770036 45.959477166184897 LVA 8
-86.68680488 223.7985704 67.208747399207454 DEU 9
182.3545867 -22.84852845 46.661189155783539 THA 10
132.3519623 106.4074894 46.661189155783539 AZE 11
213.2642919 70.21700745 65.988886540565474 CHN 12
-32.70769821 -65.83287243 33.725036111885203 GAB 13
175.1301442 28.19401727 24.848215316316704 PAK 14
13.71439245 -32.71331551 6.9817457725167476 RWA 15
75.40350043 43.6305441 31.994378485495933 SYR 16
17.70313795 -45.56557877 14.533662791564524 ZMB 17
-63.95598042 260.9546301 51.463249564535673 DNK 18
175.883943 57.09440246 18.471963031155848 NPL 19
-38.51787312 60.26307187 37.381147506716857 TUN 20
18.96869943 -6.534511886 34.908728862583743 EGY 21
191.688693 96.56658624 32.247302409408611 KGZ 22
189.2841803 24.89727615 18.0267900696076 BGD 23
-41.78369611 29.61876057 45.604572417332243 DZA 24
-19.11152368 -17.75129823 6.9817457725167476 NER 25
170.7841648 40.29700459 13.3690253241415 AFG 26
134.5169438 -158.6466118 13.963491545033495 YEM 27
-193.3284085 53.36486042 48.202706309168761 PRT 28
8.224169012 -30.11140858 4.0309128011760764 COD 29
114.7572451 -49.2868405 110.61165527215444 KWT 30
193.8482053 -43.39761883 23.155831109088059 KHM 31
227.8675884 -71.04958397 35.600057933006831 IDN 32
182.3439729 75.53357415 24.185476807056457 TJK 33
-54.02440621 -25.81395136 8.0618256023521528 SLE 34
76.6213147 72.04607172 52.246601284630053 TUR 35
103.5450708 184.1427811 59.788098835393114 BLR 36
30.47138798 128.1419502 54.2303853935597 HUN 37
19.2573118 59.91907573 44.886345288126989 MKD 38
301.6251792 -8.244598607 116.75739150462745 BRN 39
-11.5364121 -101.0688734 66.845126620707504 ZAF 40
-6.761026326 -20.62101038 5.7005715521665303 TCD 41
-153.828084 128.0048447 49.859637740709964 FRA 42
34.10040061 -53.53395643 11.401143104333061 MOZ 43
29.00587766 -24.98465293 9.0133950348037999 ETH 44
28.99789872 -18.36231064 10.664792828498646 ERI 45
-121.8378979 78.78124726 59.515714280594544 AND 46
-16.5019883 103.9386628 61.924057445565516 BIH 47
2.841947083 -53.03810452 19.747359121068413 AGO 48
107.9343346 272.1882704 64.494604818817223 FIN 49
8.29653106 -20.88998935 16.123651204704306 SDN 50
189.8002246 43.9411169 38.240596503737549 BTN 51
201.3260353 20.87738568 19.747359121068413 MMR 52
246.0824927 164.63969 125.86521187531538 MNG 53
277.2771619 69.77160351 82.707415764842111 KOR 54
1.076000187 -26.38845469 4.0309128011760764 CAF 55
51.2149423 -0.8485869317 61.792723135584602 ISR 56
240.246001 -2.065842806 39.08114958652579 VNM 57
-114.8907835 19.83911765 31.994378485495933 MAR 58
48.98113015 48.13115411 47.352503687498427 LBN 59
123.9840411 -120.752895 102.76851515393882 SAU 60
138.1553677 8.629411845 72.219739832195017 IRN 61
36.68103724 -22.00123403 14.533662791564524 DJI 62
73.4180558 209.4281348 54.529177657061588 LTU 63
186.6641066 200.0788827 79.706140805949801 RUS 64
28.560925 -62.74189795 20.553703030787766 ZWE 65
-52.2355741 5.005911441 20.553703030787766 MRT 66
10.13824545 -72.09484379 40.309128011760762 BWA 67
244.2572623 -199.4072312 147.44547879910303 QAT 68
-59.81493868 -6.55120016 10.664792828498646 GMB 69
174.539437 7.512745185 32.247302409408611 IND 70
-6.527736504 -28.64295667 12.092738403528228 CMR 71
-51.70101567 -31.97496685 10.664792828498646 LBR 72
-35.06693692 -41.98065607 17.570341550550975 GHA 73
63.2869477 138.9488739 46.661189155783539 ROU 74
107.3973174 146.1783232 53.627806853266648 UKR 75
15.4227066 -36.63557115 5.7005715521665303 BDI 76
33.66212009 -30.89763845 13.3690253241415 KEN 77
-48.06751754 -22.47682301 12.092738403528228 GIN 78
24.74357626 -43.78681581 6.9817457725167476 MWI 79
-59.90786556 142.8093934 59.515714280594544 SVN 80
49.28882055 -62.15321934 24.519085349893274 LSO 81
-43.57100876 -35.02298414 15.082294657962107 CIV 82
42.04355705 -25.24523379 4.0309128011760764 SOM 83
13.11094014 -27.45776095 8.0618256023521528 SSD 84
244.9164794 -69.19354335 15.082294657962107 TLS 85
-101.2035037 157.6511021 46.661189155783539 LIE 86
-172.833686 230.0415723 65.121389272564087 BEL 87
-2.038349406 -40.49499035 18.0267900696076 COG 88
20.8865999 -37.55599252 10.664792828498646 TZA 89
-29.17587631 189.3042575 69.467493327264179 CZE 90
224.3169083 -35.35487304 70.396865649395025 MYS 91
-0.5637355562 149.2913408 57.43166701541135 SVK 92
18.59501592 -31.22113607 8.0618256023521528 UGA 93
246.4772991 113.3980585 25.81043545618887 PRK 94
-132.2882867 198.1944265 87.573841876689386 LUX 95
-27.16189787 -32.93062386 18.0267900696076 BEN 96
21.86503643 26.68694248 54.2303853935597 GRC 97
-132.3839523 152.6680365 46.834974446907694 CHE 98
-50.8018205 -11.38352067 19.331578679605002 SEN 99
83.84635009 7.40173076 38.240596503737549 JOR 100
-126.3901793 250.6115654 68.762221321808539 NLD 101
226.372215 -123.1571931 84.55314024151599 OMN 102
-85.19868968 67.1094215 54.379986740938982 ITA 103
225.3027174 24.97629103 52.246601284630053 LAO 104
106.6560932 88.33748604 34.203429312999177 ARM 105
180.897654 -83.37924108 94.447306196980293 ARE 106
58.90857878 26.85039299 18.471963031155848 PSE 107
83.53777331 243.5025467 47.352503687498427 SWE 108
85.88353053 128.2730595 27.33898075077996 MDA 109
-158.0478467 88.47414231 51.305143969498772 ESP 110
-16.6906582 -26.22117567 18.906656929110273 NGA 111
-3.308375116 41.02734283 30.432724271892816 ALB 112
35.90456143 -75.07941087 22.078218685404735 SWZ 113
105.1139796 115.0823373 38.240596503737549 GEO 114
-12.74634848 5.896364411 65.865657886738958 LBY 115
246.2063234 -57.10443109 20.945237317550244 PNG 116
39.6738603 185.6686773 68.168921005513624 POL 117
-73.0872396 181.8367652 62.835711952650733 AUT 118
259.4566721 28.81873445 49.532685770241244 HKG 119
140.1610089 236.6210927 68.049640212460133 EST 120
45.43213277 239.1219055 66.845126620707504 NOR 121
-11.1323191 67.53687723 46.486754193222893 MNE 122
102.7691888 32.88002921 55.415889093467548 IRQ 123
-54.79769818 -20.10317135 9.0133950348037999 GNB 124
-35.93925966 -17.5672155 9.8736795605342067 MLI 125
157.4095615 148.9200804 95.473937511733411 KAZ 126
