-55.43526109 96.64358465 49.368397802671034 HRV 0
167.0232429 97.24118389 44.522887117791335 UZB 1
59.88387139 104.1334539 56.288633951123799 BGR 2
-61.30422949 -52.80208119 65.61850632886707 GNQ 3
23.28146164 94.78178575 53.779084465077673 SRB 4
-27.11314941 -21.54847979 10.664792828498646 BFA 5
-23.95708982 -44.74414233 12.74686550124585 TGO 6
140.8919202 62.41134776 85.698381669840728 TKM 7
106.1998685 220.3439939 45.959477166184897 LVA 8
-84.75409589 225.1107706 67.208747399207454 DEU 9
181.0608413 -23.08692996 46.661189155783539 THA 10
133.9554396 108.4673055 46.661189155783539 AZE 11
217.1601236 73.55401935 65.988886540565474 CHN 12
-29.93831278 -64.25235711 33.725036111885203 GAB 13
174.7512802 27.72782729 24.848215316316704 PAK 14
14.61804109 -33.35021283 6.9817457725167476 RWA 15
76.4568125 44.28282458 31.994378485495933 SYR 16
18.94270369 -45.29537939 14.533662791564524 ZMB 17
-62.57380668 261.2895044 51.463249564535673 DNK 18
175.7571737 54.0874913 18.471963031155848 NPL 19
-34.94703203 60.1794059 37.381147506716857 TUN 20
20.27966519 -6.25912877 34.908728862583743 EGY 21
194.5786008 98.4522649 32.247302409408611 KGZ 22
189.2409023 28.39902035 18.0267900696076 BGD 23
-39.14801054 31.1500618 45.604572417332243 DZA 24
-16.79879636 -16.43727733 6.9817457725167476 NER 25
170.3919301 39.74030357 13.3690253241415 AFG 26
133.4359751 -157.9527809 13.963491545033495 YEM 27
-193.0432308 54.38743338 48.202706309168761 PRT 28
9.52594584 -30.45903956 4.0309128011760764 COD 29
116.4563987 -48.94180353 110.61165527215444 KWT 30
192.5481698 -43.41155264 23.155831109088059 KHM 31
226.2929656 -69.67775304 35.600057933006831 IDN 32
183.6014943 74.50233276 24.185476807056457 TJK 33
-51.94754804 -23.89987387 8.0618256023521528 SLE 34
77.54635154 72.43072748 52.246601284630053 TUR 35
104.7905344 183.7410313 59.788098835393114 BLR 36
33.34687733 129.8520573 54.2303853935597 HUN 37
21.059284 61.86443089 44.886345288126989 MKD 38
300.6342367 -8.131341052 116.75739150462745 BRN 39
-10.3440471 -100.1015806 66.845126620707504 ZAF 40
-4.493580696 -19.50923624 5.7005715521665303 TCD 41
-151.5419189 129.1221077 49.859637740709964 FRA 42
34.79194236 -52.83019039 11.401143104333061 MOZ 43
29.04359309 -25.60716121 9.0133950348037999 ETH 44
28.58550678 -19.0426001 10.664792828498646 ERI 45
-120.6117947 80.46103649 59.515714280594544 AND 46
-14.13310044 105.4361164 61.924057445565516 BIH 47
2.638489128 -53.16140728 19.747359121068413 AGO 48
110.0861786 270.6435577 64.494604818817223 FIN 49
10.61753137 -21.51151209 16.123651204704306 SDN 50
193.2624241 46.77962501 38.240596503737549 BTN 51
199.4920854 21.01859372 19.747359121068413 MMR 52
246.7924571 164.3818566 125.86521187531538 MNG 53
276.956121 66.30684451 82.707415764842111 KOR 54
3.275223895 -25.36772567 4.0309128011760764 CAF 55
51.71781867 1.27550066 61.792723135584602 ISR 56
238.5985895 -1.548809655 39.08114958652579 VNM 57
-114.0365291 21.17203592 31.994378485495933 MAR 58
50.36633219 49.09774707 47.352503687498427 LBN 59
124.9691817 -119.8485465 102.76851515393882 SAU 60
138.9486233 9.530070846 72.219739832195017 IRN 61
36.28970835 -22.50929639 14.533662791564524 DJI 62
74.41521053 209.4415684 54.529177657061588 LTU 63
188.0412028 200.0612825 79.706140805949801 RUS 64
29.24688499 -61.98631502 20.553703030787766 ZWE 65
-50.42677134 4.752376381 20.553703030787766 MRT 66
11.2374134 -71.46537485 40.309128011760762 BWA 67
243.1728925 -200.1211208 147.44547879910303 QAT 68
-57.76540632 -5.649601296 10.664792828498646 GMB 69
173.9463753 7.34937697 32.247302409408611 IND 70
-4.346061258 -26.50617063 12.092738403528228 CMR 71
-49.51723209 -30.17968884 10.664792828498646 LBR 72
-32.95683165 -40.07735927 17.570341550550975 GHA 73
65.97009279 138.486685 46.661189155783539 ROU 74
108.6974672 145.9844525 53.627806853266648 UKR 75
16.6787195 -37.05672092 5.7005715521665303 BDI 76
33.34198399 -31.73411415 13.3690253241415 KEN 77
-45.98714705 -20.75246754 12.092738403528228 GIN 78
25.84535316 -43.20989348 6.9817457725167476 MWI 79
-57.50866457 144.1168533 59.515714280594544 SVN 80
48.89493528 -62.23772613 24.519085349893274 LSO 81
-41.43576103 -33.19177313 15.082294657962107 CIV 82
42.05107645 -24.82107644 4.0309128011760764 SOM 83
14.96405207 -28.33145498 8.0618256023521528 SSD 84
243.1890339 -68.32963741 15.082294657962107 TLS 85
-98.50731247 159.766796 46.661189155783539 LIE 86
-169.4421998 229.983278 65.121389272564087 BEL 87
-0.847282293 -40.72123482 18.0267900696076 COG 88
22.40695699 -37.52324699 10.664792828498646 TZA 89
-26.42784848 190.9549701 69.467493327264179 CZE 90
222.5158149 -34.43563697 70.396865649395025 MYS 91
2.598512922 151.0340736 57.43166701541135 SVK 92
19.78263511 -31.71962755 8.0618256023521528 UGA 93
248.6422106 113.6921111 25.81043545618887 PRK 94
-129.7827164 197.6010135 87.573841876689386 LUX 95
-25.25403034 -31.00139075 18.0267900696076 BEN 96
23.36128944 28.49346985 54.2303853935597 GRC 97
-128.9648614 152.4429541 46.834974446907694 CHE 98
-48.74237186 -10.03081695 19.331578679605002 SEN 99
84.46625168 8.105369948 38.240596503737549 JOR 100
-124.5502841 249.668802 68.762221321808539 NLD 101
225.7123388 -124.0252248 84.55314024151599 OMN 102
-83.69815908 69.88162501 54.379986740938982 ITA 103
223.2633151 24.87295682 52.246601284630053 LAO 104
107.1221846 87.77169947 34.203429312999177 ARM 105
180.9828906 -84.09006427 94.447306196980293 ARE 106
58.61042841 27.59745491 18.471963031155848 PSE 107
84.81724158 243.067855 47.352503687498427 SWE 108
88.42954671 127.9996768 27.33898075077996 MDA 109
-156.4561118 89.88094292 51.305143969498772 ESP 110
-14.5714627 -24.80196254 18.906656929110273 NGA 111
-3.626060432 43.8432626 30.432724271892816 ALB 112
35.34506056 -74.91658526 22.078218685404735 SWZ 113
106.3713614 115.1874369 38.240596503737549 GEO 114
-10.64205409 7.133654551 65.865657886738958 LBY 115
244.0581077 -56.31362219 20.945237317550244 PNG 116
40.8464391 185.8295439 68.168921005513624 POL 117
-69.96692439 183.0902315 62.835711952650733 AUT 118
257.2578006 26.70978234 49.532685770241244 HKG 119
140.8821018 236.6944268 68.049640212460133 EST 120
46.81467713 239.1959255 66.845126620707504 NOR 121
-8.521696535 69.57489905 46.486754193222893 MNE 122
103.6194231 33.47463568 55.415889093467548 IRQ 123
-53.3237944 -18.35845287 9.0133950348037999 GNB 124
-33.65192658 -16.23560115 9.8736795605342067 MLI 125
158.4284285 149.5208878 95.473937511733411 KAZ 126
