-21.95094991 50.12050526 49.368397802671034 HRV 0
129.5271949 65.66834933 44.522887117791335 UZB 1
42.17695336 51.76302373 56.288633951123799 BGR 2
-21.32356914 -33.38405266 65.61850632886707 GNQ 3
21.67856184 59.15628563 53.779084465077673 SRB 4
-19.62752413 -8.816391112 10.664792828498646 BFA 5
-15.54625053 -19.00021593 12.74686550124585 TGO 6
110.637165 48.15511384 85.698381669840728 TKM 7
67.45439529 127.717694 45.959477166184897 LVA 8
-42.14526032 118.6707715 67.208747399207454 DEU 9
134.2399869 2.656009886 46.661189155783539 THA 10
84.94942899 43.06030768 46.661189155783539 AZE 11
164.2364449 55.55764545 65.988886540565474 CHN 12
-4.321566933 -43.25809872 33.725036111885203 GAB 13
119.5888715 21.88518746 24.848215316316704 PAK 14
26.72778833 -28.29475526 6.9817457725167476 RWA 15
65.62571312 21.58576627 31.994378485495933 SYR 16
28.02816848 -39.14442913 14.533662791564524 ZMB 17
-26.98338714 136.6350782 51.463249564535673 DNK 18
130.3284242 41.96437642 18.471963031155848 NPL 19
-16.02535107 23.76138522 37.381147506716857 TUN 20
19.14201732 -5.755185511 34.908728862583743 EGY 21
145.6158698 65.36051906 32.247302409408611 KGZ 22
127.7131886 17.74542785 18.0267900696076 BGD 23
-20.60204163 7.929466239 45.604572417332243 DZA 24
-6.188739734 -11.64370478 6.9817457725167476 NER 25
114.866115 27.92723947 13.3690253241415 AFG 26
63.59373725 -73.73925151 13.963491545033495 YEM 27
-110.6080767 28.01952671 48.202706309168761 PRT 28
17.52024701 -29.43402985 4.0309128011760764 COD 29
95.35285939 -18.64601581 110.61165527215444 KWT 30
146.0302288 -7.757228178 23.155831109088059 KHM 31
169.579241 -33.3210793 35.600057933006831 IDN 32
139.2610577 56.12895637 24.185476807056457 TJK 33
-33.32762491 -9.318807141 8.0618256023521528 SLE 34
55.78147399 35.15688511 52.246601284630053 TUR 35
71.81536382 96.76562408 59.788098835393114 BLR 36
25.54420022 80.16570953 54.2303853935597 HUN 37
25.80466258 40.08222138 44.886345288126989 MKD 38
197.6607692 1.735113597 116.75739150462745 BRN 39
10.41587345 -62.83509304 66.845126620707504 ZAF 40
5.557717936 -16.27538414 5.7005715521665303 TCD 41
-83.08545348 62.70336905 49.859637740709964 FRA 42
37.14937202 -39.76968388 11.401143104333061 MOZ 43
30.33632578 -16.42033441 9.0133950348037999 ETH 44
28.932986 -12.43400274 10.664792828498646 ERI 45
-72.82617945 37.77467467 59.515714280594544 AND 46
0.153620667 51.38582295 61.924057445565516 BIH 47
6.234191469 -45.64936438 19.747359121068413 AGO 48
49.72404827 145.9127209 64.494604818817223 FIN 49
23.98581365 -14.62980782 16.123651204704306 SDN 50
133.6576498 31.13017886 38.240596503737549 BTN 51
134.9852639 19.61564975 19.747359121068413 MMR 52
179.973598 90.28067095 125.86521187531538 MNG 53
189.8861625 40.42371775 82.707415764842111 KOR 54
12.11681454 -23.45669652 4.0309128011760764 CAF 55
37.66696546 -0.9776877829 61.792723135584602 ISR 56
163.6823351 8.518280727 39.08114958652579 VNM 57
-86.2238865 18.43491445 31.994378485495933 MAR 58
50.93863163 16.06360044 47.352503687498427 LBN 59
68.3480405 -51.07288563 102.76851515393882 SAU 60
100.6849053 18.55525662 72.219739832195017 IRN 61
35.06788841 -15.89557042 14.533662791564524 DJI 62
48.34470427 122.1956036 54.529177657061588 LTU 63
152.4344078 120.2462385 79.706140805949801 RUS 64
31.336091 -45.25076708 20.553703030787766 ZWE 65
-33.73772051 8.02608245 20.553703030787766 MRT 66
17.82910103 -42.96113113 40.309128011760762 BWA 67
113.6391981 -71.09001262 147.44547879910303 QAT 68
-38.52241027 -0.01721834574 10.664792828498646 GMB 69
120.7933463 10.58316563 32.247302409408611 IND 70
0.170160748 -18.58843864 12.092738403528228 CMR 71
-31.69203107 -12.67151882 10.664792828498646 LBR 72
-20.89401663 -16.10449773 17.570341550550975 GHA 73
43.86144899 72.06709038 46.661189155783539 ROU 74
79.49708097 70.17563317 53.627806853266648 UKR 75
27.06787871 -30.78120945 5.7005715521665303 BDI 76
33.13065871 -21.49515774 13.3690253241415 KEN 77
-29.88682892 -7.297496013 12.092738403528228 GIN 78
33.36974818 -33.89239213 6.9817457725167476 MWI 79
-23.3565337 72.28637276 59.515714280594544 SVN 80
37.85005221 -51.44798283 24.519085349893274 LSO 81
-26.58392773 -12.96813577 15.082294657962107 CIV 82
41.29754064 -14.25131757 4.0309128011760764 SOM 83
23.49001938 -19.39421532 8.0618256023521528 SSD 84
174.3091775 -42.23941957 15.082294657962107 TLS 85
-51.80739905 83.53969209 46.661189155783539 LIE 86
-87.84707354 127.4486698 65.121389272564087 BEL 87
4.694243118 -38.28433296 18.0267900696076 COG 88
32.09986359 -30.5894709 10.664792828498646 TZA 89
-11.40370504 109.152944 69.467493327264179 CZE 90
163.7524934 -13.1509447 70.396865649395025 MYS 91
9.849627753 95.70055446 57.43166701541135 SVK 92
27.34162805 -23.28162542 8.0618256023521528 UGA 93
181.7950735 60.31721192 25.81043545618887 PRK 94
-68.93705986 103.8427837 87.573841876689386 LUX 95
-12.37353893 -13.80727939 18.0267900696076 BEN 96
30.05033687 20.94086151 54.2303853935597 GRC 97
-67.73232353 74.10750561 46.834974446907694 CHE 98
-32.87198061 -1.835016077 19.331578679605002 SEN 99
50.33833567 -16.30927799 38.240596503737549 JOR 100
-62.76416525 135.9558103 68.762221321808539 NLD 101
156.9516392 -55.7254813 84.55314024151599 OMN 102
-32.23051362 32.17074334 54.379986740938982 ITA 103
149.2333628 19.36700027 52.246601284630053 LAO 104
72.7274591 32.71808941 34.203429312999177 ARM 105
134.7783008 -28.13125388 94.447306196980293 ARE 106
42.71164554 28.07744279 18.471963031155848 PSE 107
29.08701733 137.9477836 47.352503687498427 SWE 108
58.02038473 68.31675517 27.33898075077996 MDA 109
-94.67121529 39.60182706 51.305143969498772 ESP 110
-5.684818645 -16.7525263 18.906656929110273 NGA 111
13.99028887 25.72137382 30.432724271892816 ALB 112
26.31952689 -52.03478125 22.078218685404735 SWZ 113
67.82329183 48.45063403 38.240596503737549 GEO 114
0.4281116336 1.170860827 65.865657886738958 LBY 115
179.5835254 -28.31436181 20.945237317550244 PNG 116
25.01070027 115.4544604 68.168921005513624 POL 117
-33.0958157 94.46584754 62.835711952650733 AUT 118
168.4426063 25.43452483 49.532685770241244 HKG 119
75.77720252 148.824372 68.049640212460133 EST 120
6.654317316 134.8721183 66.845126620707504 NOR 121
-0.6296776448 29.96037737 46.486754193222893 MNE 122
77.35808716 8.877620574 55.415889093467548 IRQ 123
-35.54780633 -6.767340443 9.0133950348037999 GNB 124
-21.35910692 -4.296964559 9.8736795605342067 MLI 125
129.9300123 93.90981405 95.473937511733411 KAZ 126
