-80.20091013 111.9962238 49.368397802671034 HRV 0
133.6871317 91.37955313 44.522887117791335 UZB 1
33.46471009 112.3501165 56.288633951123799 BGR 2
-63.60625621 -53.59111194 65.61850632886707 GNQ 3
2.783394834 103.3083711 53.779084465077673 SRB 4
-37.67313135 -21.58887504 10.664792828498646 BFA 5
-29.45657168 -38.64829497 12.74686550124585 TGO 6
98.05465267 107.1347648 85.698381669840728 TKM 7
81.5222266 201.4867856 45.959477166184897 LVA 8
-100.0133279 232.3869787 67.208747399207454 DEU 9
166.7180173 -21.06780347 46.661189155783539 THA 10
97.24572298 71.64043831 46.661189155783539 AZE 11
209.373265 78.32129586 65.988886540565474 CHN 12
-37.99981065 -64.15038499 33.725036111885203 GAB 13
159.9709386 45.7990823 24.848215316316704 PAK 14
9.580274694 -33.49262869 6.9817457725167476 RWA 15
49.1657848 63.66294012 31.994378485495933 SYR 16
16.3031897 -44.97830961 14.533662791564524 ZMB 17
-67.4758233 261.8244007 51.463249564535673 DNK 18
168.9669173 56.73125647 18.471963031155848 NPL 19
-24.50987632 38.20308263 37.381147506716857 TUN 20
6.398717225 -4.315332502 34.908728862583743 EGY 21
179.0350136 97.4635176 32.247302409408611 KGZ 22
172.8675244 23.87668977 18.0267900696076 BGD 23
-42.61169399 23.37307435 45.604572417332243 DZA 24
-23.39197591 -18.85568582 6.9817457725167476 NER 25
153.4512016 60.53347145 13.3690253241415 AFG 26
106.8959539 -121.7769969 13.963491545033495 YEM 27
-191.1218677 73.10813989 48.202706309168761 PRT 28
3.135818299 -32.44640749 4.0309128011760764 COD 29
106.0907226 -45.62959527 110.61165527215444 KWT 30
177.230898 -38.10740057 23.155831109088059 KHM 31
205.7585381 -57.12527376 35.600057933006831 IDN 32
171.2807233 82.75871137 24.185476807056457 TJK 33
-52.47210155 -22.87518939 8.0618256023521528 SLE 34
49.12016079 87.42706859 52.246601284630053 TUR 35
88.53137937 174.825296 59.788098835393114 BLR 36
11.00997679 131.8768698 54.2303853935597 HUN 37
10.25621978 77.70980207 44.886345288126989 MKD 38
257.0645661 -21.63311716 116.75739150462745 BRN 39
-8.206732328 -92.64733676 66.845126620707504 ZAF 40
-11.29656381 -22.37976982 5.7005715521665303 TCD 41
-153.7758847 142.6972941 49.859637740709964 FRA 42
29.23789677 -52.29659928 11.401143104333061 MOZ 43
24.53145252 -24.40453362 9.0133950348037999 ETH 44
28.12633971 -16.78790823 10.664792828498646 ERI 45
-134.0087878 107.2521507 59.515714280594544 AND 46
-40.1249711 98.52262937 61.924057445565516 BIH 47
-3.162071349 -53.44859387 19.747359121068413 AGO 48
84.88265155 243.670734 64.494604818817223 FIN 49
5.627383554 -21.05439507 16.123651204704306 SDN 50
183.0115091 46.68957034 38.240596503737549 BTN 51
183.7389542 28.03782494 19.747359121068413 MMR 52
214.8232994 135.807574 125.86521187531538 MNG 53
261.0953232 42.73101347 82.707415764842111 KOR 54
-3.947734338 -28.62816307 4.0309128011760764 CAF 55
11.9706049 21.50722514 61.792723135584602 ISR 56
205.2633885 4.66009468 39.08114958652579 VNM 57
-120.172672 22.95352899 31.994378485495933 MAR 58
34.21766039 42.12794652 47.352503687498427 LBN 59
78.36123236 -98.85845588 102.76851515393882 SAU 60
92.9217779 18.02373469 72.219739832195017 IRN 61
34.15484306 -20.47540012 14.533662791564524 DJI 62
53.73786782 189.7092444 54.529177657061588 LTU 63
163.7457818 176.9831712 79.706140805949801 RUS 64
23.79287582 -59.46035925 20.553703030787766 ZWE 65
-55.4894482 4.505014963 20.553703030787766 MRT 66
8.269087841 -67.62731518 40.309128011760762 BWA 67
149.1669807 -140.0482954 147.44547879910303 QAT 68
-59.16764748 -8.1469596 10.664792828498646 GMB 69
163.2914824 11.50490693 32.247302409408611 IND 70
-11.60230953 -27.58972133 12.092738403528228 CMR 71
-51.20166722 -28.11683658 10.664792828498646 LBR 72
-36.13219934 -33.67055656 17.570341550550975 GHA 73
38.70063666 144.4075094 46.661189155783539 ROU 74
92.48865713 145.3229616 53.627806853266648 UKR 75
11.57987084 -36.59521725 5.7005715521665303 BDI 76
27.488346 -29.87601827 13.3690253241415 KEN 77
-46.93448375 -20.58275381 12.092738403528228 GIN 78
22.66481003 -46.02556937 6.9817457725167476 MWI 79
-78.17258034 151.728462 59.515714280594544 SVN 80
51.48902909 -60.74599452 24.519085349893274 LSO 81
-43.81664958 -28.14041984 15.082294657962107 CIV 82
37.56988112 -24.59110582 4.0309128011760764 SOM 83
7.856150964 -27.53660811 8.0618256023521528 SSD 84
215.1288446 -68.46306526 15.082294657962107 TLS 85
-111.6792261 170.1936203 46.661189155783539 LIE 86
-169.8484012 232.6051822 65.121389272564087 BEL 87
-9.474073829 -43.93346788 18.0267900696076 COG 88
17.38814898 -35.74139389 10.664792828498646 TZA 89
-44.01938861 195.6211811 69.467493327264179 CZE 90
200.9922435 -27.92717711 70.396865649395025 MYS 91
-10.58929794 152.8488994 57.43166701541135 SVK 92
13.49075593 -31.99991235 8.0618256023521528 UGA 93
228.0945183 96.98250705 25.81043545618887 PRK 94
-135.6285161 207.0609619 87.573841876689386 LUX 95
-30.09157094 -25.99981074 18.0267900696076 BEN 96
-3.228200038 51.73807899 54.2303853935597 GRC 97
-135.1671667 161.4154465 46.834974446907694 CHE 98
-50.7816382 -12.1313897 19.331578679605002 SEN 99
37.02016721 11.78707176 38.240596503737549 JOR 100
-131.2305656 254.9780716 68.762221321808539 NLD 101
201.2501705 -94.69632655 84.55314024151599 OMN 102
-106.8897998 81.04612195 54.379986740938982 ITA 103
204.0380223 30.31110572 52.246601284630053 LAO 104
71.54518768 74.77238627 34.203429312999177 ARM 105
159.4434654 -67.08750903 94.447306196980293 ARE 106
16.43250273 46.58299051 18.471963031155848 PSE 107
59.83734944 218.3042818 47.352503687498427 SWE 108
57.31391245 137.0887542 27.33898075077996 MDA 109
-160.9349942 95.00184597 51.305143969498772 ESP 110
-19.90880631 -25.55330912 18.906656929110273 NGA 111
-26.2353837 57.22571824 30.432724271892816 ALB 112
30.47074246 -69.75624853 22.078218685404735 SWZ 113
66.91090633 112.4529211 38.240596503737549 GEO 114
-20.34855288 0.7537631981 65.865657886738958 LBY 115
221.163378 -47.73215566 20.945237317550244 PNG 116
18.57404547 183.9838803 68.168921005513624 POL 117
-87.310477 186.4735016 62.835711952650733 AUT 118
231.5888177 17.6978545 49.532685770241244 HKG 119
109.0188528 216.9964058 68.049640212460133 EST 120
32.48933619 231.6986255 66.845126620707504 NOR 121
-46.802208 62.56610944 46.486754193222893 MNE 122
64.59121649 44.61824261 55.415889093467548 IRQ 123
-54.9732532 -18.73935024 9.0133950348037999 GNB 124
-39.87912282 -15.6623006 9.8736795605342067 MLI 125
133.5609324 140.9066985 95.473937511733411 KAZ 126
