-37.39220409 102.9560047 49.368397802671034 HRV 0
163.7241725 81.65764935 44.522887117791335 UZB 1
62.60159513 95.78037337 56.288633951123799 BGR 2
-59.3599065 -56.37984644 65.61850632886707 GNQ 3
31.71971798 88.45760477 53.779084465077673 SRB 4
-20.59213526 -18.7727182 10.664792828498646 BFA 5
-14.49193385 -40.55940204 12.74686550124585 TGO 6
137.878118 53.07332323 85.698381669840728 TKM 7
110.1802033 189.3829985 45.959477166184897 LVA 8
-80.0400454 232.7158651 67.208747399207454 DEU 9
174.3901098 -19.72245183 46.661189155783539 THA 10
137.3454894 93.6896966 46.661189155783539 AZE 11
222.9650289 72.76112264 65.988886540565474 CHN 12
-31.25496177 -67.36528426 33.725036111885203 GAB 13
171.9231258 29.61366342 24.848215316316704 PAK 14
18.06800803 -33.95259751 6.9817457725167476 RWA 15
78.14901461 41.57586203 31.994378485495933 SYR 16
21.36095172 -43.51247814 14.533662791564524 ZMB 17
-59.60294277 261.8084961 51.463249564535673 DNK 18
173.2345259 51.12687607 18.471963031155848 NPL 19
-25.84557521 56.60526997 37.381147506716857 TUN 20
19.56910757 -7.316307821 34.908728862583743 EGY 21
197.5369703 98.40573309 32.247302409408611 KGZ 22
186.9936054 34.56512877 18.0267900696076 BGD 23
-29.73412015 32.17589704 45.604572417332243 DZA 24
-10.71473202 -15.738491 6.9817457725167476 NER 25
165.1021691 40.26568705 13.3690253241415 AFG 26
118.5277335 -141.6518807 13.963491545033495 YEM 27
-191.1136187 51.82105239 48.202706309168761 PRT 28
13.30392997 -31.37771987 4.0309128011760764 COD 29
106.4639984 -44.26268393 110.61165527215444 KWT 30
186.2271942 -42.06840049 23.155831109088059 KHM 31
211.6162542 -61.36363297 35.600057933006831 IDN 32
184.6776396 68.94140183 24.185476807056457 TJK 33
-42.46426004 -19.66830083 8.0618256023521528 SLE 34
79.96135923 69.1079298 52.246601284630053 TUR 35
107.0518736 158.3692066 59.788098835393114 BLR 36
32.51413386 130.5037491 54.2303853935597 HUN 37
24.33298063 46.88124305 44.886345288126989 MKD 38
284.5669552 -4.690332964 116.75739150462745 BRN 39
-0.3842861672 -91.28478182 66.845126620707504 ZAF 40
1.633398048 -18.28943315 5.7005715521665303 TCD 41
-142.0692195 134.3245371 49.859637740709964 FRA 42
39.0993698 -51.90292569 11.401143104333061 MOZ 43
29.61420555 -26.61615616 9.0133950348037999 ETH 44
28.71642545 -20.53948471 10.664792828498646 ERI 45
-107.4317718 81.18141647 59.515714280594544 AND 46
6.126578803 110.0082172 61.924057445565516 BIH 47
-1.173962564 -49.30703259 19.747359121068413 AGO 48
119.0998824 235.8088313 64.494604818817223 FIN 49
13.95820809 -20.8847469 16.123651204704306 SDN 50
199.6198875 48.41113373 38.240596503737549 BTN 51
194.3585463 24.48889519 19.747359121068413 MMR 52
234.462887 143.2731072 125.86521187531538 MNG 53
275.5877358 54.75727403 82.707415764842111 KOR 54
7.032837039 -26.35492332 4.0309128011760764 CAF 55
49.91635964 -2.457581654 61.792723135584602 ISR 56
235.716048 -6.133259983 39.08114958652579 VNM 57
-103.5901664 16.63252332 31.994378485495933 MAR 58
52.84249123 47.72645916 47.352503687498427 LBN 59
110.4499473 -105.4164961 102.76851515393882 SAU 60
135.1032811 10.05155856 72.219739832195017 IRN 61
36.1910869 -23.19748418 14.533662791564524 DJI 62
79.96785477 186.1419413 54.529177657061588 LTU 63
179.6437141 174.7681969 79.706140805949801 RUS 64
32.45909841 -58.99269979 20.553703030787766 ZWE 65
-47.35656691 5.666203134 20.553703030787766 MRT 66
14.66157165 -60.21503455 40.309128011760762 BWA 67
213.5402175 -177.0423429 147.44547879910303 QAT 68
-54.46107412 -3.694564473 10.664792828498646 GMB 69
173.6594352 12.83611465 32.247302409408611 IND 70
-4.747211481 -32.02420011 12.092738403528228 CMR 71
-41.07023236 -31.82253446 10.664792828498646 LBR 72
-23.44874073 -39.96597854 17.570341550550975 GHA 73
61.43285967 126.032615 46.661189155783539 ROU 74
111.993949 118.9446607 53.627806853266648 UKR 75
20.54075704 -36.99923717 5.7005715521665303 BDI 76
33.22336157 -32.57960107 13.3690253241415 KEN 77
-36.8305616 -17.38572121 12.092738403528228 GIN 78
28.66090899 -42.92728571 6.9817457725167476 MWI 79
-52.14802573 151.8663062 59.515714280594544 SVN 80
47.09381781 -61.40417031 24.519085349893274 LSO 81
-31.16127449 -33.42115322 15.082294657962107 CIV 82
41.95926126 -24.14866861 4.0309128011760764 SOM 83
17.82501022 -28.98258675 8.0618256023521528 SSD 84
226.3321396 -67.81793269 15.082294657962107 TLS 85
-91.74019655 168.0855559 46.661189155783539 LIE 86
-170.3111224 230.6543964 65.121389272564087 BEL 87
3.327244235 -38.56673804 18.0267900696076 COG 88
26.38396614 -37.71947016 10.664792828498646 TZA 89
-21.99741372 193.3256598 69.467493327264179 CZE 90
208.1844543 -24.44316247 70.396865649395025 MYS 91
9.054941131 152.3405449 57.43166701541135 SVK 92
22.3587801 -32.16613789 8.0618256023521528 UGA 93
246.990267 97.45199782 25.81043545618887 PRK 94
-125.1878235 188.50575 87.573841876689386 LUX 95
-15.99192946 -26.75575864 18.0267900696076 BEN 96
24.37976187 17.47037481 54.2303853935597 GRC 97
-118.0488488 148.6090759 46.834974446907694 CHE 98
-44.89332431 -8.77484471 19.331578679605002 SEN 99
81.52046039 -4.37421282 38.240596503737549 JOR 100
-132.8152615 243.8398896 68.762221321808539 NLD 101
203.834404 -105.6913825 84.55314024151599 OMN 102
-75.05508131 90.35499334 54.379986740938982 ITA 103
215.5217213 23.97905399 52.246601284630053 LAO 104
103.5500858 64.19539172 34.203429312999177 ARM 105
160.1047434 -74.102668 94.447306196980293 ARE 106
56.62388519 26.89479855 18.471963031155848 PSE 107
87.9907966 227.7495548 47.352503687498427 SWE 108
89.61786351 112.8543233 27.33898075077996 MDA 109
-146.3947789 84.83697274 51.305143969498772 ESP 110
-5.658070774 -22.69178684 18.906656929110273 NGA 111
1.222240857 38.9938894 30.432724271892816 ALB 112
32.03111741 -71.29467536 22.078218685404735 SWZ 113
98.12403153 92.56923805 38.240596503737549 GEO 114
-9.682746083 6.111237588 65.865657886738958 LBY 115
227.4314415 -53.61343404 20.945237317550244 PNG 116
38.69216507 178.2219664 68.168921005513624 POL 117
-63.38436009 187.0619602 62.835711952650733 AUT 118
244.9653417 24.91470039 49.532685770241244 HKG 119
142.4093974 204.6871029 68.049640212460133 EST 120
54.46296241 239.399628 66.845126620707504 NOR 121
-2.161944997 74.40357376 46.486754193222893 MNE 122
102.3230957 22.69563027 55.415889093467548 IRQ 123
-47.99839522 -19.92504809 9.0133950348037999 GNB 124
-27.03886744 -14.58833349 9.8736795605342067 MLI 125
155.4838077 130.8881378 95.473937511733411 KAZ 126
