15.82626028 44.86365481 49.368397802671034 HRV 0
64.30868904 40.8001099 44.522887117791335 UZB 1
25.15641056 42.60700416 56.288633951123799 BGR 2
10.0627782 2.167215731 65.61850632886707 GNQ 3
20.73974568 43.78114956 53.779084465077673 SRB 4
-1.950108902 13.34063179 10.664792828498646 BFA 5
1.187202807 7.792050625 12.74686550124585 TGO 6
59.80742773 40.23400954 85.698381669840728 TKM 7
24.93697187 56.84719699 45.959477166184897 LVA 8
9.059179781 51.1760559 67.208747399207454 DEU 9
99.87503952 15.11317272 46.661189155783539 THA 10
47.4397331 40.37188037 46.661189155783539 AZE 11
104.9156743 35.23027799 65.988886540565474 CHN 12
11.80771516 -0.8127336038 33.725036111885203 GAB 13
70.17167627 30.04545204 24.848215316316704 PAK 14
29.93676753 -2.034486485 6.9817457725167476 RWA 15
38.31613886 34.97255367 31.994378485495933 SYR 16
30.13401421 -15.09656098 14.533662791564524 ZMB 17
10.09949409 55.7656407 51.463249564535673 DNK 18
84.13988801 27.91043915 18.471963031155848 NPL 19
9.229583007 34.15818166 37.381147506716857 TUN 20
30.05448917 26.95601853 34.908728862583743 EGY 21
75.15452664 41.14906282 32.247302409408611 KGZ 22
90.05117455 24.02416422 18.0267900696076 BGD 23
3.153541605 28.16600783 45.604572417332243 DZA 24
8.005759209 16.30909677 6.9817457725167476 NER 25
64.87917537 33.08757569 13.3690253241415 AFG 26
48.13778014 15.11185361 13.963491545033495 YEM 27
-7.809096699 39.60366865 48.202706309168761 PRT 28
24.86694412 0.01986730589 4.0309128011760764 COD 29
47.71610364 29.43692791 110.61165527215444 KWT 30
104.8441033 12.70117765 23.155831109088059 KHM 31
120.3148633 -4.803586498 35.600057933006831 IDN 32
70.85899518 39.12453111 24.185476807056457 TJK 33
-11.32627474 8.36032627 8.0618256023521528 SLE 34
35.07718036 39.12022219 52.246601284630053 TUR 35
28.22349741 52.7057565 59.788098835393114 BLR 36
19.91214669 47.19754366 54.2303853935597 HUN 37
21.72538431 41.71480575 44.886345288126989 MKD 38
114.6947565 4.498000735 116.75739150462745 BRN 39
24.22401118 -28.59719951 66.845126620707504 ZAF 40
18.9861705 15.03788284 5.7005715521665303 TCD 41
1.747316962 45.65575844 49.859637740709964 FRA 42
35.25083868 -18.38198522 11.401143104333061 MOZ 43
37.94269906 8.152972607 9.0133950348037999 ETH 44
39.03379981 14.80795759 10.664792828498646 ERI 45
1.692008921 42.37620341 59.515714280594544 AND 46
17.89985894 44.12957468 61.924057445565516 BIH 47
18.39490302 -12.50526403 19.747359121068413 AGO 48
25.96143145 63.78712112 64.494604818817223 FIN 49
30.09483053 15.12434568 16.123651204704306 SDN 50
90.37870418 27.5886584 38.240596503737549 BTN 51
98.03352288 21.96918877 19.747359121068413 MMR 52
104.9135318 46.32085832 125.86521187531538 MNG 53
127.4931378 37.08267132 82.707415764842111 KOR 54
21.06936517 6.930274499 4.0309128011760764 CAF 55
34.36114084 31.478042 61.792723135584602 ISR 56
106.0725238 16.19488754 39.08114958652579 VNM 57
-5.022638071 31.75454964 31.994378485495933 MAR 58
35.84071934 34.02584444 47.352503687498427 LBN 59
44.79495492 25.11801785 102.76851515393882 SAU 60
52.90564592 31.92981332 72.219739832195017 IRN 61
43.04931383 11.58777219 14.533662791564524 DJI 62
23.91365334 55.69943822 54.529177657061588 LTU 63
100.2059495 60.15013292 79.706140805949801 RUS 64
29.68298676 -20.05726972 20.553703030787766 ZWE 65
-12.02091879 20.0738733 20.553703030787766 MRT 66
24.11114594 -21.64895733 40.309128011760762 BWA 67
51.14373563 25.59531326 147.44547879910303 QAT 68
-16.42238146 13.75748695 10.664792828498646 GMB 69
76.98073654 19.97771335 32.247302409408611 IND 70
11.75883382 5.958329455 12.092738403528228 CMR 71
-9.434364696 6.326948958 10.664792828498646 LBR 72
-2.097656205 8.208056656 17.570341550550975 GHA 73
24.89914088 45.95437073 46.661189155783539 ROU 74
31.92716792 49.43730067 53.627806853266648 UKR 75
30.10232408 -3.478067311 5.7005715521665303 BDI 76
38.05843863 0.8025280363 13.3690253241415 KEN 77
-10.16353075 11.1999483 12.092738403528228 GIN 78
33.87338293 -13.05658553 6.9817457725167476 MWI 79
14.82727535 46.2585855 59.515714280594544 SVN 80
28.39428081 -29.45768108 24.519085349893274 LSO 81
-4.941171606 8.090965172 15.082294657962107 CIV 82
48.95453876 10.05489396 4.0309128011760764 SOM 83
29.88583725 7.832817553 8.0618256023521528 SSD 84
125.6328097 -8.677690972 15.082294657962107 TLS 85
9.47365229 47.27691294 46.661189155783539 LIE 86
3.672305243 50.53093054 65.121389272564087 BEL 87
14.86215409 -1.043304897 18.0267900696076 COG 88
35.04885946 -5.741600418 10.664792828498646 TZA 89
15.30648588 49.51978922 69.467493327264179 CZE 90
112.4382003 2.072142993 70.396865649395025 MYS 91
19.27226233 48.73507885 57.43166701541135 SVK 92
32.04966051 0.8335337837 8.0618256023521528 UGA 93
126.7894333 39.94296725 25.81043545618887 PRK 94
6.118040984 49.88427524 87.573841876689386 LUX 95
2.023734731 9.132199791 18.0267900696076 BEN 96
22.00071633 38.76854931 54.2303853935597 GRC 97
8.062921649 47.01399931 46.834974446907694 CHE 98
-13.93112717 13.86750715 19.331578679605002 SEN 99
36.0616605 31.10979521 38.240596503737549 JOR 100
5.847656249 52.40912603 68.762221321808539 NLD 101
56.97637791 20.68969814 84.55314024151599 OMN 102
12.85328584 42.98060287 54.379986740938982 ITA 103
104.9139959 18.07214224 52.246601284630053 LAO 104
44.98155414 39.99245771 34.203429312999177 ARM 105
54.31091641 23.72058145 94.447306196980293 ARE 106
35.32152928 32.33940598 18.471963031155848 PSE 107
15.17989752 61.89295359 47.352503687498427 SWE 108
29.10706399 47.03403274 27.33898075077996 MDA 109
-4.075578567 40.11066106 51.305143969498772 ESP 110
8.318518255 10.05925538 18.906656929110273 NGA 111
20.19664704 40.8440178 30.432724271892816 ALB 112
31.35140231 -26.59330473 22.078218685404735 SWZ 113
43.48143043 42.34962482 38.240596503737549 GEO 114
17.0456313 25.02597347 65.865657886738958 LBY 115
147.0652329 -5.794336831 20.945237317550244 PNG 116
19.85062001 51.78561336 68.168921005513624 POL 117
13.18224855 47.14775243 62.835711952650733 AUT 118
114.4404037 22.10794387 49.532685770241244 HKG 119
25.90089728 59.17286364 68.049640212460133 EST 120
10.07481626 62.2008737 66.845126620707504 NOR 121
18.964139 42.09486056 46.486754193222893 MNE 122
43.92041822 33.05550732 55.415889093467548 IRQ 123
-14.77315249 12.04235226 9.0133950348037999 GNB 124
-3.997300398 16.80763825 9.8736795605342067 MLI 125
68.17774838 47.54385368 95.473937511733411 KAZ 126
