-54.22949927 96.04141087 49.368397802671034 HRV 0
167.3050563 96.9944777 44.522887117791335 UZB 1
60.4552439 104.1307056 56.288633951123799 BGR 2
-61.59748966 -53.09334717 65.61850632886707 GNQ 3
23.23390331 94.12263092 53.779084465077673 SRB 4
-27.40232869 -21.74720855 10.664792828498646 BFA 5
-24.22468652 -44.94125397 12.74686550124585 TGO 6
141.2319898 61.85689613 85.698381669840728 TKM 7
106.3623264 219.6027833 45.959477166184897 LVA 8
-84.74813179 225.0601858 67.208747399207454 DEU 9
181.0636174 -22.77046809 46.661189155783539 THA 10
134.1584734 107.5886417 46.661189155783539 AZE 11
216.9567261 72.70657997 65.988886540565474 CHN 12
-29.9912319 -64.39059973 33.725036111885203 GAB 13
175.2150941 27.12474707 24.848215316316704 PAK 14
14.51003272 -33.27031114 6.9817457725167476 RWA 15
76.78572592 43.89937679 31.994378485495933 SYR 16
18.78782101 -45.36589134 14.533662791564524 ZMB 17
-62.57380668 261.2895044 51.463249564535673 DNK 18
176.1091716 54.53975857 18.471963031155848 NPL 19
-35.21408991 60.13817788 37.381147506716857 TUN 20
20.39485018 -6.135911149 34.908728862583743 EGY 21
194.5786008 98.4522649 32.247302409408611 KGZ 22
189.5803744 28.21412842 18.0267900696076 BGD 23
-39.6978005 30.84913637 45.604572417332243 DZA 24
-17.11778915 -16.64317692 6.9817457725167476 NER 25
170.8975037 39.21796123 13.3690253241415 AFG 26
133.4319025 -157.9928769 13.963491545033495 YEM 27
-193.0432308 54.38743338 48.202706309168761 PRT 28
9.401032008 -30.37477842 4.0309128011760764 COD 29
116.4182815 -48.51466097 110.61165527215444 KWT 30
192.4549262 -43.27746488 23.155831109088059 KHM 31
226.2508063 -70.25802968 35.600057933006831 IDN 32
183.5924463 74.47376096 24.185476807056457 TJK 33
-52.21648345 -24.0738791 8.0618256023521528 SLE 34
78.0292319 72.17697563 52.246601284630053 TUR 35
104.7785188 183.576869 59.788098835393114 BLR 36
32.9627226 129.09538 54.2303853935597 HUN 37
21.32468533 61.02514092 44.886345288126989 MKD 38
301.3631021 -8.808491206 116.75739150462745 BRN 39
-10.45924952 -100.3712064 66.845126620707504 ZAF 40
-4.797812722 -19.65262425 5.7005715521665303 TCD 41
-151.648841 128.9915021 49.859637740709964 FRA 42
34.6902077 -52.83484484 11.401143104333061 MOZ 43
29.04358291 -25.67585313 9.0133950348037999 ETH 44
28.57722436 -19.08050609 10.664792828498646 ERI 45
-120.5142902 80.49816224 59.515714280594544 AND 46
-14.20044671 104.938521 61.924057445565516 BIH 47
2.627868001 -53.14286241 19.747359121068413 AGO 48
109.7746138 271.3719483 64.494604818817223 FIN 49
10.54342872 -21.29297912 16.123651204704306 SDN 50
193.4837329 46.71445568 38.240596503737549 BTN 51
200.0768748 21.07772784 19.747359121068413 MMR 52
247.2149557 164.2181757 125.86521187531538 MNG 53
277.0433383 66.73586519 82.707415764842111 KOR 54
3.016614397 -25.4522174 4.0309128011760764 CAF 55
52.12038815 0.8792711709 61.792723135584602 ISR 56
238.7837747 -1.719395557 39.08114958652579 VNM 57
-114.0365291 21.17203592 31.994378485495933 MAR 58
50.59536901 48.8830801 47.352503687498427 LBN 59
124.8572299 -119.71463 102.76851515393882 SAU 60
139.5653779 8.799238258 72.219739832195017 IRN 61
36.31460764 -22.51835436 14.533662791564524 DJI 62
74.15390644 209.4738512 54.529177657061588 LTU 63
187.9862163 199.7575492 79.706140805949801 RUS 64
29.17855129 -62.04928184 20.553703030787766 ZWE 65
-50.51960282 4.776645336 20.553703030787766 MRT 66
11.03624081 -71.48717898 40.309128011760762 BWA 67
243.1728925 -200.1211208 147.44547879910303 QAT 68
-57.92720872 -5.573487168 10.664792828498646 GMB 69
174.6086297 6.757251446 32.247302409408611 IND 70
-4.603935164 -26.99125543 12.092738403528228 CMR 71
-49.87829459 -30.29798468 10.664792828498646 LBR 72
-33.31933982 -40.35256539 17.570341550550975 GHA 73
65.57813331 138.3487108 46.661189155783539 ROU 74
108.505744 145.6510834 53.627806853266648 UKR 75
16.4859099 -37.04578731 5.7005715521665303 BDI 76
33.43970202 -31.77759934 13.3690253241415 KEN 77
-46.30511991 -20.77012914 12.092738403528228 GIN 78
25.714106 -43.29488581 6.9817457725167476 MWI 79
-57.49526309 144.0811303 59.515714280594544 SVN 80
48.89493528 -62.23772613 24.519085349893274 LSO 81
-41.79875478 -33.39061654 15.082294657962107 CIV 82
42.06655478 -24.93243049 4.0309128011760764 SOM 83
14.78760563 -28.22303572 8.0618256023521528 SSD 84
243.2375035 -68.50355641 15.082294657962107 TLS 85
-98.51782313 159.6026347 46.661189155783539 LIE 86
-169.4386451 230.0032159 65.121389272564087 BEL 87
-0.8766770671 -40.68697463 18.0267900696076 COG 88
22.19135807 -37.61152863 10.664792828498646 TZA 89
-26.52779538 190.4911011 69.467493327264179 CZE 90
222.7291116 -34.81652339 70.396865649395025 MYS 91
1.940626636 150.1966347 57.43166701541135 SVK 92
19.76391695 -31.67172829 8.0618256023521528 UGA 93
248.4286693 113.2691656 25.81043545618887 PRK 94
-129.6775051 197.5330615 87.573841876689386 LUX 95
-25.59330503 -31.2220065 18.0267900696076 BEN 96
23.82744328 27.70568298 54.2303853935597 GRC 97
-129.0905618 152.3742713 46.834974446907694 CHE 98
-48.91222286 -10.11060927 19.331578679605002 SEN 99
85.1024978 7.350568658 38.240596503737549 JOR 100
-124.482759 249.8056014 68.762221321808539 NLD 101
225.7343407 -124.0762265 84.55314024151599 OMN 102
-83.69815908 69.88162501 54.379986740938982 ITA 103
223.9259842 25.12962919 52.246601284630053 LAO 104
107.1221846 87.77169947 34.203429312999177 ARM 105
180.9097979 -83.97341331 94.447306196980293 ARE 106
58.61042841 27.59745491 18.471963031155848 PSE 107
85.31510186 242.8406347 47.352503687498427 SWE 108
88.05000987 127.702326 27.33898075077996 MDA 109
-156.550717 89.87697603 51.305143969498772 ESP 110
-14.83439434 -25.03675732 18.906656929110273 NGA 111
-3.705164979 43.5622201 30.432724271892816 ALB 112
35.36191299 -74.9706953 22.078218685404735 SWZ 113
106.5139834 114.7457202 38.240596503737549 GEO 114
-10.81137455 7.007977652 65.865657886738958 LBY 115
244.4882117 -56.46262205 20.945237317550244 PNG 116
40.82769616 185.206147 68.168921005513624 POL 117
-70.40270173 183.3336772 62.835711952650733 AUT 118
258.0949311 26.5442722 49.532685770241244 HKG 119
141.1637487 236.7399095 68.049640212460133 EST 120
47.05388375 239.9506206 66.845126620707504 NOR 121
-8.452904428 68.96798109 46.486754193222893 MNE 122
103.9001981 32.61257157 55.415889093467548 IRQ 123
-53.46790586 -18.47434245 9.0133950348037999 GNB 124
-33.9708024 -16.35642188 9.8736795605342067 MLI 125
158.5062822 148.809801 95.473937511733411 KAZ 126
