-55.25525934 97.23520474 49.368397802671034 HRV 0
167.4115386 96.87834726 44.522887117791335 UZB 1
60.55134403 104.0258784 56.288633951123799 BGR 2
-61.5819192 -53.12918783 65.61850632886707 GNQ 3
23.10603391 94.03803021 53.779084465077673 SRB 4
-27.41872232 -21.76268332 10.664792828498646 BFA 5
-24.24437562 -44.95450032 12.74686550124585 TGO 6
141.3337115 61.74829026 85.698381669840728 TKM 7
106.4472744 219.9564668 45.959477166184897 LVA 8
-84.76564767 225.0584697 67.208747399207454 DEU 9
181.1310562 -22.75261256 46.661189155783539 THA 10
134.1651981 107.56876 46.661189155783539 AZE 11
217.0979665 72.68002943 65.988886540565474 CHN 12
-29.99465027 -64.41145838 33.725036111885203 GAB 13
175.2832609 27.00620192 24.848215316316704 PAK 14
14.50530641 -33.26679813 6.9817457725167476 RWA 15
76.88182766 43.79400912 31.994378485495933 SYR 16
18.77577479 -45.38174112 14.533662791564524 ZMB 17
-62.57380668 261.2895044 51.463249564535673 DNK 18
176.2127038 54.59339517 18.471963031155848 NPL 19
-35.22573667 60.13135668 37.381147506716857 TUN 20
20.40567533 -6.144209084 34.908728862583743 EGY 21
194.5786008 98.4522649 32.247302409408611 KGZ 22
189.6476074 28.22664358 18.0267900696076 BGD 23
-39.71811898 30.81023943 45.604572417332243 DZA 24
-17.13994026 -16.6789533 6.9817457725167476 NER 25
170.9569368 39.09580953 13.3690253241415 AFG 26
133.4367861 -157.9898858 13.963491545033495 YEM 27
-193.0432308 54.38743338 48.202706309168761 PRT 28
9.407542609 -30.35466557 4.0309128011760764 COD 29
116.3897703 -48.50989527 110.61165527215444 KWT 30
192.4440184 -43.30729387 23.155831109088059 KHM 31
226.2421277 -70.33637434 35.600057933006831 IDN 32
183.599405 74.45548157 24.185476807056457 TJK 33
-52.24055612 -24.09103758 8.0618256023521528 SLE 34
78.12532079 72.07476428 52.246601284630053 TUR 35
104.8509019 183.7461078 59.788098835393114 BLR 36
33.04611479 128.9729231 54.2303853935597 HUN 37
21.24804664 60.93554261 44.886345288126989 MKD 38
301.4576405 -8.818330247 116.75739150462745 BRN 39
-10.46820774 -100.382732 66.845126620707504 ZAF 40
-4.813749064 -19.66258462 5.7005715521665303 TCD 41
-151.6366327 128.9686186 49.859637740709964 FRA 42
34.68635858 -52.84910903 11.401143104333061 MOZ 43
29.03415051 -25.70399034 9.0133950348037999 ETH 44
28.55838205 -19.1077415 10.664792828498646 ERI 45
-120.5165204 80.49875898 59.515714280594544 AND 46
-14.22557639 104.9114518 61.924057445565516 BIH 47
2.629620557 -53.14123382 19.747359121068413 AGO 48
109.5760657 271.5848976 64.494604818817223 FIN 49
10.52433758 -21.2919131 16.123651204704306 SDN 50
193.5790021 46.72856918 38.240596503737549 BTN 51
200.1124688 21.04025573 19.747359121068413 MMR 52
247.3275091 164.1414517 125.86521187531538 MNG 53
277.027667 66.74384959 82.707415764842111 KOR 54
2.999976892 -25.46309639 4.0309128011760764 CAF 55
52.26302921 0.2690988606 61.792723135584602 ISR 56
238.7919131 -1.779949927 39.08114958652579 VNM 57
-114.0365291 21.17203592 31.994378485495933 MAR 58
50.6640351 48.74745141 47.352503687498427 LBN 59
124.8629767 -119.7074395 102.76851515393882 SAU 60
139.6451658 8.689380986 72.219739832195017 IRN 61
36.32229138 -22.48639543 14.533662791564524 DJI 62
74.45808436 209.1527425 54.529177657061588 LTU 63
188.0823154 199.6742041 79.706140805949801 RUS 64
29.18378629 -62.06966975 20.553703030787766 ZWE 65
-50.52969482 4.782670291 20.553703030787766 MRT 66
11.02395842 -71.49404556 40.309128011760762 BWA 67
243.1728925 -200.1211208 147.44547879910303 QAT 68
-57.94411137 -5.561091847 10.664792828498646 GMB 69
174.7174622 6.790976509 32.247302409408611 IND 70
-4.619279412 -27.09145278 12.092738403528228 CMR 71
-49.90166616 -30.31142081 10.664792828498646 LBR 72
-33.33932932 -40.36226926 17.570341550550975 GHA 73
65.64336816 138.3113424 46.661189155783539 ROU 74
108.5946546 145.6490648 53.627806853266648 UKR 75
16.4607065 -37.05424757 5.7005715521665303 BDI 76
33.55571238 -31.71435194 13.3690253241415 KEN 77
-46.3237992 -20.79581376 12.092738403528228 GIN 78
25.69799974 -43.29535644 6.9817457725167476 MWI 79
-57.49526309 144.0811303 59.515714280594544 SVN 80
48.89493528 -62.23772613 24.519085349893274 LSO 81
-41.81957717 -33.39848818 15.082294657962107 CIV 82
42.05391952 -24.94684716 4.0309128011760764 SOM 83
14.77420095 -28.21777691 8.0618256023521528 SSD 84
243.2390606 -68.5196589 15.082294657962107 TLS 85
-98.53426073 159.4781029 46.661189155783539 LIE 86
-169.4627534 230.0188166 65.121389272564087 BEL 87
-0.8862241393 -40.67595181 18.0267900696076 COG 88
22.183823 -37.61555886 10.664792828498646 TZA 89
-26.62488932 190.5015908 69.467493327264179 CZE 90
222.7287955 -34.87442124 70.396865649395025 MYS 91
2.056035157 150.1461791 57.43166701541135 SVK 92
19.75872488 -31.66894997 8.0618256023521528 UGA 93
248.5302151 113.1978611 25.81043545618887 PRK 94
-129.6977253 197.5840733 87.573841876689386 LUX 95
-25.60406709 -31.23821831 18.0267900696076 BEN 96
23.7894464 27.7093493 54.2303853935597 GRC 97
-129.1489335 152.4214709 46.834974446907694 CHE 98
-48.94570914 -10.10401595 19.331578679605002 SEN 99
85.13515974 7.283052439 38.240596503737549 JOR 100
-124.4842071 249.8591292 68.762221321808539 NLD 101
225.7265942 -124.091223 84.55314024151599 OMN 102
-83.69815908 69.88162501 54.379986740938982 ITA 103
223.963046 25.08787787 52.246601284630053 LAO 104
107.1221846 87.77169947 34.203429312999177 ARM 105
180.9157614 -83.96759973 94.447306196980293 ARE 106
58.61042841 27.59745491 18.471963031155848 PSE 107
85.18584067 243.0080137 47.352503687498427 SWE 108
88.14654713 127.7076734 27.33898075077996 MDA 109
-156.5561763 89.87419528 51.305143969498772 ESP 110
-14.83705546 -25.06947006 18.906656929110273 NGA 111
-3.700415205 43.53513341 30.432724271892816 ALB 112
35.34737209 -75.00378872 22.078218685404735 SWZ 113
106.4919928 114.7183813 38.240596503737549 GEO 114
-10.82984952 6.977755427 65.865657886738958 LBY 115
244.5341807 -56.47719981 20.945237317550244 PNG 116
40.94313911 185.1494712 68.168921005513624 POL 117
-70.50089076 183.3205731 62.835711952650733 AUT 118
258.1627084 26.50635893 49.532685770241244 HKG 119
141.1637487 236.7399095 68.049640212460133 EST 120
46.99126443 239.2946625 66.845126620707504 NOR 121
-8.448838367 68.94434935 46.486754193222893 MNE 122
103.9977166 32.52243247 55.415889093467548 IRQ 123
-53.47154717 -18.48465831 9.0133950348037999 GNB 124
-33.9906279 -16.31901496 9.8736795605342067 MLI 125
158.596962 148.7299695 95.473937511733411 KAZ 126
