-40.61063139 84.97288672 49.368397802671034 HRV 0
159.0942511 82.05124453 44.522887117791335 UZB 1
50.23502898 82.03175932 56.288633951123799 BGR 2
-51.28074141 -50.02773825 65.61850632886707 GNQ 3
21.02879911 79.6321091 53.779084465077673 SRB 4
-25.85692433 -14.94037383 10.664792828498646 BFA 5
-18.14088055 -30.21747363 12.74686550124585 TGO 6
126.569484 94.25669452 85.698381669840728 TKM 7
99.15860292 182.7893592 45.959477166184897 LVA 8
-80.48795571 188.9666689 67.208747399207454 DEU 9
155.3583497 -16.53843279 46.661189155783539 THA 10
118.4430028 59.97116687 46.661189155783539 AZE 11
208.221236 63.70490082 65.988886540565474 CHN 12
-27.19413171 -60.9596386 33.725036111885203 GAB 13
149.7479895 30.01808192 24.848215316316704 PAK 14
20.47609272 -30.70588458 6.9817457725167476 RWA 15
71.4101228 36.1355848 31.994378485495933 SYR 16
25.5054256 -40.74323321 14.533662791564524 ZMB 17
-59.39901102 212.4952468 51.463249564535673 DNK 18
154.5585144 48.59459392 18.471963031155848 NPL 19
-23.49607416 47.25316755 37.381147506716857 TUN 20
16.10378828 -7.406220831 34.908728862583743 EGY 21
183.417101 74.387582 32.247302409408611 KGZ 22
158.1336345 18.70429444 18.0267900696076 BGD 23
-28.83003613 25.57831245 45.604572417332243 DZA 24
-11.4711629 -14.75140381 6.9817457725167476 NER 25
145.3441538 39.76355283 13.3690253241415 AFG 26
104.9662202 -119.3077816 13.963491545033495 YEM 27
-162.1929273 59.46273944 48.202706309168761 PRT 28
13.40408552 -31.01280699 4.0309128011760764 COD 29
107.6763192 -31.47168097 110.61165527215444 KWT 30
165.8839077 -32.45289806 23.155831109088059 KHM 31
193.798714 -50.36084856 35.600057933006831 IDN 32
176.153894 61.23339629 24.185476807056457 TJK 33
-39.81900811 -17.33745161 8.0618256023521528 SLE 34
66.21351076 57.9603458 52.246601284630053 TUR 35
100.2167467 154.638321 59.788098835393114 BLR 36
27.84030429 107.5703416 54.2303853935597 HUN 37
28.81190007 54.53438218 44.886345288126989 MKD 38
252.5739859 -6.838112364 116.75739150462745 BRN 39
3.28498243 -77.66836983 66.845126620707504 ZAF 40
0.5718978976 -18.71850782 5.7005715521665303 TCD 41
-130.0617051 110.2929342 49.859637740709964 FRA 42
36.59671025 -45.62389058 11.401143104333061 MOZ 43
29.25659657 -23.70384619 9.0133950348037999 ETH 44
29.35646335 -18.46442314 10.664792828498646 ERI 45
-108.790163 70.61462261 59.515714280594544 AND 46
-9.747088003 80.96221728 61.924057445565516 BIH 47
-0.4751629012 -50.31935079 19.747359121068413 AGO 48
101.056402 220.220958 64.494604818817223 FIN 49
22.31033503 -19.5650009 16.123651204704306 SDN 50
165.0674147 37.75370018 38.240596503737549 BTN 51
164.7667584 11.14474754 19.747359121068413 MMR 52
223.3042963 116.3566847 125.86521187531538 MNG 53
243.4226655 45.4812063 82.707415764842111 KOR 54
7.889300817 -25.13240382 4.0309128011760764 CAF 55
41.55464926 -3.490218214 61.792723135584602 ISR 56
207.0700728 0.08662307829 39.08114958652579 VNM 57
-105.6466227 14.60131107 31.994378485495933 MAR 58
61.86160414 17.29113341 47.352503687498427 LBN 59
105.1518011 -88.22705141 102.76851515393882 SAU 60
119.1060126 28.32987696 72.219739832195017 IRN 61
37.34845972 -23.37052275 14.533662791564524 DJI 62
74.76557975 171.7982616 54.529177657061588 LTU 63
190.438992 163.1507592 79.706140805949801 RUS 64
31.64742934 -52.54254612 20.553703030787766 ZWE 65
-40.84470549 6.432702709 20.553703030787766 MRT 66
15.47306907 -51.57791283 40.309128011760762 BWA 67
203.4714163 -145.0576628 147.44547879910303 QAT 68
-46.12678746 -4.272849034 10.664792828498646 GMB 69
149.8512464 8.170240798 32.247302409408611 IND 70
-1.729583041 -22.92538273 12.092738403528228 CMR 71
-38.9268115 -22.25515443 10.664792828498646 LBR 72
-24.77332786 -25.61588907 17.570341550550975 GHA 73
54.67539002 109.0787782 46.661189155783539 ROU 74
105.6048153 124.9296201 53.627806853266648 UKR 75
22.40026571 -33.48384981 5.7005715521665303 BDI 76
33.23878894 -29.55848955 13.3690253241415 KEN 77
-35.16724647 -14.47243663 12.092738403528228 GIN 78
29.95713731 -37.13887702 6.9817457725167476 MWI 79
-43.31368174 134.1910475 59.515714280594544 SVN 80
43.97156114 -55.97568917 24.519085349893274 LSO 81
-32.17806179 -21.06019523 15.082294657962107 CIV 82
41.992051 -21.62933901 4.0309128011760764 SOM 83
19.71683639 -25.45840021 8.0618256023521528 SSD 84
207.2604452 -51.53441587 15.082294657962107 TLS 85
-90.6182958 141.64718 46.661189155783539 LIE 86
-147.7297891 193.3785313 65.121389272564087 BEL 87
2.145406664 -40.61065453 18.0267900696076 COG 88
27.81697769 -32.95592097 10.664792828498646 TZA 89
-34.2635354 172.4815341 69.467493327264179 CZE 90
188.75468 -22.59529833 70.396865649395025 MYS 91
9.96120429 131.3154041 57.43166701541135 SVK 92
24.13717099 -29.08214911 8.0618256023521528 UGA 93
229.1124009 76.39397772 25.81043545618887 PRK 94
-115.9687726 168.0059017 87.573841876689386 LUX 95
-18.39114138 -16.58018746 18.0267900696076 BEN 96
23.89425422 28.60877251 54.2303853935597 GRC 97
-111.5943426 128.2422267 46.834974446907694 CHE 98
-38.30386763 -6.425782858 19.331578679605002 SEN 99
70.60792892 -5.897426948 38.240596503737549 JOR 100
-113.8020814 212.2993362 68.762221321808539 NLD 101
196.8033023 -83.65113323 84.55314024151599 OMN 102
-57.68650312 45.35258329 54.379986740938982 ITA 103
184.059596 12.70031856 52.246601284630053 LAO 104
95.61552288 44.23770783 34.203429312999177 ARM 105
154.3333865 -62.03754277 94.447306196980293 ARE 106
51.12213634 32.0770536 18.471963031155848 PSE 107
80.00253268 199.1465033 47.352503687498427 SWE 108
73.45579353 101.983965 27.33898075077996 MDA 109
-137.7838247 76.07170755 51.305143969498772 ESP 110
-9.850982728 -21.460386 18.906656929110273 NGA 111
1.747255873 32.81400338 30.432724271892816 ALB 112
31.30049846 -63.88647725 22.078218685404735 SWZ 113
93.60169022 95.82386375 38.240596503737549 GEO 114
-8.014420061 4.340328888 65.865657886738958 LBY 115
206.954529 -41.94791241 20.945237317550244 PNG 116
42.62875235 165.9416936 68.168921005513624 POL 117
-66.12370328 157.452612 62.835711952650733 AUT 118
208.8504067 29.89503866 49.532685770241244 HKG 119
129.5785653 199.4497874 68.049640212460133 EST 120
51.46311167 209.6225944 66.845126620707504 NOR 121
-1.914291898 52.99008944 46.486754193222893 MNE 122
88.8737155 12.81730923 55.415889093467548 IRQ 123
-41.66820827 -13.18033402 9.0133950348037999 GNB 124
-27.44371126 -9.678216552 9.8736795605342067 MLI 125
163.8809075 124.8184448 95.473937511733411 KAZ 126
