-39.43202697 85.57980645 49.368397802671034 HRV 0
159.1014692 81.8323991 44.522887117791335 UZB 1
50.60092143 81.8898397 56.288633951123799 BGR 2
-51.28842161 -50.09897767 65.61850632886707 GNQ 3
21.42215924 79.4959039 53.779084465077673 SRB 4
-25.83390261 -14.93661315 10.664792828498646 BFA 5
-18.09793645 -30.18665267 12.74686550124585 TGO 6
126.5171928 94.05733128 85.698381669840728 TKM 7
99.08096485 182.5376396 45.959477166184897 LVA 8
-80.47392881 188.9415858 67.208747399207454 DEU 9
155.3784474 -16.57791006 46.661189155783539 THA 10
118.2878275 59.75420595 46.661189155783539 AZE 11
208.1129493 63.58136396 65.988886540565474 CHN 12
-27.15299918 -60.97702765 33.725036111885203 GAB 13
149.71578 29.94899281 24.848215316316704 PAK 14
20.47706795 -30.70779184 6.9817457725167476 RWA 15
71.51803126 35.97735834 31.994378485495933 SYR 16
25.50912003 -40.73974665 14.533662791564524 ZMB 17
-59.44417512 212.4815825 51.463249564535673 DNK 18
154.5630219 48.59746554 18.471963031155848 NPL 19
-23.29731063 47.30863813 37.381147506716857 TUN 20
16.07300196 -7.398994788 34.908728862583743 EGY 21
183.369958 74.27558116 32.247302409408611 KGZ 22
158.117777 18.70670788 18.0267900696076 BGD 23
-28.81460021 25.65482007 45.604572417332243 DZA 24
-11.44854791 -14.7658388 6.9817457725167476 NER 25
145.3020902 39.67822339 13.3690253241415 AFG 26
104.962468 -119.2991103 13.963491545033495 YEM 27
-162.1929273 59.46273944 48.202706309168761 PRT 28
13.44313863 -30.98457999 4.0309128011760764 COD 29
107.6564165 -31.52902887 110.61165527215444 KWT 30
165.9273554 -32.4638009 23.155831109088059 KHM 31
193.8336366 -50.34623296 35.600057933006831 IDN 32
176.1259078 61.12269444 24.185476807056457 TJK 33
-39.81328385 -17.34199108 8.0618256023521528 SLE 34
66.71033453 57.93571512 52.246601284630053 TUR 35
100.3278292 154.4367833 59.788098835393114 BLR 36
27.7960448 107.5431567 54.2303853935597 HUN 37
28.4844115 54.21116982 44.886345288126989 MKD 38
252.580689 -6.808102934 116.75739150462745 BRN 39
3.28498243 -77.66836983 66.845126620707504 ZAF 40
0.6076963912 -18.69484049 5.7005715521665303 TCD 41
-130.1109216 110.367392 49.859637740709964 FRA 42
36.59282544 -45.55359504 11.401143104333061 MOZ 43
29.25659657 -23.70384619 9.0133950348037999 ETH 44
29.35709955 -18.46546597 10.664792828498646 ERI 45
-108.8053302 70.72295648 59.515714280594544 AND 46
-9.329648735 80.98731741 61.924057445565516 BIH 47
-0.4261889123 -50.29116165 19.747359121068413 AGO 48
100.8303875 220.0706436 64.494604818817223 FIN 49
22.31169638 -19.58495789 16.123651204704306 SDN 50
165.0692576 37.76969268 38.240596503737549 BTN 51
164.7630289 11.16305544 19.747359121068413 MMR 52
223.317792 116.2449648 125.86521187531538 MNG 53
243.3256862 45.43265531 82.707415764842111 KOR 54
7.923404361 -25.11083362 4.0309128011760764 CAF 55
41.5071841 -3.437242727 61.792723135584602 ISR 56
207.066862 0.07093856557 39.08114958652579 VNM 57
-105.5630342 14.58422122 31.994378485495933 MAR 58
62.09299164 17.104398 47.352503687498427 LBN 59
105.1824312 -88.2580857 102.76851515393882 SAU 60
119.2174067 28.12088798 72.219739832195017 IRN 61
37.27379005 -23.29451767 14.533662791564524 DJI 62
74.5180284 171.9363682 54.529177657061588 LTU 63
190.0886556 163.0801792 79.706140805949801 RUS 64
31.67030405 -52.48091021 20.553703030787766 ZWE 65
-40.84470549 6.432702709 20.553703030787766 MRT 66
15.48969939 -51.61257071 40.309128011760762 BWA 67
203.4999274 -145.0431694 147.44547879910303 QAT 68
-46.12678746 -4.272849034 10.664792828498646 GMB 69
149.8434373 8.204621791 32.247302409408611 IND 70
-1.681772663 -22.910395 12.092738403528228 CMR 71
-38.91381867 -22.2541426 10.664792828498646 LBR 72
-24.7474748 -25.60220207 17.570341550550975 GHA 73
54.62443194 109.0611799 46.661189155783539 ROU 74
105.7236536 124.7337281 53.627806853266648 UKR 75
22.40342949 -33.48119209 5.7005715521665303 BDI 76
33.22253208 -29.51366444 13.3690253241415 KEN 77
-35.15991719 -14.51192011 12.092738403528228 GIN 78
29.94084868 -37.11767639 6.9817457725167476 MWI 79
-43.32219333 134.2151717 59.515714280594544 SVN 80
43.97156114 -55.97568917 24.519085349893274 LSO 81
-32.16710181 -21.08937619 15.082294657962107 CIV 82
41.9813764 -21.59972058 4.0309128011760764 SOM 83
19.71470195 -25.46958693 8.0618256023521528 SSD 84
207.2614755 -51.52258995 15.082294657962107 TLS 85
-90.68905161 141.6794371 46.661189155783539 LIE 86
-147.7209723 193.3847608 65.121389272564087 BEL 87
2.199222438 -40.58263786 18.0267900696076 COG 88
27.79749555 -32.92029514 10.664792828498646 TZA 89
-34.26470708 172.4786476 69.467493327264179 CZE 90
188.7855996 -22.60403876 70.396865649395025 MYS 91
9.947451867 131.2869122 57.43166701541135 SVK 92
24.13263243 -29.07964262 8.0618256023521528 UGA 93
228.965471 76.28435197 25.81043545618887 PRK 94
-115.9398625 168.0297138 87.573841876689386 LUX 95
-18.37577132 -16.55832067 18.0267900696076 BEN 96
24.02887145 28.22597805 54.2303853935597 GRC 97
-111.6310539 128.2596632 46.834974446907694 CHE 98
-38.3026986 -6.428560897 19.331578679605002 SEN 99
70.60792892 -5.897426948 38.240596503737549 JOR 100
-113.8020814 212.2993362 68.762221321808539 NLD 101
196.7992589 -83.6490732 84.55314024151599 OMN 102
-57.68650312 45.35258329 54.379986740938982 ITA 103
184.0551934 12.64630026 52.246601284630053 LAO 104
95.75621915 44.19226578 34.203429312999177 ARM 105
154.3496233 -62.05204643 94.447306196980293 ARE 106
51.12213634 32.0770536 18.471963031155848 PSE 107
79.79506919 199.0012185 47.352503687498427 SWE 108
73.36884394 101.9158959 27.33898075077996 MDA 109
-137.8016632 76.09644414 51.305143969498772 ESP 110
-9.808322825 -21.4552804 18.906656929110273 NGA 111
1.965191925 32.77763835 30.432724271892816 ALB 112
31.29188032 -63.81292218 22.078218685404735 SWZ 113
93.5620443 95.28707182 38.240596503737549 GEO 114
-8.034633308 4.298527079 65.865657886738958 LBY 115
206.9571245 -41.94643205 20.945237317550244 PNG 116
42.46935701 165.8142156 68.168921005513624 POL 117
-66.16889098 157.4035539 62.835711952650733 AUT 118
208.8504067 29.89503866 49.532685770241244 HKG 119
129.0502286 198.9424476 68.049640212460133 EST 120
51.27672428 209.4879798 66.845126620707504 NOR 121
-1.729177752 52.98218317 46.486754193222893 MNE 122
89.05071264 12.54936461 55.415889093467548 IRQ 123
-41.66728051 -13.18175367 9.0133950348037999 GNB 124
-27.4260395 -9.681587141 9.8736795605342067 MLI 125
163.6530566 124.8006202 95.473937511733411 KAZ 126
