-56.74405826 110.2295623 49.368397802671034 HRV 0
164.878556 93.65695268 44.522887117791335 UZB 1
59.03742132 98.41274233 56.288633951123799 BGR 2
-59.67956544 -55.26743015 65.61850632886707 GNQ 3
23.4958963 95.09663676 53.779084465077673 SRB 4
-21.51503276 -19.74740322 10.664792828498646 BFA 5
-16.54723463 -42.48554629 12.74686550124585 TGO 6
139.5533514 60.92574265 85.698381669840728 TKM 7
107.2189885 205.3732779 45.959477166184897 LVA 8
-85.38465787 229.5412163 67.208747399207454 DEU 9
178.7845073 -21.0562722 46.661189155783539 THA 10
132.9845187 102.7821726 46.661189155783539 AZE 11
223.2909964 78.22867188 65.988886540565474 CHN 12
-29.99527734 -66.32091694 33.725036111885203 GAB 13
174.2680641 26.8095121 24.848215316316704 PAK 14
17.69274187 -33.74334741 6.9817457725167476 RWA 15
81.95706898 44.61861128 31.994378485495933 SYR 16
21.72845028 -43.67904506 14.533662791564524 ZMB 17
-62.52863028 261.3003192 51.463249564535673 DNK 18
175.4544881 53.58934835 18.471963031155848 NPL 19
-27.7855318 62.89944934 37.381147506716857 TUN 20
20.32372524 -5.581347221 34.908728862583743 EGY 21
197.619939 100.4082154 32.247302409408611 KGZ 22
189.6836706 32.41645768 18.0267900696076 BGD 23
-33.4292819 34.69635331 45.604572417332243 DZA 24
-11.693674 -12.91599069 6.9817457725167476 NER 25
170.0087359 38.20717089 13.3690253241415 AFG 26
127.8167127 -148.9714478 13.963491545033495 YEM 27
-191.7866557 49.27185233 48.202706309168761 PRT 28
12.50085599 -31.17079981 4.0309128011760764 COD 29
110.4488202 -45.45799821 110.61165527215444 KWT 30
190.1344293 -40.30959797 23.155831109088059 KHM 31
222.1928728 -64.59065576 35.600057933006831 IDN 32
183.2033869 70.02385295 24.185476807056457 TJK 33
-43.67434911 -23.18924794 8.0618256023521528 SLE 34
80.83875804 71.4842678 52.246601284630053 TUR 35
106.3053735 170.2648461 59.788098835393114 BLR 36
27.01391721 129.3127384 54.2303853935597 HUN 37
19.8787531 63.91658306 44.886345288126989 MKD 38
294.3605694 -6.714297803 116.75739150462745 BRN 39
-5.958461889 -95.13137947 66.845126620707504 ZAF 40
-0.850152568 -19.45013167 5.7005715521665303 TCD 41
-144.4324423 129.8849502 49.859637740709964 FRA 42
37.1873235 -50.91749637 11.401143104333061 MOZ 43
29.30326425 -26.42651408 9.0133950348037999 ETH 44
28.59272555 -20.1666795 10.664792828498646 ERI 45
-114.7076148 80.29894074 59.515714280594544 AND 46
-7.740293164 114.5519189 61.924057445565516 BIH 47
1.885588976 -51.5224392 19.747359121068413 AGO 48
109.4251866 250.4100335 64.494604818817223 FIN 49
12.95630489 -22.54066814 16.123651204704306 SDN 50
199.6778992 53.25966727 38.240596503737549 BTN 51
197.1066075 22.90796285 19.747359121068413 MMR 52
241.4978084 153.3901906 125.86521187531538 MNG 53
276.8438871 61.91381576 82.707415764842111 KOR 54
6.730402349 -25.54378216 4.0309128011760764 CAF 55
49.42627429 4.706841457 61.792723135584602 ISR 56
236.2670953 0.000182902136 39.08114958652579 VNM 57
-108.0558021 20.58532846 31.994378485495933 MAR 58
54.11072064 49.23542795 47.352503687498427 LBN 59
116.8916762 -113.0928451 102.76851515393882 SAU 60
136.9452969 7.277212917 72.219739832195017 IRN 61
36.44187251 -22.29236168 14.533662791564524 DJI 62
77.69719042 193.2148707 54.529177657061588 LTU 63
186.7792474 189.8572314 79.706140805949801 RUS 64
31.20689405 -59.20739956 20.553703030787766 ZWE 65
-47.42781243 5.035165859 20.553703030787766 MRT 66
13.40497857 -66.96031825 40.309128011760762 BWA 67
230.0419548 -185.3954944 147.44547879910303 QAT 68
-54.98635837 -4.954150859 10.664792828498646 GMB 69
173.3027205 8.661869206 32.247302409408611 IND 70
-3.529969252 -29.23492942 12.092738403528228 CMR 71
-42.08807472 -31.41838291 10.664792828498646 LBR 72
-25.300972 -37.40557321 17.570341550550975 GHA 73
60.47990922 131.2465657 46.661189155783539 ROU 74
110.5378676 134.255054 53.627806853266648 UKR 75
20.20489949 -36.91585665 5.7005715521665303 BDI 76
33.69424803 -32.56501285 13.3690253241415 KEN 77
-38.75670315 -18.97096559 12.092738403528228 GIN 78
29.27426059 -42.54481095 6.9817457725167476 MWI 79
-60.10195577 151.2327012 59.515714280594544 SVN 80
48.64321021 -62.01736349 24.519085349893274 LSO 81
-33.91658816 -30.66288507 15.082294657962107 CIV 82
42.13010323 -24.15272376 4.0309128011760764 SOM 83
17.59385889 -28.85154017 8.0618256023521528 SSD 84
238.1912775 -66.76297409 15.082294657962107 TLS 85
-97.17844781 168.4296887 46.661189155783539 LIE 86
-171.6614896 229.138163 65.121389272564087 BEL 87
4.57763316 -38.8620821 18.0267900696076 COG 88
26.02426155 -36.83990684 10.664792828498646 TZA 89
-24.80718653 199.216147 69.467493327264179 CZE 90
218.3317105 -30.77699234 70.396865649395025 MYS 91
7.62439905 159.1328813 57.43166701541135 SVK 92
22.19562183 -32.14623679 8.0618256023521528 UGA 93
245.3274617 105.0656131 25.81043545618887 PRK 94
-134.3169594 189.9923486 87.573841876689386 LUX 95
-17.63905221 -28.85723325 18.0267900696076 BEN 96
25.59776739 32.87255796 54.2303853935597 GRC 97
-118.1085765 147.264114 46.834974446907694 CHE 98
-45.90023107 -9.566318031 19.331578679605002 SEN 99
80.74238866 -1.254357202 38.240596503737549 JOR 100
-131.9579176 244.9901046 68.762221321808539 NLD 101
218.5673938 -111.90778 84.55314024151599 OMN 102
-78.37209039 75.8555528 54.379986740938982 ITA 103
220.7178289 26.20650162 52.246601284630053 LAO 104
106.5667955 81.56456031 34.203429312999177 ARM 105
170.7437023 -80.34367408 94.447306196980293 ARE 106
58.46013564 28.90426761 18.471963031155848 PSE 107
83.4916244 225.6800705 47.352503687498427 SWE 108
84.98213801 122.2129947 27.33898075077996 MDA 109
-149.4634687 89.08335204 51.305143969498772 ESP 110
-8.643313375 -20.60698945 18.906656929110273 NGA 111
-1.166813654 41.67512733 30.432724271892816 ALB 112
34.82690692 -73.66545901 22.078218685404735 SWZ 113
105.2868706 105.5167755 38.240596503737549 GEO 114
-7.698067309 10.16351656 65.865657886738958 LBY 115
236.8877404 -53.90706556 20.945237317550244 PNG 116
38.91401427 188.6550623 68.168921005513624 POL 117
-69.88176628 190.0691957 62.835711952650733 AUT 118
253.213815 26.87586529 49.532685770241244 HKG 119
140.8572901 221.0252443 68.049640212460133 EST 120
50.45499013 241.0483669 66.845126620707504 NOR 121
-7.395467691 80.07493864 46.486754193222893 MNE 122
99.07637187 22.41856943 55.415889093467548 IRQ 123
-48.5730912 -20.73876742 9.0133950348037999 GNB 124
-27.91213571 -16.14433913 9.8736795605342067 MLI 125
157.5355905 141.3290907 95.473937511733411 KAZ 126
