-53.24747931 96.11705392 49.368397802671034 HRV 0
167.3297172 96.86574009 44.522887117791335 UZB 1
60.53990157 104.1021163 56.288633951123799 BGR 2
-61.67935188 -53.1230418 65.61850632886707 GNQ 3
23.13006784 93.95669693 53.779084465077673 SRB 4
-27.43432521 -21.78921724 10.664792828498646 BFA 5
-24.22639067 -44.97602227 12.74686550124585 TGO 6
141.2619956 61.7010414 85.698381669840728 TKM 7
106.3703068 219.4159804 45.959477166184897 LVA 8
-84.78430218 225.0213381 67.208747399207454 DEU 9
181.1084927 -22.74640187 46.661189155783539 THA 10
134.114266 107.4609794 46.661189155783539 AZE 11
217.1032914 72.7304201 65.988886540565474 CHN 12
-29.99131182 -64.43532804 33.725036111885203 GAB 13
175.2643603 26.98725511 24.848215316316704 PAK 14
14.51199462 -33.25777288 6.9817457725167476 RWA 15
76.84262214 43.8345423 31.994378485495933 SYR 16
18.77614286 -45.36685922 14.533662791564524 ZMB 17
-62.57380668 261.2895044 51.463249564535673 DNK 18
176.1772787 54.71701156 18.471963031155848 NPL 19
-35.2222706 60.14152883 37.381147506716857 TUN 20
20.39857211 -6.120526919 34.908728862583743 EGY 21
194.5786008 98.4522649 32.247302409408611 KGZ 22
189.6254396 28.20413718 18.0267900696076 BGD 23
-39.75846918 30.82024198 45.604572417332243 DZA 24
-17.15419123 -16.65973144 6.9817457725167476 NER 25
170.9503276 39.0874882 13.3690253241415 AFG 26
133.4303108 -157.9979806 13.963491545033495 YEM 27
-193.0432308 54.38743338 48.202706309168761 PRT 28
9.388007973 -30.35980631 4.0309128011760764 COD 29
116.4270385 -48.47154537 110.61165527215444 KWT 30
192.4199101 -43.31009938 23.155831109088059 KHM 31
226.2679202 -70.34090355 35.600057933006831 IDN 32
183.5954034 74.42261442 24.185476807056457 TJK 33
-52.24137248 -24.09397868 8.0618256023521528 SLE 34
78.10322789 72.12424241 52.246601284630053 TUR 35
104.7713078 183.5385728 59.788098835393114 BLR 36
32.9066029 128.9326331 54.2303853935597 HUN 37
21.2518251 60.84387608 44.886345288126989 MKD 38
301.499344 -8.852661576 116.75739150462745 BRN 39
-10.47987832 -100.3903152 66.845126620707504 ZAF 40
-4.833785076 -19.66777806 5.7005715521665303 TCD 41
-151.6809907 128.9493933 49.859637740709964 FRA 42
34.68392119 -52.82696864 11.401143104333061 MOZ 43
29.05004382 -25.66533935 9.0133950348037999 ETH 44
28.59098014 -19.0654664 10.664792828498646 ERI 45
-120.4883913 80.50533469 59.515714280594544 AND 46
-14.27137565 104.8894623 61.924057445565516 BIH 47
2.62828813 -53.14429361 19.747359121068413 AGO 48
109.7416777 271.3396039 64.494604818817223 FIN 49
10.54078639 -21.25852956 16.123651204704306 SDN 50
193.4843441 46.72032064 38.240596503737549 BTN 51
200.1336276 21.07577305 19.747359121068413 MMR 52
247.2488081 164.1023897 125.86521187531538 MNG 53
277.0289845 66.72927569 82.707415764842111 KOR 54
2.984592291 -25.46200271 4.0309128011760764 CAF 55
52.17917812 0.7022858391 61.792723135584602 ISR 56
238.7623649 -1.76796543 39.08114958652579 VNM 57
-114.0365291 21.17203592 31.994378485495933 MAR 58
50.63716107 48.83513165 47.352503687498427 LBN 59
124.8973615 -119.6970693 102.76851515393882 SAU 60
139.6276575 8.642515317 72.219739832195017 IRN 61
36.32684397 -22.51594818 14.533662791564524 DJI 62
74.11230183 209.3942389 54.529177657061588 LTU 63
187.9694505 199.619389 79.706140805949801 RUS 64
29.18494625 -62.05419715 20.553703030787766 ZWE 65
-50.53985808 4.802461624 20.553703030787766 MRT 66
11.0401114 -71.50588805 40.309128011760762 BWA 67
243.1728925 -200.1211208 147.44547879910303 QAT 68
-57.96681032 -5.565475872 10.664792828498646 GMB 69
174.6874992 6.634057336 32.247302409408611 IND 70
-4.633676639 -27.07981868 12.092738403528228 CMR 71
-49.91117066 -30.34038845 10.664792828498646 LBR 72
-33.3353736 -40.40618567 17.570341550550975 GHA 73
65.48168849 138.3698354 46.661189155783539 ROU 74
108.4774113 145.5909404 53.627806853266648 UKR 75
16.45061107 -37.05459854 5.7005715521665303 BDI 76
33.46336963 -31.75885126 13.3690253241415 KEN 77
-46.34201858 -20.75893022 12.092738403528228 GIN 78
25.7075535 -43.30210517 6.9817457725167476 MWI 79
-57.49526309 144.0811303 59.515714280594544 SVN 80
48.89493528 -62.23772613 24.519085349893274 LSO 81
-41.8192336 -33.44204349 15.082294657962107 CIV 82
42.07448234 -24.94648044 4.0309128011760764 SOM 83
14.76150182 -28.20702596 8.0618256023521528 SSD 84
243.244559 -68.5130504 15.082294657962107 TLS 85
-98.49944843 159.3574996 46.661189155783539 LIE 86
-169.4608074 230.0150806 65.121389272564087 BEL 87
-0.8850617639 -40.67745258 18.0267900696076 COG 88
22.17266044 -37.60651419 10.664792828498646 TZA 89
-26.75236758 190.5587829 69.467493327264179 CZE 90
222.7185054 -34.88708242 70.396865649395025 MYS 91
1.859465066 150.0259381 57.43166701541135 SVK 92
19.76358187 -31.66322933 8.0618256023521528 UGA 93
248.4107169 113.1301481 25.81043545618887 PRK 94
-129.6995209 197.5546975 87.573841876689386 LUX 95
-25.60160509 -31.27224392 18.0267900696076 BEN 96
23.87556842 27.62596148 54.2303853935597 GRC 97
-129.1416636 152.3711939 46.834974446907694 CHE 98
-48.95688284 -10.09776423 19.331578679605002 SEN 99
85.18211928 7.144890815 38.240596503737549 JOR 100
-124.4960609 249.8501038 68.762221321808539 NLD 101
225.7334642 -124.0878201 84.55314024151599 OMN 102
-83.69815908 69.88162501 54.379986740938982 ITA 103
223.9900822 25.14395929 52.246601284630053 LAO 104
107.1221846 87.77169947 34.203429312999177 ARM 105
180.8944819 -83.96223555 94.447306196980293 ARE 106
58.61042841 27.59745491 18.471963031155848 PSE 107
85.36702 242.7130621 47.352503687498427 SWE 108
87.9553204 127.7065582 27.33898075077996 MDA 109
-156.5429002 89.87566257 51.305143969498772 ESP 110
-14.85545262 -25.05494995 18.906656929110273 NGA 111
-3.683816996 43.50123021 30.432724271892816 ALB 112
35.36960342 -74.98158547 22.078218685404735 SWZ 113
106.5079917 114.7323688 38.240596503737549 GEO 114
-10.83176228 7.002235435 65.865657886738958 LBY 115
244.5562911 -56.47128648 20.945237317550244 PNG 116
40.81344791 185.0563661 68.168921005513624 POL 117
-70.64996654 183.4238914 62.835711952650733 AUT 118
258.1769492 26.47181244 49.532685770241244 HKG 119
141.1637487 236.7399095 68.049640212460133 EST 120
47.0790053 239.9543785 66.845126620707504 NOR 121
-8.419285013 68.92029658 46.486754193222893 MNE 122
103.9277196 32.43910069 55.415889093467548 IRQ 123
-53.47308164 -18.48751958 9.0133950348037999 GNB 124
-34.00684105 -16.35811423 9.8736795605342067 MLI 125
158.5035825 148.6355889 95.473937511733411 KAZ 126
