-55.8674312 95.99245922 49.368397802671034 HRV 0
166.9566893 97.21624718 44.522887117791335 UZB 1
59.65213402 103.92786 56.288633951123799 BGR 2
-61.29158447 -52.78448781 65.61850632886707 GNQ 3
23.2977487 94.75591406 53.779084465077673 SRB 4
-27.11627483 -21.54013569 10.664792828498646 BFA 5
-23.93067444 -44.72876711 12.74686550124585 TGO 6
140.8152573 62.46102114 85.698381669840728 TKM 7
106.1358385 220.3481403 45.959477166184897 LVA 8
-84.75409589 225.1107706 67.208747399207454 DEU 9
181.0559149 -23.10274725 46.661189155783539 THA 10
133.942099 108.4763194 46.661189155783539 AZE 11
217.3722821 73.83579545 65.988886540565474 CHN 12
-29.93831278 -64.25235711 33.725036111885203 GAB 13
174.7099894 27.82319824 24.848215316316704 PAK 14
14.62659136 -33.35065706 6.9817457725167476 RWA 15
76.40317726 44.21325142 31.994378485495933 SYR 16
18.94270369 -45.29537939 14.533662791564524 ZMB 17
-62.57380668 261.2895044 51.463249564535673 DNK 18
175.7571737 54.0874913 18.471963031155848 NPL 19
-34.93126438 60.18582782 37.381147506716857 TUN 20
20.2488923 -6.2100604 34.908728862583743 EGY 21
194.5786008 98.4522649 32.247302409408611 KGZ 22
189.2403003 28.40738275 18.0267900696076 BGD 23
-39.06269002 31.19546795 45.604572417332243 DZA 24
-16.77109965 -16.42919018 6.9817457725167476 NER 25
170.3428864 39.81525692 13.3690253241415 AFG 26
133.4354127 -157.949144 13.963491545033495 YEM 27
-193.0432308 54.38743338 48.202706309168761 PRT 28
9.530579126 -30.46318253 4.0309128011760764 COD 29
116.4563987 -48.94180353 110.61165527215444 KWT 30
192.5569299 -43.4105854 23.155831109088059 KHM 31
226.3003093 -69.58866388 35.600057933006831 IDN 32
183.6014943 74.50233276 24.185476807056457 TJK 33
-51.9455745 -23.89615786 8.0618256023521528 SLE 34
77.40197648 72.32488026 52.246601284630053 TUR 35
104.7825544 183.901508 59.788098835393114 BLR 36
33.26459292 129.7368582 54.2303853935597 HUN 37
21.06476588 61.86916139 44.886345288126989 MKD 38
300.6342367 -8.131341052 116.75739150462745 BRN 39
-10.3440471 -100.1015806 66.845126620707504 ZAF 40
-4.468628417 -19.50936984 5.7005715521665303 TCD 41
-151.5419189 129.1221077 49.859637740709964 FRA 42
34.79194236 -52.83019039 11.401143104333061 MOZ 43
29.0485246 -25.59133231 9.0133950348037999 ETH 44
28.54518425 -19.03677208 10.664792828498646 ERI 45
-120.6278941 80.47453133 59.515714280594544 AND 46
-14.13310044 105.4361164 61.924057445565516 BIH 47
2.638489128 -53.16140728 19.747359121068413 AGO 48
110.0154001 270.4404299 64.494604818817223 FIN 49
10.61518437 -21.52267362 16.123651204704306 SDN 50
193.2543352 46.77163413 38.240596503737549 BTN 51
199.4909567 21.03475667 19.747359121068413 MMR 52
246.6777992 164.2313795 125.86521187531538 MNG 53
276.956121 66.30684451 82.707415764842111 KOR 54
3.283766716 -25.37620592 4.0309128011760764 CAF 55
51.7183977 1.042227902 61.792723135584602 ISR 56
238.6044522 -1.548848674 39.08114958652579 VNM 57
-114.0365291 21.17203592 31.994378485495933 MAR 58
50.31821724 49.0069134 47.352503687498427 LBN 59
124.957203 -119.8816833 102.76851515393882 SAU 60
138.8213236 9.596313441 72.219739832195017 IRN 61
36.29162039 -22.51367197 14.533662791564524 DJI 62
74.56091467 209.0358415 54.529177657061588 LTU 63
188.0242553 199.9444656 79.706140805949801 RUS 64
29.24219638 -61.98426512 20.553703030787766 ZWE 65
-50.42677134 4.752376381 20.553703030787766 MRT 66
11.25184377 -71.45956504 40.309128011760762 BWA 67
243.1728925 -200.1211208 147.44547879910303 QAT 68
-57.76377439 -5.650358957 10.664792828498646 GMB 69
173.9463753 7.34937697 32.247302409408611 IND 70
-4.328459435 -26.48545425 12.092738403528228 CMR 71
-49.52041664 -30.18048991 10.664792828498646 LBR 72
-32.90337352 -40.04057355 17.570341550550975 GHA 73
65.77114562 138.6309368 46.661189155783539 ROU 74
108.7258307 146.2213736 53.627806853266648 UKR 75
16.678546 -37.05740453 5.7005715521665303 BDI 76
33.3358205 -31.72750184 13.3690253241415 KEN 77
-45.99054493 -20.75106411 12.092738403528228 GIN 78
25.84535316 -43.20989348 6.9817457725167476 MWI 79
-57.50658781 144.1174741 59.515714280594544 SVN 80
48.89493528 -62.23772613 24.519085349893274 LSO 81
-41.40878645 -33.2141779 15.082294657962107 CIV 82
42.04944177 -24.82034959 4.0309128011760764 SOM 83
14.96552666 -28.33571977 8.0618256023521528 SSD 84
243.1875466 -68.32318804 15.082294657962107 TLS 85
-98.50731247 159.766796 46.661189155783539 LIE 86
-169.4421998 229.983278 65.121389272564087 BEL 87
-0.847282293 -40.72123482 18.0267900696076 COG 88
22.40695699 -37.52324699 10.664792828498646 TZA 89
-26.4607161 190.9410769 69.467493327264179 CZE 90
222.4787004 -34.38500345 70.396865649395025 MYS 91
2.583303584 150.9203784 57.43166701541135 SVK 92
19.78263511 -31.71962755 8.0618256023521528 UGA 93
248.5970623 113.5659849 25.81043545618887 PRK 94
-129.7827164 197.6010135 87.573841876689386 LUX 95
-25.21593186 -30.96533503 18.0267900696076 BEN 96
23.30065423 28.48152934 54.2303853935597 GRC 97
-128.9648614 152.4429541 46.834974446907694 CHE 98
-48.74096122 -10.01178775 19.331578679605002 SEN 99
84.37359223 8.102318442 38.240596503737549 JOR 100
-124.5502841 249.668802 68.762221321808539 NLD 101
225.7123388 -124.0252248 84.55314024151599 OMN 102
-83.69815908 69.88162501 54.379986740938982 ITA 103
223.2416569 24.8283569 52.246601284630053 LAO 104
107.1221846 87.77169947 34.203429312999177 ARM 105
180.9828906 -84.09006427 94.447306196980293 ARE 106
58.61042841 27.59745491 18.471963031155848 PSE 107
84.69837798 242.9461212 47.352503687498427 SWE 108
88.50300589 128.0330947 27.33898075077996 MDA 109
-156.4405864 89.87110817 51.305143969498772 ESP 110
-14.54058462 -24.78869233 18.906656929110273 NGA 111
-3.626060432 43.8432626 30.432724271892816 ALB 112
35.34506056 -74.91658526 22.078218685404735 SWZ 113
106.3883117 115.183815 38.240596503737549 GEO 114
-10.65192531 7.125865462 65.865657886738958 LBY 115
244.0548015 -56.31617798 20.945237317550244 PNG 116
40.83075966 185.7874383 68.168921005513624 POL 117
-69.95741443 183.0887971 62.835711952650733 AUT 118
257.2578006 26.70978234 49.532685770241244 HKG 119
140.8821018 236.6944268 68.049640212460133 EST 120
46.77123304 238.9707686 66.845126620707504 NOR 121
-8.530737872 69.57569336 46.486754193222893 MNE 122
103.5814459 33.56887907 55.415889093467548 IRQ 123
-53.32324626 -18.36060622 9.0133950348037999 GNB 124
-33.62391224 -16.19526299 9.8736795605342067 MLI 125
158.408599 149.5003111 95.473937511733411 KAZ 126
