-66.39055678 94.60111505 49.368397802671034 HRV 0
164.7722247 96.93832742 44.522887117791335 UZB 1
58.13590894 104.0507262 56.288633951123799 BGR 2
-63.93362864 -54.21431362 65.61850632886707 GNQ 3
18.86496298 93.55094784 53.779084465077673 SRB 4
-29.99563388 -21.3685165 10.664792828498646 BFA 5
-26.74504265 -44.5043441 12.74686550124585 TGO 6
138.3123309 62.4009753 85.698381669840728 TKM 7
104.0403201 221.029954 45.959477166184897 LVA 8
-85.28684282 225.4496215 67.208747399207454 DEU 9
181.6362032 -22.09668098 46.661189155783539 THA 10
131.7546306 107.6098889 46.661189155783539 AZE 11
213.3155294 70.95780141 65.988886540565474 CHN 12
-32.67587291 -65.62638237 33.725036111885203 GAB 13
173.2983156 27.48533136 24.848215316316704 PAK 14
13.61837545 -33.07076144 6.9817457725167476 RWA 15
74.4508554 44.37713454 31.994378485495933 SYR 16
17.99849316 -45.73446195 14.533662791564524 ZMB 17
-62.16996776 261.3858862 51.463249564535673 DNK 18
176.0260629 54.25628358 18.471963031155848 NPL 19
-38.42822246 57.60799655 37.381147506716857 TUN 20
17.88710786 -7.617647854 34.908728862583743 EGY 21
190.4145319 95.42375885 32.247302409408611 KGZ 22
187.2355326 23.25914786 18.0267900696076 BGD 23
-41.43404305 29.62441421 45.604572417332243 DZA 24
-19.12688672 -17.97095373 6.9817457725167476 NER 25
168.8664434 39.4185513 13.3690253241415 AFG 26
133.9596135 -160.5901144 13.963491545033495 YEM 27
-193.5500813 55.51742994 48.202706309168761 PRT 28
7.641151749 -30.98229583 4.0309128011760764 COD 29
114.5662531 -51.37495128 110.61165527215444 KWT 30
193.0199841 -42.48655329 23.155831109088059 KHM 31
227.2754864 -70.74836671 35.600057933006831 IDN 32
180.8697348 74.29689619 24.185476807056457 TJK 33
-54.47281497 -24.61587555 8.0618256023521528 SLE 34
75.43858521 72.67896249 52.246601284630053 TUR 35
102.723216 185.5341709 59.788098835393114 BLR 36
29.92395994 128.0562935 54.2303853935597 HUN 37
19.40636948 60.65377798 44.886345288126989 MKD 38
299.6014118 -9.26776104 116.75739150462745 BRN 39
-11.9349457 -100.1928775 66.845126620707504 ZAF 40
-6.762671628 -20.64419753 5.7005715521665303 TCD 41
-153.8189887 130.7285439 49.859637740709964 FRA 42
33.93941464 -53.49900759 11.401143104333061 MOZ 43
28.71166274 -24.79267888 9.0133950348037999 ETH 44
29.04014288 -18.1741166 10.664792828498646 ERI 45
-123.2224511 82.98571601 59.515714280594544 AND 46
-20.48472857 100.6208229 61.924057445565516 BIH 47
2.782702476 -53.21693546 19.747359121068413 AGO 48
108.076075 270.8991166 64.494604818817223 FIN 49
7.686071133 -21.24707235 16.123651204704306 SDN 50
190.5016374 41.90512193 38.240596503737549 BTN 51
199.4783811 20.14695556 19.747359121068413 MMR 52
244.9420559 164.0643506 125.86521187531538 MNG 53
278.278454 66.7970244 82.707415764842111 KOR 54
0.9474224711 -26.49523027 4.0309128011760764 CAF 55
49.05901385 0.6909787065 61.792723135584602 ISR 56
239.7529718 -2.147892994 39.08114958652579 VNM 57
-115.9305539 20.86101459 31.994378485495933 MAR 58
47.80193904 48.71292078 47.352503687498427 LBN 59
122.7523927 -122.2987672 102.76851515393882 SAU 60
135.7992728 7.675282268 72.219739832195017 IRN 61
36.31862554 -22.41758616 14.533662791564524 DJI 62
72.63398191 209.388761 54.529177657061588 LTU 63
186.080297 199.880736 79.706140805949801 RUS 64
28.39234429 -62.67975534 20.553703030787766 ZWE 65
-52.35448385 4.649639875 20.553703030787766 MRT 66
10.2391958 -71.94504003 40.309128011760762 BWA 67
243.9905126 -203.2933903 147.44547879910303 QAT 68
-60.3962856 -6.035219223 10.664792828498646 GMB 69
174.1220156 6.991729715 32.247302409408611 IND 70
-6.596122463 -28.36666458 12.092738403528228 CMR 71
-52.50525342 -30.56300482 10.664792828498646 LBR 72
-35.86353506 -40.129517 17.570341550550975 GHA 73
60.67935276 141.7854148 46.661189155783539 ROU 74
106.559581 147.7183207 53.627806853266648 UKR 75
15.31921411 -36.95878663 5.7005715521665303 BDI 76
31.78646243 -31.63017429 13.3690253241415 KEN 77
-48.75012468 -20.9902422 12.092738403528228 GIN 78
25.03240646 -44.24589881 6.9817457725167476 MWI 79
-62.86029093 141.4438343 59.515714280594544 SVN 80
48.82234825 -62.29330859 24.519085349893274 LSO 81
-44.33739406 -33.21685514 15.082294657962107 CIV 82
41.73155061 -25.44484673 4.0309128011760764 SOM 83
12.89389008 -27.66809278 8.0618256023521528 SSD 84
244.1792984 -69.59434338 15.082294657962107 TLS 85
-101.335708 157.7723889 46.661189155783539 LIE 86
-170.2827122 232.3421072 65.121389272564087 BEL 87
-2.689629164 -41.28185416 18.0267900696076 COG 88
20.84495437 -37.41850099 10.664792828498646 TZA 89
-29.11019098 189.1411736 69.467493327264179 CZE 90
223.5561184 -35.40399824 70.396865649395025 MYS 91
1.4074009 152.1596684 57.43166701541135 SVK 92
18.44908452 -31.53891105 8.0618256023521528 UGA 93
246.1645818 113.1617564 25.81043545618887 PRK 94
-130.5190551 200.508628 87.573841876689386 LUX 95
-28.0332019 -31.14027625 18.0267900696076 BEN 96
20.38713616 27.69971147 54.2303853935597 GRC 97
-132.4179068 154.9256432 46.834974446907694 CHE 98
-51.39298342 -10.86104115 19.331578679605002 SEN 99
81.82399748 7.106222969 38.240596503737549 JOR 100
-125.866893 252.4287096 68.762221321808539 NLD 101
226.0390747 -127.5892691 84.55314024151599 OMN 102
-88.76087725 66.26328766 54.379986740938982 ITA 103
223.629673 23.78940251 52.246601284630053 LAO 104
105.8615963 88.29716038 34.203429312999177 ARM 105
181.4343366 -87.33724759 94.447306196980293 ARE 106
58.94022188 25.84194584 18.471963031155848 PSE 107
82.52366625 243.7833489 47.352503687498427 SWE 108
83.60965314 131.0547322 27.33898075077996 MDA 109
-159.2977832 91.17679401 51.305143969498772 ESP 110
-16.71618629 -26.29362624 18.906656929110273 NGA 111
-5.915916792 38.60638693 30.432724271892816 ALB 112
35.08327445 -75.28912016 22.078218685404735 SWZ 113
104.2729399 116.2334041 38.240596503737549 GEO 114
-13.05418342 5.544503349 65.865657886738958 LBY 115
245.2215437 -57.52272905 20.945237317550244 PNG 116
38.73237483 186.511266 68.168921005513624 POL 117
-73.13713561 181.1078194 62.835711952650733 AUT 118
257.8473556 27.53475568 49.532685770241244 HKG 119
138.7471691 237.3805628 68.049640212460133 EST 120
44.78949504 238.847824 66.845126620707504 NOR 121
-11.24220074 64.17331349 46.486754193222893 MNE 122
100.9364928 31.94809629 55.415889093467548 IRQ 123
-56.00754532 -19.10497778 9.0133950348037999 GNB 124
-35.94257629 -17.25108458 9.8736795605342067 MLI 125
156.3845541 149.2841613 95.473937511733411 KAZ 126
