-30.62935225 90.33099844 49.368397802671034 HRV 0
160.9973739 77.53271697 44.522887117791335 UZB 1
56.23299872 78.92066347 56.288633951123799 BGR 2
-49.47834631 -48.51669266 65.61850632886707 GNQ 3
27.61688467 76.35364974 53.779084465077673 SRB 4
-25.75751545 -14.90104615 10.664792828498646 BFA 5
-17.92554631 -29.87067202 12.74686550124585 TGO 6
127.0355922 88.47629212 85.698381669840728 TKM 7
100.197012 178.2902035 45.959477166184897 LVA 8
-80.47466358 188.5926005 67.208747399207454 DEU 9
155.3789972 -17.04257908 46.661189155783539 THA 10
114.8829209 56.10748041 46.661189155783539 AZE 11
205.2661471 59.30288273 65.988886540565474 CHN 12
-25.89371451 -59.29423731 33.725036111885203 GAB 13
149.652129 29.14697559 24.848215316316704 PAK 14
20.51695675 -30.78133757 6.9817457725167476 RWA 15
74.75586583 32.73514682 31.994378485495933 SYR 16
25.53028901 -40.7024026 14.533662791564524 ZMB 17
-59.64761815 212.1255835 51.463249564535673 DNK 18
154.6896644 48.33161744 18.471963031155848 NPL 19
-21.3060095 47.76300533 37.381147506716857 TUN 20
16.41370425 -6.78525946 34.908728862583743 EGY 21
182.8198009 73.09764274 32.247302409408611 KGZ 22
157.9788906 17.80103367 18.0267900696076 BGD 23
-28.58262387 24.3871802 45.604572417332243 DZA 24
-11.0536083 -14.1894915 6.9817457725167476 NER 25
145.1428169 39.02153574 13.3690253241415 AFG 26
104.5116333 -118.9517666 13.963491545033495 YEM 27
-162.1161539 59.67173266 48.202706309168761 PRT 28
13.50085435 -30.83521405 4.0309128011760764 COD 29
107.6906991 -32.85743624 110.61165527215444 KWT 30
165.923072 -32.95900557 23.155831109088059 KHM 31
193.1920859 -50.2184221 35.600057933006831 IDN 32
175.0400225 60.52146396 24.185476807056457 TJK 33
-39.69502265 -17.30371771 8.0618256023521528 SLE 34
71.70958839 55.19461874 52.246601284630053 TUR 35
101.482227 149.1244187 59.788098835393114 BLR 36
26.39013567 107.605734 54.2303853935597 HUN 37
26.55686896 50.38874954 44.886345288126989 MKD 38
252.0702207 -6.563720235 116.75739150462745 BRN 39
3.184876702 -77.67253918 66.845126620707504 ZAF 40
0.8772897559 -18.31050654 5.7005715521665303 TCD 41
-130.6158634 110.9814841 49.859637740709964 FRA 42
36.54338793 -45.32615107 11.401143104333061 MOZ 43
29.32857114 -23.43777017 9.0133950348037999 ETH 44
29.60846781 -18.30854496 10.664792828498646 ERI 45
-109.0179879 70.79379939 59.515714280594544 AND 46
-2.184833827 81.21477472 61.924057445565516 BIH 47
0.247596034 -49.75868921 19.747359121068413 AGO 48
102.6810775 219.5555833 64.494604818817223 FIN 49
22.60502873 -19.84720374 16.123651204704306 SDN 50
165.0518615 37.76101343 38.240596503737549 BTN 51
164.8897644 10.77148375 19.747359121068413 MMR 52
224.387247 113.750467 125.86521187531538 MNG 53
241.7461155 44.45915879 82.707415764842111 KOR 54
7.895310387 -25.04463907 4.0309128011760764 CAF 55
41.35222883 -2.923877264 61.792723135584602 ISR 56
206.7104639 -0.3611899116 39.08114958652579 VNM 57
-105.1217387 13.64487244 31.994378485495933 MAR 58
62.77044768 15.85673948 47.352503687498427 LBN 59
106.094946 -88.52750537 102.76851515393882 SAU 60
120.319253 25.41852987 72.219739832195017 IRN 61
37.23444577 -23.13289097 14.533662791564524 DJI 62
74.8838198 170.8910516 54.529177657061588 LTU 63
186.3432151 160.0735604 79.706140805949801 RUS 64
31.70413862 -52.11747923 20.553703030787766 ZWE 65
-40.83638077 6.485340129 20.553703030787766 MRT 66
15.82131896 -51.52247361 40.309128011760762 BWA 67
202.9500981 -144.4271808 147.44547879910303 QAT 68
-46.13225622 -4.213394903 10.664792828498646 GMB 69
149.7626709 7.571892895 32.247302409408611 IND 70
-1.601112674 -22.42266688 12.092738403528228 CMR 71
-38.49263732 -22.10763009 10.664792828498646 LBR 72
-24.42896493 -25.36508457 17.570341550550975 GHA 73
52.67632919 109.2683167 46.661189155783539 ROU 74
106.8788886 120.0226131 53.627806853266648 UKR 75
22.39153391 -33.51021455 5.7005715521665303 BDI 76
33.08062778 -29.11470282 13.3690253241415 KEN 77
-35.011912 -14.79231627 12.092738403528228 GIN 78
29.80132794 -36.99285008 6.9817457725167476 MWI 79
-43.3910387 134.5842526 59.515714280594544 SVN 80
43.89938026 -56.03231549 24.519085349893274 LSO 81
-31.8393551 -21.1539445 15.082294657962107 CIV 82
41.81585023 -21.55535952 4.0309128011760764 SOM 83
19.63153848 -25.41554145 8.0618256023521528 SSD 84
206.6803425 -51.30922699 15.082294657962107 TLS 85
-91.61132265 141.6060837 46.661189155783539 LIE 86
-147.6322281 193.1699144 65.121389272564087 BEL 87
3.322442565 -39.4268491 18.0267900696076 COG 88
27.9759537 -32.76429284 10.664792828498646 TZA 89
-34.30908553 172.5483981 69.467493327264179 CZE 90
188.2235192 -23.00417729 70.396865649395025 MYS 91
7.344118234 129.6607782 57.43166701541135 SVK 92
24.04838919 -29.06614538 8.0618256023521528 UGA 93
224.2530957 73.92125421 25.81043545618887 PRK 94
-115.4050471 168.2961119 87.573841876689386 LUX 95
-18.21499177 -16.69760906 18.0267900696076 BEN 96
26.07285105 24.52607816 54.2303853935597 GRC 97
-111.4513771 127.4014683 46.834974446907694 CHE 98
-38.32059864 -6.532370591 19.331578679605002 SEN 99
70.59402236 -5.840951234 38.240596503737549 JOR 100
-113.5283645 212.4458339 68.762221321808539 NLD 101
196.5424821 -83.84372617 84.55314024151599 OMN 102
-57.62800246 45.42689496 54.379986740938982 ITA 103
183.8499128 12.37590707 52.246601284630053 LAO 104
95.70413866 43.20525575 34.203429312999177 ARM 105
155.1919274 -62.09536991 94.447306196980293 ARE 106
51.16343644 32.01113811 18.471963031155848 PSE 107
77.9878947 197.3000802 47.352503687498427 SWE 108
73.26447392 101.4617477 27.33898075077996 MDA 109
-137.463426 76.03211576 51.305143969498772 ESP 110
-9.552447929 -20.92390331 18.906656929110273 NGA 111
5.189243243 32.31370084 30.432724271892816 ALB 112
31.32609862 -63.29923702 22.078218685404735 SWZ 113
94.08862215 86.5752257 38.240596503737549 GEO 114
-7.38365042 4.463877167 65.865657886738958 LBY 115
206.1782931 -41.91965899 20.945237317550244 PNG 116
39.05186416 162.9044502 68.168921005513624 POL 117
-65.92983684 157.6428737 62.835711952650733 AUT 118
206.8539331 29.19712983 49.532685770241244 HKG 119
128.3772511 194.3204403 68.049640212460133 EST 120
50.72438895 209.4577058 66.845126620707504 NOR 121
0.5461620316 51.96382032 46.486754193222893 MNE 122
89.4938194 12.79679388 55.415889093467548 IRQ 123
-41.65692396 -13.13439193 9.0133950348037999 GNB 124
-27.23300591 -9.493526206 9.8736795605342067 MLI 125
158.3213431 123.9406577 95.473937511733411 KAZ 126
