-55.36025557 94.56239462 49.368397802671034 HRV 0
165.8885167 95.61792118 44.522887117791335 UZB 1
59.58499806 103.595348 56.288633951123799 BGR 2
-62.26648103 -52.90022871 65.61850632886707 GNQ 3
20.23546985 93.84205876 53.779084465077673 SRB 4
-28.34668378 -20.87293379 10.664792828498646 BFA 5
-24.83102102 -43.28831365 12.74686550124585 TGO 6
139.8642863 60.8309175 85.698381669840728 TKM 7
105.4485738 219.0998247 45.959477166184897 LVA 8
-85.9246888 227.5014852 67.208747399207454 DEU 9
181.314336 -23.1164459 46.661189155783539 THA 10
132.8235559 105.4384601 46.661189155783539 AZE 11
218.5592845 74.41336736 65.988886540565474 CHN 12
-31.01460534 -64.27413134 33.725036111885203 GAB 13
174.8941842 27.18313454 24.848215316316704 PAK 14
14.42263327 -33.39008976 6.9817457725167476 RWA 15
76.32729392 44.18095396 31.994378485495933 SYR 16
18.56889059 -45.40333222 14.533662791564524 ZMB 17
-62.16996776 261.3858862 51.463249564535673 DNK 18
177.2580519 53.89735301 18.471963031155848 NPL 19
-35.35003015 59.24191887 37.381147506716857 TUN 20
18.99100644 -6.928750956 34.908728862583743 EGY 21
194.1730871 97.18250805 32.247302409408611 KGZ 22
189.1473207 27.35600671 18.0267900696076 BGD 23
-39.81070838 30.74382699 45.604572417332243 DZA 24
-17.36436119 -16.7956979 6.9817457725167476 NER 25
170.5777725 39.13135672 13.3690253241415 AFG 26
133.7855463 -159.9715226 13.963491545033495 YEM 27
-192.9554783 54.6990776 48.202706309168761 PRT 28
8.724019883 -31.0953391 4.0309128011760764 COD 29
117.4682221 -51.66381179 110.61165527215444 KWT 30
192.8406993 -43.26184618 23.155831109088059 KHM 31
226.5073043 -69.83428278 35.600057933006831 IDN 32
183.4812593 74.29239446 24.185476807056457 TJK 33
-52.86319451 -23.94237793 8.0618256023521528 SLE 34
77.3304009 72.18072908 52.246601284630053 TUR 35
104.0051596 183.2819866 59.788098835393114 BLR 36
31.20389933 128.2802749 54.2303853935597 HUN 37
21.90077715 61.02351368 44.886345288126989 MKD 38
299.4010705 -8.319892768 116.75739150462745 BRN 39
-11.57376367 -99.37093531 66.845126620707504 ZAF 40
-5.093389412 -19.99781262 5.7005715521665303 TCD 41
-151.6704509 130.8019245 49.859637740709964 FRA 42
34.38163093 -53.18629783 11.401143104333061 MOZ 43
28.93024303 -25.35821698 9.0133950348037999 ETH 44
28.89307824 -18.81454357 10.664792828498646 ERI 45
-121.1841635 82.78714403 59.515714280594544 AND 46
-17.35922657 102.4955252 61.924057445565516 BIH 47
2.586383545 -53.13756432 19.747359121068413 AGO 48
109.1273754 268.5079378 64.494604818817223 FIN 49
9.256128069 -22.00492681 16.123651204704306 SDN 50
194.9944153 45.16498538 38.240596503737549 BTN 51
199.4836748 20.22649037 19.747359121068413 MMR 52
246.2238481 161.8743059 125.86521187531538 MNG 53
277.9814803 65.87247317 82.707415764842111 KOR 54
2.576626055 -25.89653943 4.0309128011760764 CAF 55
50.40956699 -0.1112835357 61.792723135584602 ISR 56
238.9617924 -1.862307909 39.08114958652579 VNM 57
-115.0356391 21.11205324 31.994378485495933 MAR 58
50.04576907 47.48616846 47.352503687498427 LBN 59
124.8892043 -122.2031577 102.76851515393882 SAU 60
137.9400105 7.687478006 72.219739832195017 IRN 61
36.44985862 -22.55064747 14.533662791564524 DJI 62
74.31415472 207.001219 54.529177657061588 LTU 63
187.0703064 197.7034323 79.706140805949801 RUS 64
28.57013548 -62.07727858 20.553703030787766 ZWE 65
-51.63198824 4.564076045 20.553703030787766 MRT 66
10.69277208 -71.55459554 40.309128011760762 BWA 67
244.4760767 -202.4032752 147.44547879910303 QAT 68
-59.17487941 -5.704037756 10.664792828498646 GMB 69
174.3151573 7.628171525 32.247302409408611 IND 70
-4.936666263 -26.93870312 12.092738403528228 CMR 71
-50.98690544 -30.17650544 10.664792828498646 LBR 72
-34.23465252 -39.66535159 17.570341550550975 GHA 73
61.98416753 141.6645126 46.661189155783539 ROU 74
107.8633698 145.4906748 53.627806853266648 UKR 75
16.33452544 -37.14774333 5.7005715521665303 BDI 76
32.33373814 -31.97583294 13.3690253241415 KEN 77
-47.29425825 -20.21798095 12.092738403528228 GIN 78
25.58221363 -43.863404 6.9817457725167476 MWI 79
-58.56072322 142.5698935 59.515714280594544 SVN 80
48.82234825 -62.29330859 24.519085349893274 LSO 81
-42.77836063 -32.70583331 15.082294657962107 CIV 82
41.97284793 -25.30549426 4.0309128011760764 SOM 83
14.28610511 -28.36391861 8.0618256023521528 SSD 84
243.517713 -69.17379521 15.082294657962107 TLS 85
-99.18747529 159.4017869 46.661189155783539 LIE 86
-169.0869546 230.2102424 65.121389272564087 BEL 87
-1.735387165 -41.24283948 18.0267900696076 COG 88
21.85358538 -37.58976934 10.664792828498646 TZA 89
-27.44150492 191.0221088 69.467493327264179 CZE 90
222.7854823 -34.79811866 70.396865649395025 MYS 91
1.989724968 151.1786941 57.43166701541135 SVK 92
19.19549358 -31.85406655 8.0618256023521528 UGA 93
247.8966971 111.4837906 25.81043545618887 PRK 94
-128.8547102 199.1397312 87.573841876689386 LUX 95
-26.00714519 -30.9694219 18.0267900696076 BEN 96
22.15560082 28.07214494 54.2303853935597 GRC 97
-129.9055744 154.4600708 46.834974446907694 CHE 98
-50.23981105 -10.13123908 19.331578679605002 SEN 99
83.24451925 5.132111054 38.240596503737549 JOR 100
-125.0458116 251.1135441 68.762221321808539 NLD 101
225.3051776 -127.6980149 84.55314024151599 OMN 102
-85.68556009 69.46801309 54.379986740938982 ITA 103
223.0940353 24.14213804 52.246601284630053 LAO 104
106.5176974 88.33120661 34.203429312999177 ARM 105
181.6741069 -87.14686174 94.447306196980293 ARE 106
59.00899808 26.66826363 18.471963031155848 PSE 107
83.33668869 241.7223134 47.352503687498427 SWE 108
84.31970353 131.3231225 27.33898075077996 MDA 109
-157.1719448 90.94530832 51.305143969498772 ESP 110
-15.11200153 -25.31095235 18.906656929110273 NGA 111
-4.604186156 41.33043329 30.432724271892816 ALB 112
35.10317667 -74.90586812 22.078218685404735 SWZ 113
105.4188634 112.6518106 38.240596503737549 GEO 114
-11.605234 6.722706896 65.865657886738958 LBY 115
243.6527251 -57.01946581 20.945237317550244 PNG 116
39.70723882 185.4124139 68.168921005513624 POL 117
-70.42663848 181.7266803 62.835711952650733 AUT 118
256.7803147 27.27814419 49.532685770241244 HKG 119
140.0636297 234.7029582 68.049640212460133 EST 120
45.76993275 236.2668911 66.845126620707504 NOR 121
-8.281872374 66.99524449 46.486754193222893 MNE 122
101.9189322 30.10359773 55.415889093467548 IRQ 123
-54.58075687 -18.49355715 9.0133950348037999 GNB 124
-34.21912004 -16.7421633 9.8736795605342067 MLI 125
157.4101004 146.8928369 95.473937511733411 KAZ 126
