15.50202494 44.2999367 38.819469570686991 HRV 0
64.19764525 40.77497118 35.009336713267238 UZB 1
25.27777336 42.74108873 44.261005219881092 BGR 2
9.830841368 2.189906206 51.597291447233651 GNQ 3
21.45103132 43.87791372 42.287690625004167 SRB 4
-2.017510932 13.2965924 8.385963877911891 BFA 5
1.374811126 7.823427861 10.023143943725087 TGO 6
59.53166879 40.08179013 67.386544177245099 TKM 7
25.22773795 56.98945308 36.138959430457149 LVA 8
9.387198345 51.10182429 52.847733381502692 DEU 9
100.0628263 15.20219156 36.690731179998046 THA 10
47.45518807 40.24947837 36.690731179998046 AZE 11
104.7308817 35.20986251 51.888529648138622 CHN 12
11.78810016 -0.5434181612 26.518746230099758 GAB 13
70.24471229 29.77965898 19.538704541581176 PAK 14
29.84385548 -2.100464028 5.4899020350995205 RWA 15
38.44561737 35.00997402 25.157891633735666 SYR 16
29.42584294 -13.07479419 11.4281424068666 ZMB 17
9.828761331 55.69905422 40.466698118590251 DNK 18
84.23737384 27.57039315 14.524915506980721 NPL 19
9.240685703 34.36721457 29.39362796326855 TUN 20
29.72514899 26.77918805 27.449510175497608 EGY 21
75.31622023 41.3108102 25.35677134231506 KGZ 22
89.45334846 24.38444706 14.174866102833766 BGD 23
3.319922829 27.99559162 35.859889930295395 DZA 24
9.209529839 15.1564208 5.4899020350995205 NER 25
64.83338215 33.00833827 10.512362054661937 AFG 26
48.33956664 14.94767699 10.979804070199041 YEM 27
-7.824186092 39.59851718 37.902860414325595 PRT 28
24.53320014 0.6732639595 3.1695964177893825 COD 29
47.28471705 30.07161585 86.97640549656245 KWT 30
104.8501671 12.71339501 18.207945186233633 KHM 31
120.2186821 -4.861700878 27.993117604685199 IDN 32
71.19465267 39.42716856 19.017578506736296 TJK 33
-11.3213984 8.552082325 6.339192835578765 SLE 34
34.81765437 39.09159197 41.082665004590829 TUR 35
27.85203134 52.85638462 47.01271231662691 BLR 36
20.49357172 46.87265705 42.64255858588993 HUN 37
22.17907063 41.20998352 35.295131959042848 MKD 38
115.1046719 4.707490679 91.808934630271679 BRN 39
24.40872078 -28.47279144 52.561810273309689 ZAF 40
18.87059788 13.14441781 4.4824862412869244 TCD 41
1.675959272 45.48198497 39.205742463374968 FRA 42
35.12226942 -17.99515387 8.9649724825738488 MOZ 43
38.24757234 8.143129693 7.0874330514168831 ETH 44
39.02581608 14.72432906 8.385963877911891 ERI 45
1.847654574 42.14768321 46.79853028100986 AND 46
18.04416215 43.55849343 48.692264093924976 BIH 47
18.48647047 -12.25780575 15.527787828274795 AGO 48
26.21072602 64.00046595 50.71354268463012 FIN 49
29.88296121 14.81174114 12.67838567115753 SDN 50
90.32593809 27.66685936 30.069431831175262 BTN 51
98.1503275 21.94666937 15.527787828274795 MMR 52
104.7407392 46.60589825 98.970616424127144 MNG 53
127.5564211 37.01216146 65.034681141297554 KOR 54
21.86260151 6.111994919 3.1695964177893825 CAF 55
34.2629053 31.37226063 48.588993003980569 ISR 56
105.7642562 16.04775516 30.730377421313086 VNM 57
-5.059443556 31.6181051 25.157891633735666 MAR 58
35.69214441 34.10499035 37.234327177075912 LBN 59
44.58875299 25.06732485 80.809169922609257 SAU 60
52.94406057 32.13141645 56.787988219199271 IRN 61
43.22149429 11.41034345 11.4281424068666 DJI 62
23.63949602 55.53050946 42.877505590395316 LTU 63
100.2520917 59.84100047 62.674711866911245 RUS 64
29.63902523 -20.21530024 16.161833984521852 ZWE 65
-11.6245998 20.05117016 16.161833984521852 MRT 66
24.18466049 -21.34294529 31.695964177893828 BWA 67
49.99940295 25.09207347 115.93966043733904 QAT 68
-16.60327111 13.78017844 8.385963877911891 GMB 69
77.27930982 20.03179439 25.35677134231506 IND 70
11.53459658 6.274801692 9.508789253368148 CMR 71
-9.328705841 6.223360338 8.385963877911891 LBR 72
-1.921702602 8.303435461 13.815950476952445 GHA 73
24.88647591 46.07291753 36.690731179998046 ROU 74
32.12110044 49.5134333 42.168737673119907 UKR 75
30.00559079 -3.589432081 4.4824862412869244 BDI 76
38.04666666 0.7612983008 10.512362054661937 KEN 77
-10.17686612 10.92548714 9.508789253368148 GIN 78
33.86878292 -11.99013563 5.4899020350995205 MWI 79
14.40553527 46.47279039 46.79853028100986 SVN 80
28.63047463 -29.52168433 19.279902326296718 LSO 81
-5.154721841 7.876233641 11.859543849713869 CIV 82
48.37107843 9.591484081 3.1695964177893825 SOM 83
29.46494768 7.823388355 6.339192835578765 SSD 84
125.7255963 -8.767336621 11.859543849713869 TLS 85
9.626853279 47.86406661 36.690731179998046 LIE 86
2.73872964 50.76676605 51.206397245696927 BEL 87
15.06851896 -1.021406657 14.174866102833766 COG 88
34.15512994 -5.716930598 8.385963877911891 TZA 89
14.72897948 50.0956741 54.623835558700904 CZE 90
112.2895683 1.773848736 55.354621692838819 MYS 91
19.76707025 49.43332586 45.159797549232302 SVK 92
31.98546478 0.8391310952 6.339192835578765 UGA 93
126.6510624 39.88326888 20.295319645627529 PRK 94
5.948241906 49.54751228 68.861260264281185 LUX 95
2.002978238 9.157198701 14.174866102833766 BEN 96
21.75161757 38.84955879 42.64255858588993 GRC 97
7.710394367 47.26101443 36.827382420890899 CHE 98
-13.95437039 14.01259477 15.200850416613394 SEN 99
36.45127757 30.85851318 30.069431831175262 JOR 100
6.080018584 53.08325832 54.06926448948623 NLD 101
57.33924348 20.0581908 66.486015362118422 OMN 102
12.34678771 42.86626661 42.760193453756948 ITA 103
104.9011273 18.49739389 41.082665004590829 LAO 104
44.92536693 40.11929847 26.894917447721543 ARM 105
54.71245387 22.89537997 74.266018184383256 ARE 106
35.42207736 32.67876567 14.524915506980721 PSE 107
15.19596657 62.31494926 37.234327177075912 SWE 108
29.24584198 47.03349493 21.497248818779372 MDA 109
-4.020642719 40.47659957 40.342376171582316 ESP 110
8.450891188 9.91671344 14.866724990279209 NGA 111
20.09111499 40.07116607 23.929928180937097 ALB 112
31.38166622 -26.84019282 17.360594562108137 SWZ 113
43.43806762 42.455304 30.069431831175262 GEO 114
17.23336106 25.0828822 51.791632215968029 LBY 115
147.1201711 -5.804892037 16.469706105298563 PNG 116
19.82011915 52.13353405 53.602739250673565 POL 117
12.078825 47.80283681 49.409118315895697 AUT 118
114.2957644 22.03952518 38.94865285476709 HKG 119
26.22265499 59.23855603 53.508946109263235 EST 120
10.14368846 62.09669324 52.561810273309689 NOR 121
19.07382384 41.49053395 36.553569088000387 MNE 122
44.156902 33.20674422 43.574746520942163 IRQ 123
-14.75423449 12.31938228 7.0874330514168831 GNB 124
-3.900855855 16.15959344 7.7638939141373973 MLI 125
68.17577133 47.63771853 75.073281228297887 KAZ 126
