-39.27779048 91.68688378 49.368397802671034 HRV 0
160.2850305 79.33868301 44.522887117791335 UZB 1
53.51708264 80.69588451 56.288633951123799 BGR 2
-50.63313652 -49.53768453 65.61850632886707 GNQ 3
24.54599667 78.0921337 53.779084465077673 SRB 4
-25.75751545 -14.90104615 10.664792828498646 BFA 5
-18.02105437 -30.1123922 12.74686550124585 TGO 6
127.3146487 91.6921858 85.698381669840728 TKM 7
99.33834321 178.9841441 45.959477166184897 LVA 8
-80.53359529 188.8382892 67.208747399207454 DEU 9
155.2790468 -16.55348799 46.661189155783539 THA 10
117.9058708 58.02051851 46.661189155783539 AZE 11
207.477649 62.5227877 65.988886540565474 CHN 12
-26.74964497 -60.39102158 33.725036111885203 GAB 13
149.499138 29.11507252 24.848215316316704 PAK 14
20.47083858 -30.75416464 6.9817457725167476 RWA 15
72.27137972 34.59114478 31.994378485495933 SYR 16
25.49076321 -40.70946676 14.533662791564524 ZMB 17
-59.60592362 212.1807468 51.463249564535673 DNK 18
154.6532214 48.37043938 18.471963031155848 NPL 19
-21.91400121 47.69779815 37.381147506716857 TUN 20
16.10640804 -7.146323394 34.908728862583743 EGY 21
182.8839059 73.70841922 32.247302409408611 KGZ 22
157.8887505 18.18169898 18.0267900696076 BGD 23
-28.62451117 25.31117328 45.604572417332243 DZA 24
-11.32090065 -14.47166914 6.9817457725167476 NER 25
145.0345484 38.92979728 13.3690253241415 AFG 26
104.7818341 -119.3444536 13.963491545033495 YEM 27
-162.1161539 59.67173266 48.202706309168761 PRT 28
13.47277307 -30.90976288 4.0309128011760764 COD 29
107.7630093 -32.21813784 110.61165527215444 KWT 30
166.0573029 -32.78540599 23.155831109088059 KHM 31
193.6642127 -50.25819418 35.600057933006831 IDN 32
175.6572344 60.66822876 24.185476807056457 TJK 33
-39.71805413 -17.28029435 8.0618256023521528 SLE 34
69.38105859 56.8184963 52.246601284630053 TUR 35
100.4512833 151.0794484 59.788098835393114 BLR 36
27.14980299 106.4953995 54.2303853935597 HUN 37
26.57709827 52.11188048 44.886345288126989 MKD 38
252.356674 -6.959317507 116.75739150462745 BRN 39
3.184876702 -77.67253918 66.845126620707504 ZAF 40
0.6825688871 -18.55819507 5.7005715521665303 TCD 41
-129.9527293 110.739647 49.859637740709964 FRA 42
36.60479722 -45.43251516 11.401143104333061 MOZ 43
29.27045396 -23.58416228 9.0133950348037999 ETH 44
29.47543001 -18.39142796 10.664792828498646 ERI 45
-108.855657 71.17876996 59.515714280594544 AND 46
-5.790608162 81.73751652 61.924057445565516 BIH 47
-0.1318686558 -49.85316801 19.747359121068413 AGO 48
102.6810775 219.5555833 64.494604818817223 FIN 49
22.47040793 -19.71439972 16.123651204704306 SDN 50
165.095326 37.63228472 38.240596503737549 BTN 51
164.479465 10.69343364 19.747359121068413 MMR 52
223.5824046 115.4452785 125.86521187531538 MNG 53
242.9544908 44.87264147 82.707415764842111 KOR 54
7.896604538 -25.08778301 4.0309128011760764 CAF 55
41.35959186 -3.351626803 61.792723135584602 ISR 56
206.8818468 -0.2711394824 39.08114958652579 VNM 57
-105.4256652 14.47119784 31.994378485495933 MAR 58
62.82805777 15.88481627 47.352503687498427 LBN 59
105.3138471 -88.5190399 102.76851515393882 SAU 60
119.7559352 26.63031184 72.219739832195017 IRN 61
37.21492823 -23.08622805 14.533662791564524 DJI 62
74.04029703 170.9376381 54.529177657061588 LTU 63
189.9671446 160.9252629 79.706140805949801 RUS 64
31.6780037 -52.28445695 20.553703030787766 ZWE 65
-40.83638077 6.485340129 20.553703030787766 MRT 66
15.61475697 -51.74241551 40.309128011760762 BWA 67
202.9394966 -144.823979 147.44547879910303 QAT 68
-46.13225622 -4.213394903 10.664792828498646 GMB 69
149.6454606 7.741512679 32.247302409408611 IND 70
-1.702762089 -22.60721528 12.092738403528228 CMR 71
-38.73226536 -22.12672285 10.664792828498646 LBR 72
-24.61734934 -25.57537115 17.570341550550975 GHA 73
53.66799065 109.12496 46.661189155783539 ROU 74
105.8775103 121.6242043 53.627806853266648 UKR 75
22.37216831 -33.51180115 5.7005715521665303 BDI 76
33.13292512 -29.22083572 13.3690253241415 KEN 77
-34.98343583 -14.59382204 12.092738403528228 GIN 78
29.80235463 -37.00858987 6.9817457725167476 MWI 79
-43.38065343 134.5479047 59.515714280594544 SVN 80
43.89938026 -56.03231549 24.519085349893274 LSO 81
-32.00391129 -21.12382162 15.082294657962107 CIV 82
41.86417117 -21.52989292 4.0309128011760764 SOM 83
19.68016689 -25.45991512 8.0618256023521528 SSD 84
206.9867091 -51.53650196 15.082294657962107 TLS 85
-90.64439423 141.7484213 46.661189155783539 LIE 86
-147.3511301 193.2854189 65.121389272564087 BEL 87
2.497199612 -40.22025814 18.0267900696076 COG 88
27.86303798 -32.76023729 10.664792828498646 TZA 89
-34.30908553 172.5483981 69.467493327264179 CZE 90
188.5965959 -22.6720533 70.396865649395025 MYS 91
8.920322643 129.6788975 57.43166701541135 SVK 92
24.07294922 -29.07722359 8.0618256023521528 UGA 93
227.8795107 75.61585781 25.81043545618887 PRK 94
-115.7909753 168.155836 87.573841876689386 LUX 95
-18.24172005 -16.30110791 18.0267900696076 BEN 96
24.71887445 25.99494588 54.2303853935597 GRC 97
-111.235218 128.1238151 46.834974446907694 CHE 98
-38.34392723 -6.420101045 19.331578679605002 SEN 99
70.60026937 -5.98842519 38.240596503737549 JOR 100
-113.5283645 212.4458339 68.762221321808539 NLD 101
196.6820166 -83.85318059 84.55314024151599 OMN 102
-57.62800246 45.42689496 54.379986740938982 ITA 103
183.9969242 12.32922334 52.246601284630053 LAO 104
96.76078052 43.36840857 34.203429312999177 ARM 105
154.7842028 -61.95382678 94.447306196980293 ARE 106
51.16343644 32.01113811 18.471963031155848 PSE 107
79.40030111 197.3032234 47.352503687498427 SWE 108
73.4479574 101.6996142 27.33898075077996 MDA 109
-137.6430279 76.45813609 51.305143969498772 ESP 110
-9.759189765 -21.1272723 18.906656929110273 NGA 111
3.356858043 32.59921452 30.432724271892816 ALB 112
31.34467558 -63.53991004 22.078218685404735 SWZ 113
94.58117452 91.5499812 38.240596503737549 GEO 114
-7.845452785 4.450404038 65.865657886738958 LBY 115
206.5940253 -42.02500027 20.945237317550244 PNG 116
42.17367003 165.0765795 68.168921005513624 POL 117
-65.93376559 157.6894863 62.835711952650733 AUT 118
208.1346008 29.51785584 49.532685770241244 HKG 119
128.3728797 194.965549 68.049640212460133 EST 120
51.60111969 208.9918292 66.845126620707504 NOR 121
-0.313539314 52.58722214 46.486754193222893 MNE 122
89.61815347 11.53678074 55.415889093467548 IRQ 123
-41.68652646 -13.11976442 9.0133950348037999 GNB 124
-27.37081223 -9.647189962 9.8736795605342067 MLI 125
163.5350247 122.9607029 95.473937511733411 KAZ 126
