-68.52103775 60.99284298 42.72147279023433 HRV 0
70.35875029 79.88202814 21.895351451295877 UZB 1
-7.535531858 51.87525456 37.392440294785203 BGR 2
-48.00890463 -56.54749031 27.039175635771741 GNQ 3
-28.40821313 43.68687596 34.030084707942898 SRB 4
-63.89223361 -36.29850647 11.31719461042784 BFA 5
-54.14303624 -45.49318825 11.473301220733907 TGO 6
57.04992317 88.25435021 28.087905024179275 TKM 7
19.54634295 155.2218263 44.575797561067851 LVA 8
-96.71014517 149.2300275 57.474934860530666 DEU 9
120.0764295 11.31534986 32.120813266559274 THA 10
40.79300962 77.63817585 29.387805238340881 AZE 11
119.7543885 89.49785354 32.560844910971639 CHN 12
-31.22154091 -61.1868835 28.449735573337918 GAB 13
93.37067724 53.47701961 16.738356559039026 PAK 14
-2.547653096 -46.57387552 11.589001302538628 RWA 15
35.52887739 23.26002684 15.92135287631193 SYR 16
6.017157257 -58.15205302 13.956598835819326 ZMB 17
-49.05955698 192.0908093 60.468789735477664 DNK 18
104.2932842 57.78740121 15.32355394130915 NPL 19
-49.30430288 -8.957777411 24.934239455649134 TUN 20
-14.60923608 -16.60762871 26.658206494747144 EGY 21
104.1334083 88.88746865 16.631741738198304 KGZ 22
117.6601333 50.62151551 18.214277711256717 BGD 23
-79.52820941 -16.59351439 25.585649443722815 DZA 24
-56.1219748 -30.11806468 8.6436501594719761 NER 25
86.18217399 63.55037026 10.501912139858691 AFG 26
78.56099733 -42.76682372 8.947027923083489 YEM 27
-192.4657625 44.10400044 44.814598185342291 PRT 28
-9.046017972 -42.57325162 8.0578460948319055 COD 29
75.13676633 -1.867317337 56.617400976279562 KWT 30
135.1466949 9.679485682 15.724611921192242 KHM 31
142.3642235 -28.13303322 26.356215809279057 IDN 32
98.96386981 72.85225489 16.604981074463122 TJK 33
-80.86600279 -42.71293037 9.891311536566894 SLE 34
1.978006266 28.43616796 43.362072328976481 TUR 35
40.04619202 130.7567568 33.794035028366793 BLR 36
-22.22095388 73.18855122 44.565819766301324 HUN 37
-33.87422863 24.04148248 31.05075604439649 MKD 38
172.7773662 -0.6114731318 62.501250086970735 BRN 39
10.99919139 -83.32612532 28.008627685644814 ZAF 40
-38.4424022 -30.19665106 9.0949227014298195 TCD 41
-102.1123958 39.12333636 56.475837590756768 SMR 42
-168.4458756 68.17492026 52.754598197270077 FRA 43
24.92611312 -65.17124904 8.5401296567230958 MOZ 44
7.114401027 -34.55411012 11.966591779564258 ETH 45
9.46410577 -27.97051718 10.244683402439316 ERI 46
-118.8712938 7.502927708 55.674833798851687 AND 47
-42.60074083 58.2409374 30.384788296737526 BIH 48
-12.17246358 -57.19578065 18.189845402859639 AGO 49
27.59017914 189.4534418 54.732284963048919 FIN 50
-15.31549305 -29.6157685 14.701467048304272 SDN 51
112.811793 67.40878272 23.91459467588966 BTN 52
128.3074511 57.12883361 15.265399826618122 MMR 53
125.332117 108.5164794 25.32358398833653 MNG 54
-23.99732109 -38.640081 7.6617769706545751 CAF 55
8.349905292 -8.934224875 50.153037448770512 ISR 56
145.6975069 42.1636295 21.834333167908213 VNM 57
-124.9494933 -26.91415208 21.024986828440454 MAR 58
32.01299442 10.98259601 24.025912242601439 LBN 59
61.08904865 -33.40217269 52.847246241850243 SAU 60
61.07172746 34.75155462 28.056220970073944 IRN 61
22.34054709 -31.85335379 17.440968232711608 DJI 62
14.88802187 126.7570251 47.931358821127766 LTU 63
69.34023606 141.5193698 40.564245478884196 RUS 64
12.38696455 -66.41568342 15.17775087349785 ZWE 65
-93.65557896 -14.0447329 17.542665702391201 MRT 66
-2.139040727 -69.92012132 31.321697741705524 BWA 67
96.77499855 -61.75078442 72.649279079338811 QAT 68
-94.01605896 -23.18327013 11.473301220733907 GMB 69
105.3050029 40.14613071 19.983921199787819 IND 70
-36.3217384 -46.20346048 14.821972892424723 CMR 71
-75.14637726 -49.73245642 8.8470579929565893 LBR 72
-61.42882926 -51.57904739 18.648586388090393 GHA 73
3.648293174 81.62596111 42.648542531096972 ROU 74
39.64156279 111.0518089 28.340102273155335 UKR 75
1.869563796 -51.81207508 6.6687208775344793 BDI 76
13.01780466 -41.371016 16.470525573552042 KEN 77
-82.58503647 -35.7491847 12.260294161296828 GIN 78
17.70961972 -60.54808488 9.43099550868987 MWI 79
-63.35712327 89.08170195 49.068373898398285 SVN 80
21.08631568 -75.14867849 12.792824721861408 LSO 81
-69.44021844 -43.5205346 17.769357073667468 CIV 82
26.40851578 -38.81650534 7.8339732343556454 SOM 83
-9.797264961 -37.26962284 6.8007875770503823 SSD 84
155.8585662 -30.90910277 16.443502543746042 TLS 85
-109.1884034 85.97525977 94.309955086898682 LIE 86
-170.8398392 146.9122759 56.286532574579084 BEL 87
-22.00262732 -52.00598041 13.237032986334555 COG 88
10.11474394 -50.38160153 12.688106796355417 TZA 89
-42.79096617 121.4855556 48.448153908681213 CZE 90
140.8702983 -7.084640929 40.18976438515535 MYS 91
-23.43825624 100.5237152 43.115227406973105 SVK 92
4.632192949 -45.13702501 11.511997118855765 UGA 93
-156.8806831 109.2229971 71.607282715001318 LUX 94
-55.84833355 -37.37437267 14.364864391320722 BEN 95
-19.47201299 6.348780802 41.912260815032838 GRC 96
-139.0768911 46.76766788 63.678428072855958 CHE 97
-86.8232733 -27.37963398 14.24049093007811 SEN 98
31.44513199 -4.392741386 24.520588322593657 JOR 99
-132.841695 145.2305529 58.235919987103522 NLD 100
127.817409 -43.80929406 40.487429579206825 OMN 101
-82.13603503 12.09992455 50.944837559798081 ITA 102
132.5870107 46.39756461 21.588535469851241 LAO 103
29.90267456 61.61978892 28.230043207777054 ARM 104
109.9689939 -16.80098339 61.569306340608151 ARE 105
18.12204829 10.78856695 19.961654985408391 PSE 106
-6.898400165 182.5637888 57.451717354085211 SWE 107
15.53013213 101.464134 30.016652724218364 MDA 108
-167.8763666 26.96286588 48.199676602258769 ESP 109
-44.95822751 -41.02129518 17.028105728144482 NGA 110
-42.22870843 6.910760622 29.25129340492505 ALB 111
31.01315896 -79.68548248 21.56792588475248 SWZ 112
32.58116089 93.89513883 29.808510967279723 GEO 113
-32.08791736 -12.45261961 30.472479065784146 LBY 114
153.5856962 -21.00880268 15.58256192857435 PNG 115
-14.20508842 127.3019167 44.735139615417445 POL 116
-75.66395439 119.776132 56.993184311157663 AUT 117
171.934004 48.26091829 61.583750752851607 HKG 118
47.08685403 163.8800026 48.005527312409534 EST 119
-32.82508511 155.4570597 62.586576065385223 NOR 120
-54.64731179 23.76762581 35.526198311712655 MNE 121
48.17657184 24.22309454 24.593027441482548 IRQ 122
-89.75814458 -34.79656537 10.752989313228532 GNB 123
-76.05828601 -31.67795012 11.35642243900544 MLI 124
59.07023512 118.4677748 38.08767990055555 KAZ 125
