-83.43043229 34.04642245 42.72147279023433 HRV 0
64.65927101 81.10882665 21.895351451295877 UZB 1
-9.789308779 58.59154565 37.392440294785203 BGR 2
-60.90763639 -71.87419568 27.039175635771741 GNQ 3
-31.00815087 43.31089544 34.030084707942898 SRB 4
-74.48129605 -45.59328481 11.31719461042784 BFA 5
-64.04205165 -58.3167239 11.473301220733907 TGO 6
50.29919132 91.44822497 28.087905024179275 TKM 7
33.66029373 151.9431876 44.575797561067851 LVA 8
-102.511691 174.0020677 57.474934860530666 DEU 9
116.202603 16.93684194 32.120813266559274 THA 10
38.05917815 75.1931463 29.387805238340881 AZE 11
115.0530523 95.44858694 32.560844910971639 CHN 12
-41.52560547 -75.12920117 28.449735573337918 GAB 13
88.98490136 59.7238901 16.738356559039026 PAK 14
-13.35490166 -52.26596051 11.589001302538628 RWA 15
31.17764998 22.66769349 15.92135287631193 SYR 16
-1.189697286 -65.46385658 13.956598835819326 ZMB 17
-56.55927659 220.7673836 60.468789735477664 DNK 18
100.1493769 61.80191011 15.32355394130915 NPL 19
-78.91394338 -6.980262745 24.934239455649134 TUN 20
-11.52817416 -29.09057626 26.658206494747144 EGY 21
97.85517521 90.062272 16.631741738198304 KGZ 22
110.9190151 56.78785427 18.214277711256717 BGD 23
-89.28697316 -22.87919257 25.585649443722815 DZA 24
-63.2532957 -41.72399312 8.6436501594719761 NER 25
81.08570555 70.3313584 10.501912139858691 AFG 26
78.91113612 -45.82560216 8.947027923083489 YEM 27
-217.1689929 43.73823088 44.814598185342291 PRT 28
-19.75874196 -54.98879953 8.0578460948319055 COD 29
71.10305189 4.260535438 56.617400976279562 KWT 30
134.7437994 16.29870708 15.724611921192242 KHM 31
141.2947246 -29.01205956 26.356215809279057 IDN 32
94.75170511 78.61838119 16.604981074463122 TJK 33
-92.47771725 -49.95846644 9.891311536566894 SLE 34
-0.7668086106 31.45441398 43.362072328976481 TUR 35
27.4424469 124.9213738 33.794035028366793 BLR 36
-36.18527003 70.6541706 44.565819766301324 HUN 37
-25.95508464 16.45285748 31.05075604439649 MKD 38
175.9076535 -0.8604352566 62.501250086970735 BRN 39
-4.254817855 -100.0373148 28.008627685644814 ZAF 40
-45.66331213 -44.01087921 9.0949227014298195 TCD 41
-109.993184 76.09141632 56.475837590756768 SMR 42
-189.3932817 106.1801298 52.754598197270077 FRA 43
15.86237447 -69.54384615 8.5401296567230958 MOZ 44
-2.730752839 -39.72227878 11.966591779564258 ETH 45
1.092582686 -32.78038824 10.244683402439316 ERI 46
-146.251554 15.30425802 55.674833798851687 AND 47
-52.04263606 34.46115831 30.384788296737526 BIH 48
-18.89510156 -64.98928332 18.189845402859639 AGO 49
6.062534013 214.6659096 54.732284963048919 FIN 50
-22.91441142 -38.8321424 14.701467048304272 SDN 51
108.5367097 73.06883166 23.91459467588966 BTN 52
121.1465961 63.79154035 15.265399826618122 MMR 53
115.997674 116.5001813 25.32358398833653 MNG 54
-30.67532017 -51.49285598 7.6617769706545751 CAF 55
-1.283649999 -3.885490861 50.153037448770512 ISR 56
140.2043599 47.38844101 21.834333167908213 VNM 57
-135.5102515 -28.85420227 21.024986828440454 MAR 58
19.528009 14.64634503 24.025912242601439 LBN 59
52.91358829 -33.7995876 52.847246241850243 SAU 60
57.90981283 41.12110467 28.056220970073944 IRN 61
12.2131969 -31.69816898 17.440968232711608 DJI 62
1.421288457 146.0977164 47.931358821127766 LTU 63
61.78600515 140.9948433 40.564245478884196 RUS 64
8.504231402 -74.20577608 15.17775087349785 ZWE 65
-104.5170231 -23.9799608 17.542665702391201 MRT 66
-9.226700641 -79.61918077 31.321697741705524 BWA 67
93.2118264 -70.94131094 72.649279079338811 QAT 68
-109.2170338 -33.11517067 11.473301220733907 GMB 69
99.64148568 46.56770119 19.983921199787819 IND 70
-44.76972503 -53.97729557 14.821972892424723 CMR 71
-91.30573971 -56.51541504 8.8470579929565893 LBR 72
-74.23603322 -62.69218145 18.648586388090393 GHA 73
-6.284591232 88.07864029 42.648542531096972 ROU 74
29.15784614 102.9886698 28.340102273155335 UKR 75
-7.805071995 -58.85973452 6.6687208775344793 BDI 76
4.825070532 -46.39503591 16.470525573552042 KEN 77
-93.05746844 -42.13349022 12.260294161296828 GIN 78
9.068012644 -65.50727282 9.43099550868987 MWI 79
-73.51895939 67.96420495 49.068373898398285 SVN 80
17.73290552 -79.36267427 12.792824721861408 LSO 81
-82.60517748 -52.87571319 17.769357073667468 CIV 82
16.56455626 -39.52178023 7.8339732343556454 SOM 83
-17.9545581 -44.62682448 6.8007875770503823 SSD 84
156.1929826 -32.14139181 16.443502543746042 TLS 85
-127.8416607 126.6167806 94.309955086898682 LIE 86
-192.753834 215.0444805 56.286532574579084 BEL 87
-29.01681232 -60.35810339 13.237032986334555 COG 88
0.9474391814 -56.27040175 12.688106796355417 TZA 89
-80.24897233 143.6174378 48.448153908681213 CZE 90
139.7465724 -4.780450151 40.18976438515535 MYS 91
-42.25874504 101.0949906 43.115227406973105 SVK 92
-5.331614001 -50.43520372 11.511997118855765 UGA 93
-176.4258213 172.8081372 71.607282715001318 LUX 94
-66.23312822 -49.4303921 14.364864391320722 BEN 95
-35.00641217 -8.859516865 41.912260815032838 GRC 96
-157.9792525 79.49526099 63.678428072855958 CHE 97
-99.78646943 -34.58145578 14.24049093007811 SEN 98
22.49928869 -15.6258939 24.520588322593657 JOR 99
-135.7311752 211.212031 58.235919987103522 NLD 100
127.514666 -49.58288071 40.487429579206825 OMN 101
-116.5243059 38.56693472 50.944837559798081 ITA 102
125.0540889 51.33547941 21.588535469851241 LAO 103
26.23228161 58.49149128 28.230043207777054 ARM 104
106.2598322 -18.97536217 61.569306340608151 ARE 105
24.84725132 -0.001680487616 19.961654985408391 PSE 106
-13.71305089 180.2178187 57.451717354085211 SWE 107
9.260177205 108.5796561 30.016652724218364 MDA 108
-182.4090457 22.06113793 48.199676602258769 ESP 109
-55.07894474 -49.27928112 17.028105728144482 NGA 110
-60.12775227 -10.91504691 29.25129340492505 ALB 111
25.19199337 -88.98178563 21.56792588475248 SWZ 112
19.44989522 84.83156933 29.808510967279723 GEO 113
-49.83285121 -30.63160033 30.472479065784146 LBY 114
153.3154184 -20.28530285 15.58256192857435 PNG 115
-16.59588528 118.6634009 44.735139615417445 POL 116
-77.66499354 105.364961 56.993184311157663 AUT 117
171.8570071 48.53439067 61.583750752851607 HKG 118
24.83841376 183.5208516 48.005527312409534 EST 119
-41.13656861 147.7379313 62.586576065385223 NOR 120
-58.2655452 11.95397396 35.526198311712655 MNE 121
44.3690265 28.30379926 24.593027441482548 IRQ 122
-101.1252297 -43.35612257 10.752989313228532 GNB 123
-83.2198298 -42.55338036 11.35642243900544 MLI 124
52.35898764 114.7870709 38.08767990055555 KAZ 125
