-80.473469 34.39460263 42.72147279023433 HRV 0
64.97157077 81.40518542 21.895351451295877 UZB 1
-9.689132097 58.54137438 37.392440294785203 BGR 2
-60.92039771 -71.87696773 27.039175635771741 GNQ 3
-30.92997763 43.32999103 34.030084707942898 SRB 4
-74.48136832 -45.59344855 11.31719461042784 BFA 5
-64.03985785 -58.31215311 11.473301220733907 TGO 6
50.60440556 91.7426401 28.087905024179275 TKM 7
33.92852595 152.2449288 44.575797561067851 LVA 8
-102.2633541 174.4353655 57.474934860530666 DEU 9
116.202603 16.93684194 32.120813266559274 THA 10
38.31963485 75.51327144 29.387805238340881 AZE 11
115.0530523 95.44858694 32.560844910971639 CHN 12
-41.54204589 -75.13540677 28.449735573337918 GAB 13
88.98095802 59.73034532 16.738356559039026 PAK 14
-13.35597803 -52.26452928 11.589001302538628 RWA 15
31.19545664 22.66919887 15.92135287631193 SYR 16
-1.192903875 -65.46205166 13.956598835819326 ZMB 17
-56.55927659 220.7673836 60.468789735477664 DNK 18
100.1453966 61.79685714 15.32355394130915 NPL 19
-78.90784504 -6.990303252 24.934239455649134 TUN 20
-11.52440587 -29.08732979 26.658206494747144 EGY 21
97.85517521 90.062272 16.631741738198304 KGZ 22
110.9125339 56.78435932 18.214277711256717 BGD 23
-89.27374793 -22.87541008 25.585649443722815 DZA 24
-63.2532957 -41.72399312 8.6436501594719761 NER 25
81.29288368 70.77822179 10.501912139858691 AFG 26
78.91023462 -45.8232782 8.947027923083489 YEM 27
-217.1689929 43.73823088 44.814598185342291 PRT 28
-19.75762698 -54.989627 8.0578460948319055 COD 29
71.10305189 4.260535438 56.617400976279562 KWT 30
134.7437994 16.29870708 15.724611921192242 KHM 31
141.293716 -29.0070168 26.356215809279057 IDN 32
94.75170511 78.61838119 16.604981074463122 TJK 33
-92.47659975 -49.95778795 9.891311536566894 SLE 34
-0.6661014219 31.40399191 43.362072328976481 TUR 35
27.71844688 125.1964359 33.794035028366793 BLR 36
-35.92852448 70.94082973 44.565819766301324 HUN 37
-25.95508464 16.45285748 31.05075604439649 MKD 38
175.9071223 -0.8422634358 62.501250086970735 BRN 39
-4.265398106 -100.019365 28.008627685644814 ZAF 40
-45.66305268 -44.01180047 9.0949227014298195 TCD 41
-110.1579362 76.512101 56.475837590756768 SMR 42
-189.1266676 106.5741319 52.754598197270077 FRA 43
15.86237447 -69.54384615 8.5401296567230958 MOZ 44
-2.730752839 -39.72227878 11.966591779564258 ETH 45
1.092582686 -32.78038824 10.244683402439316 ERI 46
-146.1124861 15.70457971 55.674833798851687 AND 47
-51.93677892 34.43818664 30.384788296737526 BIH 48
-18.89483917 -64.97594442 18.189845402859639 AGO 49
6.330566501 214.9794869 54.732284963048919 FIN 50
-22.91441142 -38.8321424 14.701467048304272 SDN 51
108.5367097 73.06883166 23.91459467588966 BTN 52
121.1488655 63.79366815 15.265399826618122 MMR 53
115.997674 116.5001813 25.32358398833653 MNG 54
-30.67532017 -51.49285598 7.6617769706545751 CAF 55
-1.280750942 -3.888263211 50.153037448770512 ISR 56
140.2043599 47.38844101 21.834333167908213 VNM 57
-135.4961503 -28.87824877 21.024986828440454 MAR 58
19.5439365 14.64596987 24.025912242601439 LBN 59
52.91358829 -33.7995876 52.847246241850243 SAU 60
57.99863005 41.09535469 28.056220970073944 IRN 61
12.21266836 -31.70175819 17.440968232711608 DJI 62
1.692295936 146.4223271 47.931358821127766 LTU 63
62.03426188 141.3219702 40.564245478884196 RUS 64
8.501746068 -74.20597285 15.17775087349785 ZWE 65
-104.5080421 -23.96438044 17.542665702391201 MRT 66
-9.226475352 -79.60278518 31.321697741705524 BWA 67
93.19687432 -70.94048318 72.649279079338811 QAT 68
-109.2209055 -33.09526188 11.473301220733907 GMB 69
99.64148568 46.56770119 19.983921199787819 IND 70
-44.76972503 -53.97729557 14.821972892424723 CMR 71
-91.3055523 -56.5152285 8.8470579929565893 LBR 72
-74.2342835 -62.68399351 18.648586388090393 GHA 73
-6.098013174 88.49634619 42.648542531096972 ROU 74
29.4223108 103.2586154 28.340102273155335 UKR 75
-7.805071995 -58.85973452 6.6687208775344793 BDI 76
4.825070532 -46.39503591 16.470525573552042 KEN 77
-93.05670258 -42.13476019 12.260294161296828 GIN 78
9.066778271 -65.50957526 9.43099550868987 MWI 79
-73.78764789 67.89883412 49.068373898398285 SVN 80
17.73563334 -79.3652705 12.792824721861408 LSO 81
-82.61011284 -52.87721143 17.769357073667468 CIV 82
16.56535091 -39.52279925 7.8339732343556454 SOM 83
-17.9545581 -44.62682448 6.8007875770503823 SSD 84
156.1929826 -32.14139181 16.443502543746042 TLS 85
-127.5586842 127.0131032 94.309955086898682 LIE 86
-192.8320994 215.5309924 56.286532574579084 BEL 87
-29.01437197 -60.3442324 13.237032986334555 COG 88
0.946330916 -56.2720876 12.688106796355417 TZA 89
-80.02075649 144.2022561 48.448153908681213 CZE 90
139.7564096 -4.791232656 40.18976438515535 MYS 91
-42.00435131 101.3901866 43.115227406973105 SVK 92
-5.32835496 -50.43480575 11.511997118855765 UGA 93
-176.4298887 173.02915 71.607282715001318 LUX 94
-66.23401015 -49.42692693 14.364864391320722 BEN 95
-35.00089611 -8.873625311 41.912260815032838 GRC 96
-157.7034349 79.88426197 63.678428072855958 CHE 97
-99.78646943 -34.58145578 14.24049093007811 SEN 98
22.49928869 -15.6258939 24.520588322593657 JOR 99
-135.7311752 211.212031 58.235919987103522 NLD 100
127.514666 -49.58288071 40.487429579206825 OMN 101
-116.3878386 38.98540869 50.944837559798081 ITA 102
125.0512616 51.33973206 21.588535469851241 LAO 103
26.41618316 58.93805464 28.230043207777054 ARM 104
106.2598322 -18.97536217 61.569306340608151 ARE 105
24.84470713 -0.001655147689 19.961654985408391 PSE 106
-13.4640068 180.5368399 57.451717354085211 SWE 107
9.412276738 109.0298993 30.016652724218364 MDA 108
-182.3380853 22.09117139 48.199676602258769 ESP 109
-55.07894474 -49.27928112 17.028105728144482 NGA 110
-60.1211576 -10.897837 29.25129340492505 ALB 111
25.1956247 -88.97836589 21.56792588475248 SWZ 112
19.68818043 85.11591623 29.808510967279723 GEO 113
-49.83515323 -30.63517535 30.472479065784146 LBY 114
153.3140922 -20.28444859 15.58256192857435 PNG 115
-16.3751527 119.0272323 44.735139615417445 POL 116
-77.7028207 105.2671378 56.993184311157663 AUT 117
171.8570071 48.53439067 61.583750752851607 HKG 118
25.12021481 183.8236601 48.005527312409534 EST 119
-40.89431045 148.0676338 62.586576065385223 NOR 120
-58.24376253 11.96551626 35.526198311712655 MNE 121
44.37753511 28.3328707 24.593027441482548 IRQ 122
-101.1252297 -43.35612257 10.752989313228532 GNB 123
-83.2198298 -42.55338036 11.35642243900544 MLI 124
52.67101969 115.0869944 38.08767990055555 KAZ 125
