15.99483794 44.71428438 42.72147279023433 HRV 0
63.99340152 41.41258567 21.895351451295877 UZB 1
24.98502608 43.38512751 37.392440294785203 BGR 2
10.12205228 2.411819705 27.039175635771741 GNQ 3
20.98740685 44.06357328 34.030084707942898 SRB 4
-2.232130075 12.41670573 11.31719461042784 BFA 5
1.24650387 8.40860079 11.473301220733907 TGO 6
59.80680109 39.70378043 28.087905024179275 TKM 7
25.1955374 56.8962786 44.575797561067851 LVA 8
8.537801674 51.15908128 57.474934860530666 DEU 9
100.5396781 15.07655744 32.120813266559274 THA 10
47.2101684 40.76223306 29.387805238340881 AZE 11
104.8700326 34.95820523 32.560844910971639 CHN 12
11.53360104 -0.826106468 28.449735573337918 GAB 13
69.67724716 30.43115799 16.738356559039026 PAK 14
30.05901017 -2.009988293 11.589001302538628 RWA 15
38.21617253 34.77409709 15.92135287631193 SYR 16
30.00335011 -14.80949693 13.956598835819326 ZMB 17
10.52008478 56.90386442 60.468789735477664 DNK 18
84.05693245 27.5312534 15.32355394130915 NPL 19
8.958973883 33.46125942 24.934239455649134 TUN 20
30.43371489 26.99668431 26.658206494747144 EGY 21
75.22016316 40.8666278 16.631741738198304 KGZ 22
90.4526854 24.41603791 18.214277711256717 BGD 23
2.534636015 28.0106145 25.585649443722815 DZA 24
7.758313145 15.81885246 8.6436501594719761 NER 25
64.67072798 32.3740371 10.501912139858691 AFG 26
48.59503074 15.04679657 8.947027923083489 YEM 27
-7.490345264 39.55446232 44.814598185342291 PRT 28
24.69643897 0.141687945 8.0578460948319055 COD 29
47.85857745 28.54735395 56.617400976279562 KWT 30
105.0636425 12.93262693 15.724611921192242 KHM 31
119.9630911 -4.912130468 26.356215809279057 IDN 32
70.87518472 38.96145834 16.604981074463122 TJK 33
-11.68735732 8.546852557 9.891311536566894 SLE 34
35.30621231 39.30363003 43.362072328976481 TUR 35
28.0704329 52.91866592 33.794035028366793 BLR 36
19.98010619 47.14178649 44.565819766301324 HUN 37
22.17737893 42.1433841 31.05075604439649 MKD 38
114.5198592 4.293560312 62.501250086970735 BRN 39
23.61270669 -28.78502508 28.008627685644814 ZAF 40
18.66451538 15.04068608 9.0949227014298195 TCD 41
12.01975428 44.1977093 56.475837590756768 SMR 42
2.079334637 46.4879799 52.754598197270077 FRA 43
34.78016999 -17.98903137 8.5401296567230958 MOZ 44
37.55643531 7.501257948 11.966591779564258 ETH 45
39.00042413 15.27432941 10.244683402439316 ERI 46
1.557583429 42.48232606 55.674833798851687 AND 47
17.88121733 43.85249399 30.384788296737526 BIH 48
18.78170866 -12.12701318 18.189845402859639 AGO 49
25.80103426 64.4135273 54.732284963048919 FIN 50
29.75641663 14.92379379 14.701467048304272 SDN 51
90.66836347 27.53511096 23.91459467588966 BTN 52
97.41802982 21.98015244 15.265399826618122 MMR 53
105.6659069 46.26417577 25.32358398833653 MNG 54
21.07048027 7.423462775 7.6617769706545751 CAF 55
34.23688639 31.41012157 50.153037448770512 ISR 56
106.1016682 15.85966963 21.834333167908213 VNM 57
-4.531147139 32.43211889 21.024986828440454 MAR 58
35.45713102 33.6667435 24.025912242601439 LBN 59
45.21126182 24.96208847 52.847246241850243 SAU 60
52.3889279 31.97157851 28.056220970073944 IRN 61
42.73506033 10.91183896 17.440968232711608 DJI 62
23.6019912 55.6503497 47.931358821127766 LTU 63
99.6886417 60.60546302 40.564245478884196 RUS 64
29.97978934 -20.10850942 15.17775087349785 ZWE 65
-12.17034099 20.02292715 17.542665702391201 MRT 66
23.81527819 -21.75036485 31.321697741705524 BWA 67
51.42707324 25.32477629 72.649279079338811 QAT 68
-16.9745232 14.0585414 11.473301220733907 GMB 69
76.36719137 20.3353975 19.983921199787819 IND 70
12.39451953 5.900359031 14.821972892424723 CMR 71
-9.864819523 6.605899451 8.8470579929565893 LBR 72
-1.866602873 8.174099124 18.648586388090393 GHA 73
25.2426251 45.95966675 42.648542531096972 ROU 74
31.81452513 49.15659457 28.340102273155335 UKR 75
29.95085703 -3.975000095 6.6687208775344793 BDI 76
38.00944968 0.848279928 16.470525573552042 KEN 77
-9.616458453 11.6606708 12.260294161296828 GIN 78
34.08787821 -13.81133929 9.43099550868987 MWI 79
15.12867326 46.49147905 49.068373898398285 SVN 80
28.29788412 -29.38093535 12.792824721861408 LSO 81
-4.839839113 7.922535165 17.769357073667468 CIV 82
49.04740345 10.03449056 7.8339732343556454 SOM 83
29.70069321 8.008222479 6.8007875770503823 SSD 84
125.8729969 -8.146308331 16.443502543746042 TLS 85
10.26773832 47.5201061 94.309955086898682 LIE 86
3.697968711 50.89771771 56.286532574579084 BEL 87
14.94128228 -0.787891676 13.237032986334555 COG 88
34.56263622 -6.386119952 12.688106796355417 TZA 89
15.4510377 49.90429623 48.448153908681213 CZE 90
112.5282389 2.551632228 40.18976438515535 MYS 91
19.15911005 48.81093935 43.115227406973105 SVK 92
32.08850412 0.6287693415 11.511997118855765 UGA 93
6.15552771 49.83168977 71.607282715001318 LUX 94
1.837440387 9.271357257 14.364864391320722 BEN 95
22.12281831 38.99854945 41.912260815032838 GRC 96
6.788302624 46.97669789 63.678428072855958 CHE 97
-13.78202359 14.15895757 14.24049093007811 SEN 98
36.71992523 30.76313 24.520588322593657 JOR 99
6.243356885 52.55683794 58.235919987103522 NLD 100
56.31623574 20.87053456 40.487429579206825 OMN 101
12.50925241 41.89210382 50.944837559798081 ITA 102
104.4413133 18.14983684 21.588535469851241 LAO 103
44.86787482 40.11434399 28.230043207777054 ARM 104
53.94313355 23.81718377 61.569306340608151 ARE 105
35.52183711 32.54836802 19.961654985408391 PSE 106
14.58859212 61.74650081 57.451717354085211 SWE 107
28.85941474 47.46764983 30.016652724218364 MDA 108
-4.622577869 40.12741816 48.199676602258769 ESP 109
7.715573535 10.11578446 17.028105728144482 NGA 110
19.70830655 40.94567289 29.25129340492505 ALB 111
30.87719889 -26.36975412 21.56792588475248 SWZ 112
43.43572591 42.27006903 29.808510967279723 GEO 113
16.02119936 24.98675932 30.472479065784146 LBY 114
146.7524723 -6.359075749 15.58256192857435 PNG 115
19.928569 52.22617259 44.735139615417445 POL 116
13.40549966 47.96449673 56.993184311157663 AUT 117
114.1558315 21.96364497 61.583750752851607 HKG 118
26.24462993 58.53488691 48.005527312409534 EST 119
9.908991404 61.63006118 62.586576065385223 NOR 120
18.846935 42.0812663 35.526198311712655 MNE 121
43.94634588 33.09833254 24.593027441482548 IRQ 122
-14.89747537 11.90019849 10.752989313228532 GNB 123
-3.830850444 16.60855542 11.35642243900544 MLI 124
68.2193248 47.97231142 38.08767990055555 KAZ 125
