-86.29246575 28.12475871 42.72147279023433 HRV 0
67.38147557 86.87802283 21.895351451295877 UZB 1
-10.87308806 56.83878201 37.392440294785203 BGR 2
-60.58669777 -71.44839027 27.039175635771741 GNQ 3
-31.39978381 42.28364172 34.030084707942898 SRB 4
-74.55133607 -45.34159555 11.31719461042784 BFA 5
-64.29851317 -58.23237867 11.473301220733907 TGO 6
53.05093943 97.08685799 28.087905024179275 TKM 7
37.80866853 157.2408378 44.575797561067851 LVA 8
-98.50328022 178.6818464 57.474934860530666 DEU 9
116.1740842 17.13136674 32.120813266559274 THA 10
40.51276932 81.26515628 29.387805238340881 AZE 11
114.8930894 95.6410771 32.560844910971639 CHN 12
-41.30478628 -74.77790339 28.449735573337918 GAB 13
88.87387396 59.86747987 16.738356559039026 PAK 14
-12.88704905 -53.10282795 11.589001302538628 RWA 15
31.9512172 23.23891954 15.92135287631193 SYR 16
-1.164213685 -65.11982237 13.956598835819326 ZMB 17
-56.92881014 220.6723816 60.468789735477664 DNK 18
100.0399384 61.93031725 15.32355394130915 NPL 19
-78.26713439 -7.207281861 24.934239455649134 TUN 20
-11.19704979 -28.57689877 26.658206494747144 EGY 21
97.70343705 90.26013798 16.631741738198304 KGZ 22
110.8919874 57.11166067 18.214277711256717 BGD 23
-88.74018417 -24.77464178 25.585649443722815 DZA 24
-63.32825734 -41.83015533 8.6436501594719761 NER 25
81.08597622 71.32711609 10.501912139858691 AFG 26
78.95296579 -45.71472012 8.947027923083489 YEM 27
-217.241916 43.37458125 44.814598185342291 PRT 28
-19.48971545 -55.2664178 8.0578460948319055 COD 29
71.09581917 4.379571505 56.617400976279562 KWT 30
134.716323 16.52427479 15.724611921192242 KHM 31
141.3087108 -28.68068973 26.356215809279057 IDN 32
94.61630172 78.79239305 16.604981074463122 TJK 33
-92.15015158 -50.10846846 9.891311536566894 SLE 34
-1.608085438 29.67880021 43.362072328976481 TUR 35
31.92973198 130.5035811 33.794035028366793 BLR 36
-32.4354624 76.06160436 44.565819766301324 HUN 37
-25.38233407 18.35004413 31.05075604439649 MKD 38
175.873846 -0.6426969339 62.501250086970735 BRN 39
-4.129468001 -99.93252583 28.008627685644814 ZAF 40
-45.67245707 -43.50353198 9.0949227014298195 TCD 41
-110.7252177 79.40696353 56.475837590756768 SMR 42
-186.6182988 112.4333754 52.754598197270077 FRA 43
15.9357106 -69.502503 8.5401296567230958 MOZ 44
-2.746101084 -39.69590311 11.966591779564258 ETH 45
1.187498356 -32.78889214 10.244683402439316 ERI 46
-145.2072298 15.80204829 55.674833798851687 AND 47
-53.68972107 37.77948044 30.384788296737526 BIH 48
-18.8347193 -65.02961086 18.189845402859639 AGO 49
9.877517436 219.3849973 54.732284963048919 FIN 50
-22.89457968 -38.76765373 14.701467048304272 SDN 51
108.4142245 73.25044341 23.91459467588966 BTN 52
120.8794109 64.05729602 15.265399826618122 MMR 53
115.8024646 116.6942235 25.32358398833653 MNG 54
-30.75933372 -51.0509928 7.6617769706545751 CAF 55
0.1053468939 -3.658748358 50.153037448770512 ISR 56
140.2370721 47.65708863 21.834333167908213 VNM 57
-134.9821667 -30.39271179 21.024986828440454 MAR 58
19.96375936 15.44471906 24.025912242601439 LBN 59
53.07696685 -33.74003332 52.847246241850243 SAU 60
60.03791634 42.21726573 28.056220970073944 IRN 61
12.23640985 -31.71506731 17.440968232711608 DJI 62
4.754387822 150.9678807 47.931358821127766 LTU 63
65.48611161 146.5789727 40.564245478884196 RUS 64
8.76152585 -74.12343688 15.17775087349785 ZWE 65
-104.3793471 -24.36860757 17.542665702391201 MRT 66
-8.306628971 -79.40854688 31.321697741705524 BWA 67
93.55387905 -70.65375528 72.649279079338811 QAT 68
-109.2837498 -33.37346918 11.473301220733907 GMB 69
99.56338153 46.73445753 19.983921199787819 IND 70
-44.70142626 -53.9970374 14.821972892424723 CMR 71
-91.5275205 -56.80493369 8.8470579929565893 LBR 72
-74.39644134 -63.14590461 18.648586388090393 GHA 73
-3.605833797 88.73465228 42.648542531096972 ROU 74
32.63739769 108.7109532 28.340102273155335 UKR 75
-7.706517004 -58.87271942 6.6687208775344793 BDI 76
4.861191651 -46.28927372 16.470525573552042 KEN 77
-92.93237426 -42.26600018 12.260294161296828 GIN 78
9.288190272 -65.43249014 9.43099550868987 MWI 79
-74.14207332 69.89313038 49.068373898398285 SVN 80
17.9825283 -79.30562431 12.792824721861408 LSO 81
-82.78252414 -53.38458342 17.769357073667468 CIV 82
16.6513622 -39.50796431 7.8339732343556454 SOM 83
-17.89390244 -44.46488612 6.8007875770503823 SSD 84
156.2465754 -31.87984559 16.443502543746042 TLS 85
-124.6154355 132.2957801 94.309955086898682 LIE 86
-193.074645 215.6710315 56.286532574579084 BEL 87
-28.87119358 -60.32372453 13.237032986334555 COG 88
1.244581489 -55.93870572 12.688106796355417 TZA 89
-76.11964937 146.445271 48.448153908681213 CZE 90
139.7512949 -4.734158701 40.18976438515535 MYS 91
-38.66971294 106.3251574 43.115227406973105 SVK 92
-5.216857095 -50.36520621 11.511997118855765 UGA 93
-176.7193301 172.7335253 71.607282715001318 LUX 94
-66.42525133 -49.35666414 14.364864391320722 BEN 95
-32.70467499 -6.350175702 41.912260815032838 GRC 96
-155.2569916 86.07166381 63.678428072855958 CHE 97
-99.82718042 -34.69337192 14.24049093007811 SEN 98
23.91146152 -14.94081055 24.520588322593657 JOR 99
-136.0846001 210.9844914 58.235919987103522 NLD 100
127.5974998 -49.36932382 40.487429579206825 OMN 101
-117.9645629 41.82616322 50.944837559798081 ITA 102
125.0531688 51.70654107 21.588535469851241 LAO 103
26.74470793 59.8467891 28.230043207777054 ARM 104
106.2914521 -18.79743341 61.569306340608151 ARE 105
24.97352576 0.7582919061 19.961654985408391 PSE 106
-10.00473759 185.4484345 57.451717354085211 SWE 107
11.4231422 110.5884789 30.016652724218364 MDA 108
-181.4875285 20.88252748 48.199676602258769 ESP 109
-55.0095113 -49.36821384 17.028105728144482 NGA 110
-57.70315533 -8.068015594 29.25129340492505 ALB 111
25.27332802 -88.99662753 21.56792588475248 SWZ 112
22.14500203 91.2646119 29.808510967279723 GEO 113
-49.94659776 -30.18474476 30.472479065784146 LBY 114
153.3729229 -20.02285471 15.58256192857435 PNG 115
-12.88257798 123.1729028 44.735139615417445 POL 116
-76.20394227 107.7096647 56.993184311157663 AUT 117
171.775509 48.82204881 61.583750752851607 HKG 118
28.77205578 188.3047086 48.005527312409534 EST 119
-37.49099616 153.1884036 62.586576065385223 NOR 120
-55.95847102 14.73556939 35.526198311712655 MNE 121
45.74744504 28.91336038 24.593027441482548 IRQ 122
-100.9739092 -43.51969918 10.752989313228532 GNB 123
-83.25690703 -42.89821472 11.35642243900544 MLI 124
55.13660729 120.6512295 38.08767990055555 KAZ 125
