-80.61634221 34.33379207 42.72147279023433 HRV 0
64.98737331 81.43041469 21.895351451295877 UZB 1
-9.703077449 58.48103838 37.392440294785203 BGR 2
-60.92001404 -71.87495765 27.039175635771741 GNQ 3
-30.93169452 43.33024474 34.030084707942898 SRB 4
-74.48057771 -45.59380152 11.31719461042784 BFA 5
-64.03985785 -58.31215311 11.473301220733907 TGO 6
50.61790937 91.75540713 28.087905024179275 TKM 7
33.9757463 152.2202089 44.575797561067851 LVA 8
-102.1944966 174.460496 57.474934860530666 DEU 9
116.202603 16.93684194 32.120813266559274 THA 10
38.34287385 75.52290389 29.387805238340881 AZE 11
115.0530523 95.44858694 32.560844910971639 CHN 12
-41.543768 -75.13583011 28.449735573337918 GAB 13
88.98235774 59.73106025 16.738356559039026 PAK 14
-13.35625992 -52.2646042 11.589001302538628 RWA 15
31.19529362 22.66954582 15.92135287631193 SYR 16
-1.193165125 -65.46131268 13.956598835819326 ZMB 17
-56.55927659 220.7673836 60.468789735477664 DNK 18
100.1461314 61.79752837 15.32355394130915 NPL 19
-78.9067579 -6.991687086 24.934239455649134 TUN 20
-11.52364267 -29.08748352 26.658206494747144 EGY 21
97.85517521 90.062272 16.631741738198304 KGZ 22
110.9118333 56.7841338 18.214277711256717 BGD 23
-89.27377755 -22.87687704 25.585649443722815 DZA 24
-63.2532957 -41.72399312 8.6436501594719761 NER 25
81.3037315 70.80022877 10.501912139858691 AFG 26
78.91053725 -45.82380884 8.947027923083489 YEM 27
-217.1689929 43.73823088 44.814598185342291 PRT 28
-19.7573539 -54.98949534 8.0578460948319055 COD 29
71.10305189 4.260535438 56.617400976279562 KWT 30
134.7437994 16.29870708 15.724611921192242 KHM 31
141.2945013 -29.00676096 26.356215809279057 IDN 32
94.75170511 78.61838119 16.604981074463122 TJK 33
-92.47647374 -49.95754226 9.891311536566894 SLE 34
-0.675919612 31.35677144 43.362072328976481 TUR 35
27.7790568 125.1787761 33.794035028366793 BLR 36
-35.8896729 70.97090579 44.565819766301324 HUN 37
-25.95508464 16.45285748 31.05075604439649 MKD 38
175.9049291 -0.8420146006 62.501250086970735 BRN 39
-4.266311838 -100.0166454 28.008627685644814 ZAF 40
-45.66305482 -44.01176073 9.0949227014298195 TCD 41
-110.1834256 76.54829889 56.475837590756768 SMR 42
-189.0813293 106.6299084 52.754598197270077 FRA 43
15.86237447 -69.54384615 8.5401296567230958 MOZ 44
-2.730752839 -39.72227878 11.966591779564258 ETH 45
1.092582686 -32.78038824 10.244683402439316 ERI 46
-146.1046205 15.71700515 55.674833798851687 AND 47
-51.93574409 34.43695698 30.384788296737526 BIH 48
-18.89525602 -64.97601558 18.189845402859639 AGO 49
6.38108345 214.930353 54.732284963048919 FIN 50
-22.91441142 -38.8321424 14.701467048304272 SDN 51
108.5367097 73.06883166 23.91459467588966 BTN 52
121.14863 63.79309172 15.265399826618122 MMR 53
115.997674 116.5001813 25.32358398833653 MNG 54
-30.67532017 -51.49285598 7.6617769706545751 CAF 55
-1.282583875 -3.890148219 50.153037448770512 ISR 56
140.2043599 47.38844101 21.834333167908213 VNM 57
-135.4957928 -28.8795231 21.024986828440454 MAR 58
19.54565903 14.64595034 24.025912242601439 LBN 59
52.91358829 -33.7995876 52.847246241850243 SAU 60
57.99863005 41.09535469 28.056220970073944 IRN 61
12.21310646 -31.70202267 17.440968232711608 DJI 62
1.740555157 146.4123578 47.931358821127766 LTU 63
62.07526261 141.3241766 40.564245478884196 RUS 64
8.501866968 -74.20517247 15.17775087349785 ZWE 65
-104.5067797 -23.96548343 17.542665702391201 MRT 66
-9.228217261 -79.60214051 31.321697741705524 BWA 67
93.19891263 -70.93684276 72.649279079338811 QAT 68
-109.2208704 -33.09527582 11.473301220733907 GMB 69
99.64148568 46.56770119 19.983921199787819 IND 70
-44.76972503 -53.97729557 14.821972892424723 CMR 71
-91.30531953 -56.51536937 8.8470579929565893 LBR 72
-74.23342367 -62.68385514 18.648586388090393 GHA 73
-6.095148454 88.49687083 42.648542531096972 ROU 74
29.48058519 103.2486154 28.340102273155335 UKR 75
-7.805071995 -58.85973452 6.6687208775344793 BDI 76
4.825070532 -46.39503591 16.470525573552042 KEN 77
-93.05667034 -42.1350949 12.260294161296828 GIN 78
9.067050013 -65.50962163 9.43099550868987 MWI 79
-73.81624257 67.90838835 49.068373898398285 SVN 80
17.73580446 -79.36568738 12.792824721861408 LSO 81
-82.60960765 -52.87876648 17.769357073667468 CIV 82
16.56519683 -39.52280911 7.8339732343556454 SOM 83
-17.9545581 -44.62682448 6.8007875770503823 SSD 84
156.1929826 -32.14139181 16.443502543746042 TLS 85
-127.50847 127.0658816 94.309955086898682 LIE 86
-192.8203585 215.5862387 56.286532574579084 BEL 87
-29.01395825 -60.34425102 13.237032986334555 COG 88
0.9456801834 -56.27211484 12.688106796355417 TZA 89
-79.97999881 144.2516635 48.448153908681213 CZE 90
139.7564124 -4.788937852 40.18976438515535 MYS 91
-41.95054146 101.4118434 43.115227406973105 SVK 92
-5.328195029 -50.43514084 11.511997118855765 UGA 93
-176.4298887 173.02915 71.607282715001318 LUX 94
-66.23404532 -49.4273041 14.364864391320722 BEN 95
-35.00231659 -8.873413951 41.912260815032838 GRC 96
-157.6546825 79.95467937 63.678428072855958 CHE 97
-99.78646943 -34.58145578 14.24049093007811 SEN 98
22.49928869 -15.6258939 24.520588322593657 JOR 99
-135.7311752 211.212031 58.235919987103522 NLD 100
127.514666 -49.58288071 40.487429579206825 OMN 101
-116.4088306 39.02723148 50.944837559798081 ITA 102
125.0510109 51.34024158 21.588535469851241 LAO 103
26.43125097 58.95612901 28.230043207777054 ARM 104
106.2598322 -18.97536217 61.569306340608151 ARE 105
24.84520457 -0.0008811725878 19.961654985408391 PSE 106
-13.420723 180.5061319 57.451717354085211 SWE 107
9.41201268 109.0295466 30.016652724218364 MDA 108
-182.3287214 22.09748015 48.199676602258769 ESP 109
-55.07894474 -49.27928112 17.028105728144482 NGA 110
-60.12006625 -10.89626751 29.25129340492505 ALB 111
25.19561637 -88.97788881 21.56792588475248 SWZ 112
19.71693913 85.12710612 29.808510967279723 GEO 113
-49.8350587 -30.63570562 30.472479065784146 LBY 114
153.314063 -20.28448145 15.58256192857435 PNG 115
-16.32209164 119.0284635 44.735139615417445 POL 116
-77.7028207 105.2671378 56.993184311157663 AUT 117
171.8570071 48.53439067 61.583750752851607 HKG 118
25.16140642 183.7858668 48.005527312409534 EST 119
-40.85335153 148.0545786 62.586576065385223 NOR 120
-58.24410769 11.96613651 35.526198311712655 MNE 121
44.37620526 28.33303807 24.593027441482548 IRQ 122
-101.1252297 -43.35612257 10.752989313228532 GNB 123
-83.2198298 -42.55338036 11.35642243900544 MLI 124
52.70327175 115.0952971 38.08767990055555 KAZ 125
