-43.39875868 50.33277183 42.72147279023433 HRV 0
102.4849264 83.01319122 21.895351451295877 UZB 1
22.48625697 55.14108899 37.392440294785203 BGR 2
-34.26769039 -45.20650382 27.039175635771741 GNQ 3
0.98993255 53.42092858 34.030084707942898 SRB 4
-51.3199716 -28.7745585 11.31719461042784 BFA 5
-43.00345605 -37.52619665 11.473301220733907 TGO 6
88.91908451 89.51022302 28.087905024179275 TKM 7
55.39408123 151.1304871 44.575797561067851 LVA 8
-63.8773924 147.0025967 57.474934860530666 DEU 9
120.8327988 11.736042 32.120813266559274 THA 10
73.85820819 77.69856664 29.387805238340881 AZE 11
141.2063079 75.84135848 32.560844910971639 CHN 12
-18.32042622 -50.14854419 28.449735573337918 GAB 13
112.9693051 46.48621529 16.738356559039026 PAK 14
9.613994954 -42.29148867 11.589001302538628 RWA 15
61.26138093 18.96582915 15.92135287631193 SYR 16
15.46386497 -49.80583009 13.956598835819326 ZMB 17
-29.93907344 173.1226077 60.468789735477664 DNK 18
119.8041812 53.2938887 15.32355394130915 NPL 19
-40.96714665 -7.139245744 24.934239455649134 TUN 20
-8.292954489 -15.32904932 26.658206494747144 EGY 21
126.4638537 74.01690874 16.631741738198304 KGZ 22
121.5559802 39.23279245 18.214277711256717 BGD 23
-62.11865689 -12.93249193 25.585649443722815 DZA 24
-40.28895706 -23.59463611 8.6436501594719761 NER 25
109.0648943 56.94295223 10.501912139858691 AFG 26
77.65376096 -43.61102759 8.947027923083489 YEM 27
-168.044465 42.59618111 44.814598185342291 PRT 28
4.81670184 -38.02292576 8.0578460948319055 COD 29
76.94730624 -3.966054987 56.617400976279562 KWT 30
134.8449675 8.432805687 15.724611921192242 KHM 31
141.6883316 -27.94578448 26.356215809279057 IDN 32
122.7318502 64.49763464 16.604981074463122 TJK 33
-67.62900892 -32.16412938 9.891311536566894 SLE 34
33.1402432 33.3124067 43.362072328976481 TUR 35
74.87818785 126.0159138 33.794035028366793 BLR 36
10.28899249 76.57976181 44.565819766301324 HUN 37
0.7753943387 33.83811537 31.05075604439649 MKD 38
170.1194485 0.3564233189 62.501250086970735 BRN 39
14.24228334 -76.23695072 28.008627685644814 ZAF 40
-22.63077856 -23.32545967 9.0949227014298195 TCD 41
-74.80005908 39.97476132 56.475837590756768 SMR 42
-141.8676367 69.56083614 52.754598197270077 FRA 43
33.05986448 -58.02833816 8.5401296567230958 MOZ 44
22.06306936 -32.2896316 11.966591779564258 ETH 45
25.82477768 -26.76596726 10.244683402439316 ERI 46
-103.9689346 15.66478375 55.674833798851687 AND 47
-18.2934668 51.44520365 30.384788296737526 BIH 48
-0.4234029035 -46.71540661 18.189845402859639 AGO 49
61.47246818 184.7875143 54.732284963048919 FIN 50
0.8965626397 -26.31032694 14.701467048304272 SDN 51
131.1437618 50.00096206 23.91459467588966 BTN 52
131.4949782 37.58518489 15.265399826618122 MMR 53
133.1305822 91.63533148 25.32358398833653 MNG 54
-9.003040784 -33.04941378 7.6617769706545751 CAF 55
15.13515134 -12.06940765 50.153037448770512 ISR 56
147.595844 21.97333126 21.834333167908213 VNM 57
-107.2468385 -24.40865942 21.024986828440454 MAR 58
52.63455998 7.790119269 24.025912242601439 LBN 59
61.97775091 -33.57862556 52.847246241850243 SAU 60
86.90022329 33.76866649 28.056220970073944 IRN 61
34.56724625 -27.19845993 17.440968232711608 DJI 62
50.39668639 123.7597243 47.931358821127766 LTU 63
106.069308 139.7329546 40.564245478884196 RUS 64
21.05774347 -57.07326486 15.17775087349785 ZWE 65
-75.48780772 -10.34044453 17.542665702391201 MRT 66
6.244755839 -60.27665435 31.321697741705524 BWA 67
96.98408123 -58.74679526 72.649279079338811 QAT 68
-83.73383058 -13.53058069 11.473301220733907 GMB 69
111.7183698 33.28827688 19.983921199787819 IND 70
-22.48903606 -31.74539122 14.821972892424723 CMR 71
-64.0039738 -41.06012049 8.8470579929565893 LBR 72
-51.12938836 -41.54119752 18.648586388090393 GHA 73
36.33505751 81.96448071 42.648542531096972 ROU 74
76.40072523 107.309201 28.340102273155335 UKR 75
9.128618406 -47.76412677 6.6687208775344793 BDI 76
27.77543336 -38.81883595 16.470525573552042 KEN 77
-67.33888132 -25.50419761 12.260294161296828 GIN 78
27.06823644 -52.70318024 9.43099550868987 MWI 79
-38.55456669 85.14021337 49.068373898398285 SVN 80
25.35135267 -68.37418418 12.792824721861408 LSO 81
-59.58894284 -34.37154632 17.769357073667468 CIV 82
41.64642986 -30.03250062 7.8339732343556454 SOM 83
5.440666762 -32.38886373 6.8007875770503823 SSD 84
154.3897866 -30.07004564 16.443502543746042 TLS 85
-81.65386209 87.00873282 94.309955086898682 LIE 86
-143.4876869 140.3550801 56.286532574579084 BEL 87
-8.459778803 -41.72884596 13.237032986334555 COG 88
22.55358559 -45.94102694 12.688106796355417 TZA 89
-15.63054498 120.7420228 48.448153908681213 CZE 90
140.2050413 -7.596144086 40.18976438515535 MYS 91
5.125180107 102.4462105 43.115227406973105 SVK 92
16.76466059 -40.28586879 11.511997118855765 UGA 93
-128.2235999 105.0377925 71.607282715001318 LUX 94
-43.64733738 -29.69150649 14.364864391320722 BEN 95
13.97670235 16.25066032 41.912260815032838 GRC 96
-112.3887188 50.65557874 63.678428072855958 CHE 97
-73.08721662 -19.73554861 14.24049093007811 SEN 98
51.36037292 -7.875827784 24.520588322593657 JOR 99
-98.4071876 142.2318202 58.235919987103522 NLD 100
126.6413921 -42.02123959 40.487429579206825 OMN 101
-54.38050196 14.20263989 50.944837559798081 ITA 102
135.0645896 27.08584562 21.588535469851241 LAO 103
63.44716556 63.65266239 28.230043207777054 ARM 104
110.6091766 -15.44711088 61.569306340608151 ARE 105
36.89604728 -4.220126183 19.961654985408391 PSE 106
30.01619565 172.5755079 57.451717354085211 SWE 107
48.81087281 99.91998849 30.016652724218364 MDA 108
-143.8995342 28.22405282 48.199676602258769 ESP 109
-34.01442678 -30.9776916 17.028105728144482 NGA 110
-7.385152748 17.63102476 29.25129340492505 ALB 111
35.91223473 -66.70802029 21.56792588475248 SWZ 112
65.64932653 93.5110242 29.808510967279723 GEO 113
-24.46293176 -9.489569968 30.472479065784146 LBY 114
152.0226426 -20.39210141 15.58256192857435 PNG 115
22.55874592 122.399168 44.735139615417445 POL 116
-47.09545749 116.6072029 56.993184311157663 AUT 117
162.3064586 42.38074388 61.583750752851607 HKG 118
81.58933189 161.3243485 48.005527312409534 EST 119
3.286436105 148.3175843 62.586576065385223 NOR 120
-23.9627052 27.88626848 35.526198311712655 MNE 121
73.08691294 24.00537454 24.593027441482548 IRQ 122
-74.04637175 -27.22413156 10.752989313228532 GNB 123
-60.23658092 -24.36260635 11.35642243900544 MLI 124
95.22032903 118.7033421 38.08767990055555 KAZ 125
