-79.51856988 35.70994518 42.72147279023433 HRV 0
65.16601861 81.79562398 21.895351451295877 UZB 1
-10.03593559 58.14845775 37.392440294785203 BGR 2
-60.91333222 -71.83488647 27.039175635771741 GNQ 3
-30.94031878 43.32006651 34.030084707942898 SRB 4
-74.4826252 -45.59628876 11.31719461042784 BFA 5
-64.03985785 -58.31215311 11.473301220733907 TGO 6
50.73048253 91.97636188 28.087905024179275 TKM 7
34.54102041 152.4284727 44.575797561067851 LVA 8
-101.4655177 174.6759936 57.474934860530666 DEU 9
116.202603 16.93684194 32.120813266559274 THA 10
38.37980982 75.86261783 29.387805238340881 AZE 11
115.0530523 95.44858694 32.560844910971639 CHN 12
-41.57211004 -75.1332063 28.449735573337918 GAB 13
88.99325452 59.73141626 16.738356559039026 PAK 14
-13.3600408 -52.26644642 11.589001302538628 RWA 15
31.19349674 22.6645363 15.92135287631193 SYR 16
-1.189623094 -65.4552196 13.956598835819326 ZMB 17
-56.55927659 220.7673836 60.468789735477664 DNK 18
100.1486404 61.79657554 15.32355394130915 NPL 19
-78.89772357 -6.994261564 24.934239455649134 TUN 20
-11.52161657 -29.07666401 26.658206494747144 EGY 21
97.85517521 90.062272 16.631741738198304 KGZ 22
110.9074245 56.78748698 18.214277711256717 BGD 23
-89.27660253 -22.88217242 25.585649443722815 DZA 24
-63.2532957 -41.72399312 8.6436501594719761 NER 25
81.35132293 70.87843224 10.501912139858691 AFG 26
78.91070369 -45.82455621 8.947027923083489 YEM 27
-217.1689929 43.73823088 44.814598185342291 PRT 28
-19.75415014 -54.98766771 8.0578460948319055 COD 29
71.10305189 4.260535438 56.617400976279562 KWT 30
134.7437994 16.29870708 15.724611921192242 KHM 31
141.2960706 -29.00569613 26.356215809279057 IDN 32
94.75170511 78.61838119 16.604981074463122 TJK 33
-92.47738268 -49.95523148 9.891311536566894 SLE 34
-1.002388506 31.07440725 43.362072328976481 TUR 35
28.41026914 125.4324807 33.794035028366793 BLR 36
-35.77278043 71.40711469 44.565819766301324 HUN 37
-25.95508464 16.45285748 31.05075604439649 MKD 38
175.8946401 -0.8422253928 62.501250086970735 BRN 39
-4.270986767 -100.0011871 28.008627685644814 ZAF 40
-45.66305482 -44.01176073 9.0949227014298195 TCD 41
-110.4151904 76.89120116 56.475837590756768 SMR 42
-188.6488309 107.2234044 52.754598197270077 FRA 43
15.86237447 -69.54384615 8.5401296567230958 MOZ 44
-2.730752839 -39.72227878 11.966591779564258 ETH 45
1.092582686 -32.78038824 10.244683402439316 ERI 46
-146.0005475 15.90614882 55.674833798851687 AND 47
-51.91748073 34.41279477 30.384788296737526 BIH 48
-18.90884494 -64.97860455 18.189845402859639 AGO 49
6.833649031 214.9611767 54.732284963048919 FIN 50
-22.91441142 -38.8321424 14.701467048304272 SDN 51
108.5367097 73.06883166 23.91459467588966 BTN 52
121.1497496 63.79110956 15.265399826618122 MMR 53
115.997674 116.5001813 25.32358398833653 MNG 54
-30.67532017 -51.49285598 7.6617769706545751 CAF 55
-1.281228428 -3.90901317 50.153037448770512 ISR 56
140.2043599 47.38844101 21.834333167908213 VNM 57
-135.4957393 -28.87728028 21.024986828440454 MAR 58
19.55737437 14.65265364 24.025912242601439 LBN 59
52.91358829 -33.7995876 52.847246241850243 SAU 60
57.99863005 41.09535469 28.056220970073944 IRN 61
12.21318056 -31.70232799 17.440968232711608 DJI 62
2.371006097 146.0678114 47.931358821127766 LTU 63
62.52953286 141.4307137 40.564245478884196 RUS 64
8.50226454 -74.20424046 15.17775087349785 ZWE 65
-104.5104535 -23.97490316 17.542665702391201 MRT 66
-9.229012103 -79.59826328 31.321697741705524 BWA 67
93.20121289 -70.93332811 72.649279079338811 QAT 68
-109.2122007 -33.09263196 11.473301220733907 GMB 69
99.64148568 46.56770119 19.983921199787819 IND 70
-44.76972503 -53.97729557 14.821972892424723 CMR 71
-91.3028502 -56.51572651 8.8470579929565893 LBR 72
-74.22472195 -62.6730766 18.648586388090393 GHA 73
-5.981632492 88.57319702 42.648542531096972 ROU 74
29.67182717 103.5208987 28.340102273155335 UKR 75
-7.805071995 -58.85973452 6.6687208775344793 BDI 76
4.825070532 -46.39503591 16.470525573552042 KEN 77
-93.05727163 -42.1364498 12.260294161296828 GIN 78
9.067080129 -65.50990496 9.43099550868987 MWI 79
-73.95988303 67.91700621 49.068373898398285 SVN 80
17.73597355 -79.36664676 12.792824721861408 LSO 81
-82.61066175 -52.90236224 17.769357073667468 CIV 82
16.56526742 -39.52268575 7.8339732343556454 SOM 83
-17.9545581 -44.62682448 6.8007875770503823 SSD 84
156.1929826 -32.14139181 16.443502543746042 TLS 85
-127.2067102 127.6044425 94.309955086898682 LIE 86
-192.713294 215.9939783 56.286532574579084 BEL 87
-29.00924558 -60.35286224 13.237032986334555 COG 88
0.9415543988 -56.2776441 12.688106796355417 TZA 89
-79.51800752 144.0717775 48.448153908681213 CZE 90
139.7646544 -4.785335008 40.18976438515535 MYS 91
-41.76085648 101.7962352 43.115227406973105 SVK 92
-5.32264393 -50.43996106 11.511997118855765 UGA 93
-176.4298887 173.02915 71.607282715001318 LUX 94
-66.23821723 -49.42384231 14.364864391320722 BEN 95
-35.0622279 -8.839580566 41.912260815032838 GRC 96
-157.2864274 80.5930247 63.678428072855958 CHE 97
-99.78646943 -34.58145578 14.24049093007811 SEN 98
22.49928869 -15.6258939 24.520588322593657 JOR 99
-135.7311752 211.212031 58.235919987103522 NLD 100
127.514666 -49.58288071 40.487429579206825 OMN 101
-116.4746653 39.42229806 50.944837559798081 ITA 102
125.0519737 51.34665605 21.588535469851241 LAO 103
26.55988704 59.06100628 28.230043207777054 ARM 104
106.2598322 -18.97536217 61.569306340608151 ARE 105
24.83908779 0.001661205572 19.961654985408391 PSE 106
-12.97933585 180.5449782 57.451717354085211 SWE 107
9.371080462 109.1772622 30.016652724218364 MDA 108
-182.2602698 22.1197708 48.199676602258769 ESP 109
-55.07894474 -49.27928112 17.028105728144482 NGA 110
-60.12647679 -10.86202657 29.25129340492505 ALB 111
25.18876494 -88.97472842 21.56792588475248 SWZ 112
19.80844162 85.49902515 29.808510967279723 GEO 113
-49.8350587 -30.63570562 30.472479065784146 LBY 114
153.312403 -20.2870685 15.58256192857435 PNG 115
-15.83645217 118.8527787 44.735139615417445 POL 116
-77.68187391 105.2237963 56.993184311157663 AUT 117
171.8570071 48.53439067 61.583750752851607 HKG 118
25.59455917 183.8967362 48.005527312409534 EST 119
-40.37345232 148.1716122 62.586576065385223 NOR 120
-58.23530449 11.98478551 35.526198311712655 MNE 121
44.35825572 28.32418486 24.593027441482548 IRQ 122
-101.1252297 -43.35612257 10.752989313228532 GNB 123
-83.2198298 -42.55338036 11.35642243900544 MLI 124
53.08533286 115.2354578 38.08767990055555 KAZ 125
