-80.65141578 21.95879044 42.72147279023433 HRV 0
67.39577368 84.52461873 21.895351451295877 UZB 1
-6.708694593 57.58265882 37.392440294785203 BGR 2
-61.06885342 -71.75804351 27.039175635771741 GNQ 3
-28.88377538 43.54534409 34.030084707942898 SRB 4
-74.30839109 -45.37858084 11.31719461042784 BFA 5
-63.9651338 -58.05244555 11.473301220733907 TGO 6
52.46304376 92.98398275 28.087905024179275 TKM 7
40.76273505 152.1239447 44.575797561067851 LVA 8
-92.37631776 176.1116565 57.474934860530666 DEU 9
116.2091056 16.89216778 32.120813266559274 THA 10
40.85268957 75.68926429 29.387805238340881 AZE 11
115.0897381 95.40434891 32.560844910971639 CHN 12
-42.32814881 -75.19384499 28.449735573337918 GAB 13
89.10924361 59.6685275 16.738356559039026 PAK 14
-13.23264875 -52.97954046 11.589001302538628 RWA 15
30.79644094 22.46848715 15.92135287631193 SYR 16
-1.3265822 -65.05386755 13.956598835819326 ZMB 17
-56.47440064 220.7891109 60.468789735477664 DNK 18
100.1503097 61.65854826 15.32355394130915 NPL 19
-78.28180587 -7.046141361 24.934239455649134 TUN 20
-12.66194014 -27.91745137 26.658206494747144 EGY 21
97.88904473 90.0588088 16.631741738198304 KGZ 22
110.9302514 56.76997097 18.214277711256717 BGD 23
-88.22779603 -24.25174785 25.585649443722815 DZA 24
-63.28764208 -41.85678269 8.6436501594719761 NER 25
81.35415223 70.98468609 10.501912139858691 AFG 26
78.87262301 -45.91727178 8.947027923083489 YEM 27
-217.1521622 43.82171605 44.814598185342291 PRT 28
-19.7253385 -54.80878731 8.0578460948319055 COD 29
71.10468456 4.233200279 56.617400976279562 KWT 30
134.7500553 16.246905 15.724611921192242 KHM 31
141.2869477 -29.03171507 26.356215809279057 IDN 32
94.80629098 78.58712985 16.604981074463122 TJK 33
-92.2516881 -49.87776043 9.891311536566894 SLE 34
2.420970122 31.39731468 43.362072328976481 TUR 35
35.16718384 125.8105576 33.794035028366793 BLR 36
-29.55717192 74.00608736 44.565819766301324 HUN 37
-25.94875759 16.46283443 31.05075604439649 MKD 38
175.8528916 -0.9253038403 62.501250086970735 BRN 39
-4.626717691 -99.27942129 28.008627685644814 ZAF 40
-45.60911034 -43.30748926 9.0949227014298195 TCD 41
-110.2280824 81.96362846 56.475837590756768 SMR 42
-183.1420911 113.7305247 52.754598197270077 FRA 43
15.77467156 -69.45283207 8.5401296567230958 MOZ 44
-2.70575439 -39.66866235 11.966591779564258 ETH 45
0.8813408479 -32.86020611 10.244683402439316 ERI 46
-144.6725013 24.09910591 55.674833798851687 AND 47
-49.06482248 34.49558688 30.384788296737526 BIH 48
-19.29628793 -65.10366777 18.189845402859639 AGO 49
11.61384117 212.1085921 54.732284963048919 FIN 50
-22.81766906 -38.92407295 14.701467048304272 SDN 51
108.5647923 73.02710043 23.91459467588966 BTN 52
120.9255433 63.57526129 15.265399826618122 MMR 53
116.0424527 116.4555786 25.32358398833653 MNG 54
-30.82918294 -51.07438217 7.6617769706545751 CAF 55
-1.676158317 -3.939942236 50.153037448770512 ISR 56
140.3348846 47.36828754 21.834333167908213 VNM 57
-134.0627814 -30.34931371 21.024986828440454 MAR 58
19.42751245 14.78202103 24.025912242601439 LBN 59
53.02189815 -33.93786282 52.847246241850243 SAU 60
59.41960051 42.18010387 28.056220970073944 IRN 61
12.28863928 -31.83707896 17.440968232711608 DJI 62
9.542041221 145.9318654 47.931358821127766 LTU 63
67.52172592 140.3432406 40.564245478884196 RUS 64
8.523006919 -74.04111527 15.17775087349785 ZWE 65
-104.4962741 -24.09874653 17.542665702391201 MRT 66
-8.547618014 -78.93961305 31.321697741705524 BWA 67
93.09955122 -70.70330978 72.649279079338811 QAT 68
-109.2259158 -32.86878248 11.473301220733907 GMB 69
99.65938079 46.52939159 19.983921199787819 IND 70
-44.79047274 -53.96008031 14.821972892424723 CMR 71
-91.08488739 -56.20484187 8.8470579929565893 LBR 72
-73.64116232 -62.13435727 18.648586388090393 GHA 73
-1.815413226 89.71992059 42.648542531096972 ROU 74
36.65343715 104.5210553 28.340102273155335 UKR 75
-7.827699443 -58.85672959 6.6687208775344793 BDI 76
4.777473324 -46.37430225 16.470525573552042 KEN 77
-92.99772422 -42.3082646 12.260294161296828 GIN 78
9.241827 -65.41125389 9.43099550868987 MWI 79
-74.13449032 70.00794137 49.068373898398285 SVN 80
17.62769688 -79.23163709 12.792824721861408 LSO 81
-82.13295116 -52.95621209 17.769357073667468 CIV 82
16.54103668 -39.55477179 7.8339732343556454 SOM 83
-18.08634896 -44.85985427 6.8007875770503823 SSD 84
156.1806146 -32.20143623 16.443502543746042 TLS 85
-122.1710619 133.3543154 94.309955086898682 LIE 86
-192.6302431 216.068049 56.286532574579084 BEL 87
-29.06198853 -60.16219901 13.237032986334555 COG 88
0.9942694135 -55.83989927 12.688106796355417 TZA 89
-73.3867206 143.9497098 48.448153908681213 CZE 90
139.8173863 -4.976281833 40.18976438515535 MYS 91
-34.78206685 103.6501139 43.115227406973105 SVK 92
-5.607448136 -50.79171411 11.511997118855765 UGA 93
-176.3633564 173.0969639 71.607282715001318 LUX 94
-66.24468458 -49.23630236 14.364864391320722 BEN 95
-33.39556992 -9.779447153 41.912260815032838 GRC 96
-152.0485584 88.07850005 63.678428072855958 CHE 97
-99.82626468 -34.53906342 14.24049093007811 SEN 98
22.63405077 -14.6996899 24.520588322593657 JOR 99
-135.6499669 211.2641959 58.235919987103522 NLD 100
127.4955949 -49.63189876 40.487429579206825 OMN 101
-114.8641476 45.35145065 50.944837559798081 ITA 102
125.2052271 51.61633935 21.588535469851241 LAO 103
26.8678553 59.79160409 28.230043207777054 ARM 104
106.2525294 -19.01621128 61.569306340608151 ARE 105
24.29715294 0.4853523505 19.961654985408391 PSE 106
-8.337154546 178.5170217 57.451717354085211 SWE 107
15.96685086 108.1883492 30.016652724218364 MDA 108
-180.217916 21.16934889 48.199676602258769 ESP 109
-55.02355174 -49.25067849 17.028105728144482 NGA 110
-57.77409867 -11.47519081 29.25129340492505 ALB 111
25.07654787 -88.87919693 21.56792588475248 SWZ 112
24.93310651 88.32513283 29.808510967279723 GEO 113
-49.86058468 -30.40350947 30.472479065784146 LBY 114
153.296616 -20.33181694 15.58256192857435 PNG 115
-8.9545809 120.0386106 44.735139615417445 POL 116
-77.33514497 106.2865208 56.993184311157663 AUT 117
171.8756529 48.46831841 61.583750752851607 HKG 118
30.04431223 182.0418084 48.005527312409534 EST 119
-35.38264711 147.4195683 62.586576065385223 NOR 120
-56.22678833 10.70306369 35.526198311712655 MNE 121
45.07834584 28.98400386 24.593027441482548 IRQ 122
-101.1212863 -43.15991764 10.752989313228532 GNB 123
-82.91920313 -42.69776655 11.35642243900544 MLI 124
57.43254986 115.1696119 38.08767990055555 KAZ 125
