-79.13352706 35.75683123 42.72147279023433 HRV 0
65.17748911 81.79196877 21.895351451295877 UZB 1
-9.92958638 58.12368116 37.392440294785203 BGR 2
-60.91386689 -71.83626349 27.039175635771741 GNQ 3
-30.94031878 43.32006651 34.030084707942898 SRB 4
-74.4826252 -45.59628876 11.31719461042784 BFA 5
-64.03985785 -58.31215311 11.473301220733907 TGO 6
50.73781574 91.98762267 28.087905024179275 TKM 7
34.50264357 152.4639143 44.575797561067851 LVA 8
-101.599102 174.7536284 57.474934860530666 DEU 9
116.202603 16.93684194 32.120813266559274 THA 10
38.39957332 75.83457551 29.387805238340881 AZE 11
115.0530523 95.44858694 32.560844910971639 CHN 12
-41.56910677 -75.13252716 28.449735573337918 GAB 13
88.99325452 59.73141626 16.738356559039026 PAK 14
-13.3600408 -52.26644642 11.589001302538628 RWA 15
31.19349674 22.6645363 15.92135287631193 SYR 16
-1.189555058 -65.45609799 13.956598835819326 ZMB 17
-56.55927659 220.7673836 60.468789735477664 DNK 18
100.1486404 61.79657554 15.32355394130915 NPL 19
-78.89982973 -6.993750567 24.934239455649134 TUN 20
-11.52161657 -29.07666401 26.658206494747144 EGY 21
97.85517521 90.062272 16.631741738198304 KGZ 22
110.9074245 56.78748698 18.214277711256717 BGD 23
-89.27660253 -22.88217242 25.585649443722815 DZA 24
-63.2532957 -41.72399312 8.6436501594719761 NER 25
81.35132293 70.87843224 10.501912139858691 AFG 26
78.91070369 -45.82455621 8.947027923083489 YEM 27
-217.1689929 43.73823088 44.814598185342291 PRT 28
-19.75415014 -54.98766771 8.0578460948319055 COD 29
71.10305189 4.260535438 56.617400976279562 KWT 30
134.7437994 16.29870708 15.724611921192242 KHM 31
141.2960706 -29.00569613 26.356215809279057 IDN 32
94.75170511 78.61838119 16.604981074463122 TJK 33
-92.47738268 -49.95523148 9.891311536566894 SLE 34
-0.9058147861 31.02810285 43.362072328976481 TUR 35
28.31212018 125.4498276 33.794035028366793 BLR 36
-35.70619381 71.37727649 44.565819766301324 HUN 37
-25.95508464 16.45285748 31.05075604439649 MKD 38
175.8946401 -0.8422253928 62.501250086970735 BRN 39
-4.270986767 -100.0011871 28.008627685644814 ZAF 40
-45.66305482 -44.01176073 9.0949227014298195 TCD 41
-110.4644663 76.87657551 56.475837590756768 SMR 42
-188.6461108 107.1279157 52.754598197270077 FRA 43
15.86237447 -69.54384615 8.5401296567230958 MOZ 44
-2.730752839 -39.72227878 11.966591779564258 ETH 45
1.092582686 -32.78038824 10.244683402439316 ERI 46
-146.0005475 15.90614882 55.674833798851687 AND 47
-51.9162821 34.41675367 30.384788296737526 BIH 48
-18.90698243 -64.98015046 18.189845402859639 AGO 49
6.798013878 215.0701217 54.732284963048919 FIN 50
-22.91441142 -38.8321424 14.701467048304272 SDN 51
108.5367097 73.06883166 23.91459467588966 BTN 52
121.1497496 63.79110956 15.265399826618122 MMR 53
115.997674 116.5001813 25.32358398833653 MNG 54
-30.67532017 -51.49285598 7.6617769706545751 CAF 55
-1.281228428 -3.90901317 50.153037448770512 ISR 56
140.2043599 47.38844101 21.834333167908213 VNM 57
-135.4957393 -28.87728028 21.024986828440454 MAR 58
19.55737437 14.65265364 24.025912242601439 LBN 59
52.91358829 -33.7995876 52.847246241850243 SAU 60
57.99863005 41.09535469 28.056220970073944 IRN 61
12.21318056 -31.70232799 17.440968232711608 DJI 62
2.376487871 146.2876679 47.931358821127766 LTU 63
62.52338898 141.4412187 40.564245478884196 RUS 64
8.50226454 -74.20424046 15.17775087349785 ZWE 65
-104.5089524 -23.9738193 17.542665702391201 MRT 66
-9.229012103 -79.59826328 31.321697741705524 BWA 67
93.20121289 -70.93332811 72.649279079338811 QAT 68
-109.212559 -33.09370228 11.473301220733907 GMB 69
99.64148568 46.56770119 19.983921199787819 IND 70
-44.76972503 -53.97729557 14.821972892424723 CMR 71
-91.30315751 -56.51602888 8.8470579929565893 LBR 72
-74.22334591 -62.67387742 18.648586388090393 GHA 73
-5.981850255 88.57092978 42.648542531096972 ROU 74
29.7297871 103.5228288 28.340102273155335 UKR 75
-7.805071995 -58.85973452 6.6687208775344793 BDI 76
4.825070532 -46.39503591 16.470525573552042 KEN 77
-93.05727163 -42.1364498 12.260294161296828 GIN 78
9.067080129 -65.50990496 9.43099550868987 MWI 79
-73.95856029 67.91967808 49.068373898398285 SVN 80
17.73597355 -79.36664676 12.792824721861408 LSO 81
-82.61161415 -52.90105635 17.769357073667468 CIV 82
16.56526742 -39.52268575 7.8339732343556454 SOM 83
-17.9545581 -44.62682448 6.8007875770503823 SSD 84
156.1929826 -32.14139181 16.443502543746042 TLS 85
-127.1301063 127.5379228 94.309955086898682 LIE 86
-192.713294 215.9939783 56.286532574579084 BEL 87
-29.01166838 -60.35210117 13.237032986334555 COG 88
0.9419595231 -56.27746236 12.688106796355417 TZA 89
-79.44391499 144.1163962 48.448153908681213 CZE 90
139.7646544 -4.785335008 40.18976438515535 MYS 91
-41.70449308 101.7995095 43.115227406973105 SVK 92
-5.32264393 -50.43996106 11.511997118855765 UGA 93
-176.4298887 173.02915 71.607282715001318 LUX 94
-66.23821723 -49.42384231 14.364864391320722 BEN 95
-35.04581399 -8.836762007 41.912260815032838 GRC 96
-157.2527903 80.48349985 63.678428072855958 CHE 97
-99.78646943 -34.58145578 14.24049093007811 SEN 98
22.49928869 -15.6258939 24.520588322593657 JOR 99
-135.7311752 211.212031 58.235919987103522 NLD 100
127.514666 -49.58288071 40.487429579206825 OMN 101
-116.4815905 39.36742721 50.944837559798081 ITA 102
125.0519737 51.34665605 21.588535469851241 LAO 103
26.55988704 59.06100628 28.230043207777054 ARM 104
106.2598322 -18.97536217 61.569306340608151 ARE 105
24.83908779 0.001661205572 19.961654985408391 PSE 106
-12.98955795 180.6739457 57.451717354085211 SWE 107
9.371821002 109.1777023 30.016652724218364 MDA 108
-182.2602698 22.1197708 48.199676602258769 ESP 109
-55.07894474 -49.27928112 17.028105728144482 NGA 110
-60.13114647 -10.8588658 29.25129340492505 ALB 111
25.18876494 -88.97472842 21.56792588475248 SWZ 112
19.82937781 85.49964388 29.808510967279723 GEO 113
-49.8350587 -30.63570562 30.472479065784146 LBY 114
153.312403 -20.2870685 15.58256192857435 PNG 115
-15.88779186 119.0796508 44.735139615417445 POL 116
-77.68479444 105.2423645 56.993184311157663 AUT 117
171.8570071 48.53439067 61.583750752851607 HKG 118
25.56983079 183.9618792 48.005527312409534 EST 119
-40.39751631 148.2577433 62.586576065385223 NOR 120
-58.24256838 11.98248654 35.526198311712655 MNE 121
44.35825572 28.32418486 24.593027441482548 IRQ 122
-101.1252297 -43.35612257 10.752989313228532 GNB 123
-83.2198298 -42.55338036 11.35642243900544 MLI 124
53.05817701 115.2750885 38.08767990055555 KAZ 125
