-80.69248932 20.92225962 42.72147279023433 HRV 0
67.08347628 84.59603308 21.895351451295877 UZB 1
-6.860634435 57.81373429 37.392440294785203 BGR 2
-60.94855969 -71.71234666 27.039175635771741 GNQ 3
-29.07836665 43.54651875 34.030084707942898 SRB 4
-74.30839109 -45.37858084 11.31719461042784 BFA 5
-63.9651338 -58.05244555 11.473301220733907 TGO 6
52.57981761 93.447478 28.087905024179275 TKM 7
40.85913581 152.9384328 44.575797561067851 LVA 8
-92.97571021 174.4477116 57.474934860530666 DEU 9
116.2091056 16.89216778 32.120813266559274 THA 10
38.64648189 75.62395341 29.387805238340881 AZE 11
115.0897381 95.40434891 32.560844910971639 CHN 12
-42.45073088 -75.22174935 28.449735573337918 GAB 13
89.10924361 59.6685275 16.738356559039026 PAK 14
-13.16953632 -52.96262573 11.589001302538628 RWA 15
30.59854801 22.39296166 15.92135287631193 SYR 16
-1.3265822 -65.05386755 13.956598835819326 ZMB 17
-56.47440064 220.7891109 60.468789735477664 DNK 18
100.1503097 61.65854826 15.32355394130915 NPL 19
-78.28180587 -7.046141361 24.934239455649134 TUN 20
-12.69156198 -27.85020549 26.658206494747144 EGY 21
97.88904473 90.0588088 16.631741738198304 KGZ 22
110.9302514 56.76997097 18.214277711256717 BGD 23
-88.22779603 -24.25174785 25.585649443722815 DZA 24
-63.28800045 -41.85517736 8.6436501594719761 NER 25
81.35415223 70.98468609 10.501912139858691 AFG 26
78.87262301 -45.91727178 8.947027923083489 YEM 27
-217.1521622 43.82171605 44.814598185342291 PRT 28
-19.72539387 -54.81080752 8.0578460948319055 COD 29
71.10468456 4.233200279 56.617400976279562 KWT 30
134.7500553 16.246905 15.724611921192242 KHM 31
141.2869477 -29.03171507 26.356215809279057 IDN 32
94.80629098 78.58712985 16.604981074463122 TJK 33
-92.26551417 -49.8776943 9.891311536566894 SLE 34
2.473554395 32.23268096 43.362072328976481 TUR 35
35.70532252 127.4217052 33.794035028366793 BLR 36
-29.28477026 73.91078245 44.565819766301324 HUN 37
-25.94875759 16.46283443 31.05075604439649 MKD 38
175.8528916 -0.9253038403 62.501250086970735 BRN 39
-4.626717691 -99.27942129 28.008627685644814 ZAF 40
-45.62634958 -43.22758212 9.0949227014298195 TCD 41
-110.2347601 81.58834071 56.475837590756768 SMR 42
-182.5515283 114.3126629 52.754598197270077 FRA 43
15.77467156 -69.45283207 8.5401296567230958 MOZ 44
-2.70575439 -39.66866235 11.966591779564258 ETH 45
0.8813408479 -32.86020611 10.244683402439316 ERI 46
-145.067014 24.87024867 55.674833798851687 AND 47
-48.89601865 34.57852062 30.384788296737526 BIH 48
-19.29628793 -65.10366777 18.189845402859639 AGO 49
13.44105349 211.7295861 54.732284963048919 FIN 50
-22.81766906 -38.92407295 14.701467048304272 SDN 51
108.5647923 73.02710043 23.91459467588966 BTN 52
120.9255433 63.57526129 15.265399826618122 MMR 53
116.0424527 116.4555786 25.32358398833653 MNG 54
-30.82918294 -51.07438217 7.6617769706545751 CAF 55
-1.71108387 -4.166228847 50.153037448770512 ISR 56
140.3348846 47.36828754 21.834333167908213 VNM 57
-133.8738738 -30.31281867 21.024986828440454 MAR 58
19.86105585 14.50986968 24.025912242601439 LBN 59
53.02189815 -33.93786282 52.847246241850243 SAU 60
59.62019776 42.25894467 28.056220970073944 IRN 61
12.28863928 -31.83707896 17.440968232711608 DJI 62
8.974574958 145.5712761 47.931358821127766 LTU 63
66.56389943 139.1455902 40.564245478884196 RUS 64
8.523006919 -74.04111527 15.17775087349785 ZWE 65
-104.4898389 -24.11319259 17.542665702391201 MRT 66
-8.547618014 -78.93961305 31.321697741705524 BWA 67
93.09955122 -70.70330978 72.649279079338811 QAT 68
-109.2230733 -32.86868506 11.473301220733907 GMB 69
99.65938079 46.52939159 19.983921199787819 IND 70
-44.79047274 -53.96008031 14.821972892424723 CMR 71
-91.09409445 -56.17286107 8.8470579929565893 LBR 72
-73.67397185 -62.12336247 18.648586388090393 GHA 73
-1.815413226 89.71992059 42.648542531096972 ROU 74
35.88804666 105.5253481 28.340102273155335 UKR 75
-7.827699443 -58.85672959 6.6687208775344793 BDI 76
4.777473324 -46.37430225 16.470525573552042 KEN 77
-92.97033961 -42.39099984 12.260294161296828 GIN 78
9.241827 -65.41125389 9.43099550868987 MWI 79
-74.15624837 70.22479393 49.068373898398285 SVN 80
17.62769688 -79.23163709 12.792824721861408 LSO 81
-82.10823575 -52.96626671 17.769357073667468 CIV 82
16.54103668 -39.55477179 7.8339732343556454 SOM 83
-18.08634896 -44.85985427 6.8007875770503823 SSD 84
156.1806146 -32.20143623 16.443502543746042 TLS 85
-122.2874065 133.377827 94.309955086898682 LIE 86
-192.6302431 216.068049 56.286532574579084 BEL 87
-29.06198853 -60.16219901 13.237032986334555 COG 88
0.9607964543 -55.83127907 12.688106796355417 TZA 89
-73.61915274 143.7868267 48.448153908681213 CZE 90
139.8173863 -4.976281833 40.18976438515535 MYS 91
-34.93753133 102.4811541 43.115227406973105 SVK 92
-5.658360414 -50.84570989 11.511997118855765 UGA 93
-176.3633564 173.0969639 71.607282715001318 LUX 94
-66.24468458 -49.23630236 14.364864391320722 BEN 95
-33.74749856 -9.886720598 41.912260815032838 GRC 96
-151.4450227 89.70968494 63.678428072855958 CHE 97
-99.82626468 -34.53906342 14.24049093007811 SEN 98
22.56699798 -14.37787324 24.520588322593657 JOR 99
-135.6499669 211.2641959 58.235919987103522 NLD 100
127.4955949 -49.63189876 40.487429579206825 OMN 101
-115.7223638 45.24123845 50.944837559798081 ITA 102
125.2052271 51.61633935 21.588535469851241 LAO 103
26.8678553 59.79160409 28.230043207777054 ARM 104
106.2525294 -19.01621128 61.569306340608151 ARE 105
24.17787353 0.3543824036 19.961654985408391 PSE 106
-8.686940861 176.1190188 57.451717354085211 SWE 107
15.96685086 108.1883492 30.016652724218364 MDA 108
-179.5041746 21.22909246 48.199676602258769 ESP 109
-55.02355174 -49.25067849 17.028105728144482 NGA 110
-57.44298431 -11.6303324 29.25129340492505 ALB 111
25.07654787 -88.87919693 21.56792588475248 SWZ 112
24.65879715 89.63091077 29.808510967279723 GEO 113
-49.83463733 -30.47077208 30.472479065784146 LBY 114
153.296616 -20.33181694 15.58256192857435 PNG 115
-8.100376683 119.9767241 44.735139615417445 POL 116
-77.24870443 106.0926089 56.993184311157663 AUT 117
171.8756529 48.46831841 61.583750752851607 HKG 118
29.66283112 181.5105972 48.005527312409534 EST 119
-34.89244829 144.0950132 62.586576065385223 NOR 120
-56.1787673 10.40074225 35.526198311712655 MNE 121
45.2003848 29.15393956 24.593027441482548 IRQ 122
-101.1212863 -43.15991764 10.752989313228532 GNB 123
-82.91920313 -42.69776655 11.35642243900544 MLI 124
56.19265228 114.6947358 38.08767990055555 KAZ 125
