-46.6586238 96.49926934 11.174339447219777 NLD 0
73.63910045 28.92017375 20.905274867504659 UZB 1
-21.01422264 40.46400926 9.1238099527807641 ITA 2
-48.80114 48.40668925 15.130127135942006 FRA 3
-8.01794735 86.94811692 28.48908744644163 DEU 4
180.6815667 -441.9079297 89.74323430916192 THA 5
428.4770645 -62.86944107 306.2598135576464 CHN 6
3.014875423 -136.7496769 22.348678894439555 PAK 7
71.40056286 255.389096 11.174339447219777 SWE 8
91.85615062 246.2368901 6.4515078878685932 FIN 9
-66.3202255 15.13118394 13.685714929171148 ESP 10
158.3519338 -272.8382707 40.030553706492505 MMR 11
69.15629418 -91.78558124 58.598730423504321 NPL 12
20.37796825 117.041838 6.4515078878685932 DNK 13
-51.09974672 75.17304883 6.4515078878685932 BEL 14
97.82006731 -203.226548 30.260254271884012 BGD 15
31.82421967 91.27743438 12.069666072236936 CZE 16
-36.00806575 -113.8960489 12.069666072236936 IRN 17
161.5785317 192.6362406 67.66398556836107 RUS 18
352.459271 -510.9681487 56.795258931625426 MYS 19
52.95238666 129.3668911 28.121470916674731 POL 20
3.13456288 -324.6597085 125.59745449777407 IND 21
276.4259404 -559.5764856 28.852020389300527 KHM 22
571.9221994 -628.2865029 172.26854971646875 IDN 23
-27.29833992 55.7666524 6.4515078878685932 CHE 24
-87.26931378 -94.80565256 29.564523242762501 TUR 25
90.91460767 89.80676499 27.371429858342296 KAZ 26
