-46.84447574 96.30202932 11.174339447219777 NLD 0
73.16399837 29.12303245 20.905274867504659 UZB 1
-21.33173699 40.22184694 9.1238099527807641 ITA 2
-48.2106542 48.19711766 15.130127135942006 FRA 3
-8.047711793 86.64061522 28.48908744644163 DEU 4
178.0885909 -442.4712879 89.74323430916192 THA 5
428.4000314 -65.45245201 306.2598135576464 CHN 6
1.091090539 -134.3917037 22.348678894439555 PAK 7
71.36622675 255.3288704 11.174339447219777 SWE 8
91.91288353 246.1363446 6.4515078878685932 FIN 9
-65.46585447 14.8129336 13.685714929171148 ESP 10
156.4501685 -273.1825166 40.030553706492505 MMR 11
68.8051285 -91.73619541 58.598730423504321 NPL 12
19.88345057 116.7623532 6.4515078878685932 DNK 13
-51.32889515 74.80667976 6.4515078878685932 BEL 14
95.84880735 -203.3566056 30.260254271884012 BGD 15
32.11416357 90.28055122 12.069666072236936 CZE 16
-38.19050175 -111.8193008 12.069666072236936 IRN 17
162.2967938 191.5562869 67.66398556836107 RUS 18
353.4119995 -511.1286588 56.795258931625426 MYS 19
53.43596242 128.655041 28.121470916674731 POL 20
0.9245180979 -324.6317526 125.59745449777407 IND 21
276.6333334 -559.0562243 28.852020389300527 KHM 22
572.0498632 -628.5278204 172.26854971646875 IDN 23
-27.3796071 55.75731271 6.4515078878685932 CHE 24
-89.73474172 -93.16022428 29.564523242762501 TUR 25
92.2185228 89.35430368 27.371429858342296 KAZ 26
