5.700941349 52.39095635 11.174339447219777 NLD 0
64.03001098 40.89820294 20.905274867504659 UZB 1
13.11242849 42.75498561 9.1238099527807641 ITA 2
1.931493823 46.18894599 15.130127135942006 FRA 3
9.079665451 50.78535051 28.48908744644163 DEU 4
99.79427202 14.8980355 89.74323430916192 THA 5
105.4078123 36.00213494 306.2598135576464 CHN 6
70.0271488 30.0748502 22.348678894439555 PAK 7
15.29428603 61.88381371 11.174339447219777 SWE 8
26.07348676 64.2771148 6.4515078878685932 FIN 9
-4.114972467 40.09378345 13.685714929171148 ESP 10
97.89108515 21.43852954 40.030553706492505 MMR 11
84.20802778 28.28952448 58.598730423504321 NPL 12
9.996128754 56.01798719 6.4515078878685932 DNK 13
3.939226803 50.90899619 6.4515078878685932 BEL 14
90.1860548 23.86931543 30.260254271884012 BGD 15
15.51008273 49.74493877 12.069666072236936 CZE 16
52.65371345 31.81538849 12.069666072236936 IRN 17
99.48198978 59.78295849 67.66398556836107 RUS 18
112.6422287 2.973896345 56.795258931625426 MYS 19
20.25815597 51.83854838 28.121470916674731 POL 20
76.79115672 19.90714369 125.59745449777407 IND 21
105.0992146 12.98755946 28.852020389300527 KHM 22
119.8954257 -5.065131545 172.26854971646875 IDN 23
7.846683772 46.93967171 6.4515078878685932 CHE 24
34.71374628 38.87610587 29.564523242762501 TUR 25
68.09747153 48.05754309 27.371429858342296 KAZ 26
