-55.17662612 106.999938 10.534270156626954 NLD 0
77.94001602 48.08020339 19.707814872907765 UZB 1
-27.54390017 49.39488843 8.6011955654548906 ITA 2
-50.20884333 66.36823444 14.263469219541308 FRA 3
-18.15318232 101.8061215 26.857224545049483 DEU 4
202.4559694 -435.7191715 84.602716733954139 THA 5
394.5036031 -33.01455791 288.71716573252542 CHN 6
40.28751663 -180.3700063 21.068540313253909 PAK 7
63.23397636 255.4954483 10.534270156626954 SWE 8
77.79331624 247.492807 6.0819637106448141 FIN 9
-60.28284914 34.27029918 12.901793348182334 ESP 10
187.032153 -284.9989822 37.737592387930853 MMR 11
58.48466458 -106.2726302 55.242178746425594 NPL 12
7.814885803 123.2824459 6.0819637106448141 DNK 13
-57.35541127 90.52852449 6.0819637106448141 BEL 14
137.8022306 -219.3425805 28.526938439082617 BGD 15
19.88833491 105.595421 11.37831222201261 CZE 16
10.0774147 -153.8756865 11.37831222201261 IRN 17
130.1164952 200.0586025 63.788173539740484 RUS 18
352.5021599 -513.1838542 53.542010606289651 MYS 19
35.80442957 139.9727143 26.510665192982394 POL 20
30.29429817 -319.4624635 118.4031971566248 IND 21
272.6628855 -555.0563579 27.199368587377329 KHM 22
572.7204264 -628.2950948 162.40095898063257 IDN 23
-30.02095198 63.86561531 6.0819637106448141 CHE 24
-28.7713967 -124.6627345 27.871059078004354 TUR 25
74.06664923 104.3052277 25.803586696364668 KAZ 26
