-0.201312491 74.08360589 11.174339447219777 NLD 0
-21.37344406 9.635263906 20.905274867504659 UZB 1
9.096649712 39.58906053 9.1238099527807641 ITA 2
-13.09350017 56.63508035 15.130127135942006 FRA 3
8.783669117 61.40049116 28.48908744644163 DEU 4
61.62078447 -51.2160954 89.74323430916192 THA 5
165.7792627 51.70492801 306.2598135576464 CHN 6
21.23577454 18.33847556 22.348678894439555 PAK 7
-5.583061474 107.1222995 11.174339447219777 SWE 8
-0.213536322 100.4260072 6.4515078878685932 FIN 9
-1.946439146 34.61039757 13.685714929171148 ESP 10
82.17474105 -23.24354112 40.030553706492505 MMR 11
-1.484352776 12.26290644 58.598730423504321 NPL 12
10.30839 93.49571345 6.4515078878685932 DNK 13
-3.288744131 64.71710276 6.4515078878685932 BEL 14
63.97717386 0.3851699039 30.260254271884012 BGD 15
26.53862525 38.54522465 12.069666072236936 CZE 16
8.023129519 -5.029361014 12.069666072236936 IRN 17
75.47674845 84.67320985 67.66398556836107 RUS 18
108.5371654 -30.6182353 56.795258931625426 MYS 19
27.23931124 52.03090428 28.121470916674731 POL 20
-11.78172576 -109.543178 125.59745449777407 IND 21
149.2638073 -63.77373827 28.852020389300527 KHM 22
114.7874399 -133.9075209 172.26854971646875 IDN 23
-1.936781779 48.21197671 6.4515078878685932 CHE 24
-18.2575065 -22.77129972 29.564523242762501 TUR 25
25.50921301 2.622126499 27.371429858342296 KAZ 26
