-52.38646277 103.2708893 11.174339447219777 NLD 0
77.91108775 44.57941173 20.905274867504659 UZB 1
-23.23090804 43.19795623 9.1238099527807641 ITA 2
-47.7888581 60.48038576 15.130127135942006 FRA 3
-13.80200554 99.66755174 28.48908744644163 DEU 4
198.3032337 -438.5680507 89.74323430916192 THA 5
415.5951393 -38.10084774 306.2598135576464 CHN 6
30.90460912 -170.5750832 22.348678894439555 PAK 7
71.29809759 255.4374843 11.174339447219777 SWE 8
88.27750558 252.562949 6.4515078878685932 FIN 9
-62.16621984 27.82778349 13.685714929171148 ESP 10
178.1873978 -279.1582854 40.030553706492505 MMR 11
64.34081233 -98.90218861 58.598730423504321 NPL 12
13.88681478 123.4266825 6.4515078878685932 DNK 13
-54.92299723 86.23133635 6.4515078878685932 BEL 14
124.8536502 -210.3864787 30.260254271884012 BGD 15
25.27353174 106.2566682 12.069666072236936 CZE 16
-3.200215091 -145.0243618 12.069666072236936 IRN 17
142.7095183 204.8049163 67.66398556836107 RUS 18
352.5021599 -513.1838542 56.795258931625426 MYS 19
42.34973361 141.6172794 28.121470916674731 POL 20
22.4377153 -323.0788567 125.59745449777407 IND 21
275.4293542 -560.8211505 28.852020389300527 KHM 22
572.7204264 -628.2950948 172.26854971646875 IDN 23
-26.0473214 58.17806159 6.4515078878685932 CHE 24
-44.95954323 -114.8014356 29.564523242762501 TUR 25
81.62411231 104.2368208 27.371429858342296 KAZ 26
