16.96536681 58.19612718 0.1381976598 NLD 0
50.22148141 46.38648116 0.2585441473 UZB 1
22.06824091 51.65669563 0.1128379167 ITA 2
15.24205389 50.8943712 0.1871205159 FRA 3
24.58976706 59.58825703 0.352336282 DEU 4
119.3509667 -3.199732196 1.109891553 THA 5
155.7718087 30.01533232 3.787641294 CHN 6
67.42177942 67.42044969 0.2763953196 PAK 7
52.16005242 54.86075298 0.1381976598 SWE 8
53.35619511 57.17120913 0.07978845608 FIN 9
12.16017224 44.94396409 0.1692568751 ESP 10
89.86101764 19.6333734 0.4950743503 MMR 11
82.97863959 53.36656706 0.7247146419 NPL 12
21.54700364 63.27469976 0.07978845608 DNK 13
15.28982557 55.45435195 0.07978845608 BEL 14
81.61869462 38.48151459 0.3742410319 BGD 15
29.32342569 60.26308202 0.149270533 CZE 16
60.53227821 70.69949157 0.149270533 IRN 17
66.90378527 73.1696185 0.8368283872 RUS 18
126.9953961 -43.02721393 0.7024103669 MYS 19
40.32564725 64.27947394 0.3477898169 POL 20
54.22864207 26.36235658 1.553315466 IND 21
152.3170996 3.267191743 0.3568248232 KHM 22
121.2255353 -87.72311264 2.130516129 IDN 23
18.98519009 54.88428742 0.07978845608 CHE 24
55.7461578 75.96261674 0.3656366396 TUR 25
61.27870025 54.75839425 0.3385137501 KAZ 26
