-49.30699438 88.95588334 11.174339447219777 NLD 0
70.01863829 21.82466974 20.905274867504659 UZB 1
-23.81877054 39.38440529 9.1238099527807641 ITA 2
-54.71341301 43.40857783 15.130127135942006 FRA 3
-5.561751508 81.5639083 28.48908744644163 DEU 4
165.1301617 -435.3068624 89.74323430916192 THA 5
436.2875485 -113.5356824 306.2598135576464 CHN 6
-32.74823011 -108.301947 22.348678894439555 PAK 7
70.89210236 265.4329552 11.174339447219777 SWE 8
93.52281897 255.0326402 6.4515078878685932 FIN 9
-62.45068019 11.57086499 13.685714929171148 ESP 10
127.5498591 -270.6540224 40.030553706492505 MMR 11
59.32380658 -89.78230802 58.598730423504321 NPL 12
22.78536679 122.5596857 6.4515078878685932 DNK 13
-53.94687419 70.94616215 6.4515078878685932 BEL 14
63.06117891 -196.4004256 30.260254271884012 BGD 15
42.18098687 80.76487238 12.069666072236936 CZE 16
-79.07232915 -91.92902721 12.069666072236936 IRN 17
176.7297446 189.8164766 67.66398556836107 RUS 18
359.6877263 -511.6054287 56.795258931625426 MYS 19
64.40287141 120.9067792 28.121470916674731 POL 20
-32.76685159 -319.5528361 125.59745449777407 IND 21
279.2874916 -560.2330002 28.852020389300527 KHM 22
573.9127288 -626.9552809 172.26854971646875 IDN 23
-35.14620283 53.36027157 6.4515078878685932 CHE 24
-138.1962971 -86.5526428 29.564523242762501 TUR 25
99.88075541 77.96206309 27.371429858342296 KAZ 26
