-55.17662612 106.999938 10.532315746579343 NLD 0
77.94001602 48.08020339 19.704158506512048 UZB 1
-27.54390017 49.39488843 8.5995997963332851 ITA 2
-50.20884333 66.36823444 14.260822935827107 FRA 3
-18.15318232 101.8061215 26.852241757564315 DEU 4
202.4559694 -435.7191715 84.587020497083273 THA 5
394.5036031 -33.01455791 288.66360039565484 CHN 6
40.28751663 -180.3700063 21.064631493158686 PAK 7
63.23397636 255.4954483 10.532315746579343 SWE 8
77.79331624 247.492807 6.0808353314777177 FIN 9
-60.28284914 34.27029918 12.899399694499925 ESP 10
187.032153 -284.9989822 37.73059097932456 MMR 11
58.48466458 -106.2726302 55.231929733671151 NPL 12
7.814885803 123.2824459 6.0808353314777177 DNK 13
-57.35541127 90.52852449 6.0808353314777177 BEL 14
137.8022306 -219.3425805 28.521645871654215 BGD 15
19.88833491 105.595421 11.376201217889788 CZE 16
10.0774147 -153.8756865 11.376201217889788 IRN 17
130.1164952 200.0586025 63.776338999195076 RUS 18
352.5021599 -513.1838542 53.532077023616864 MYS 19
35.80442957 139.9727143 26.505746702223028 POL 20
30.29429817 -319.4624635 118.38122995863657 IND 21
272.6628855 -555.0563579 27.194322322333289 KHM 22
572.7204264 -628.2950948 162.37082893258423 IDN 23
-30.02095198 63.86561531 6.0808353314777177 CHE 24
-28.7713967 -124.6627345 27.865888195058528 TUR 25
74.06664923 104.3052277 25.79879938899985 KAZ 26
