-46.55723131 98.61701957 11.174339447219777 NLD 0
77.46933971 40.12967282 20.905274867504659 UZB 1
-19.35791065 38.81697042 9.1238099527807641 ITA 2
-45.08000862 54.32693229 15.130127135942006 FRA 3
-7.246762401 96.70388622 28.48908744644163 DEU 4
192.1087402 -445.6525034 89.74323430916192 THA 5
426.8540955 -53.29908425 306.2598135576464 CHN 6
11.16136696 -155.0961696 22.348678894439555 PAK 7
72.74934714 255.2424588 11.174339447219777 SWE 8
93.05641922 248.7777465 6.4515078878685932 FIN 9
-64.26730653 22.07363191 13.685714929171148 ESP 10
167.3110343 -278.470988 40.030553706492505 MMR 11
67.58644613 -97.93436394 58.598730423504321 NPL 12
18.43436619 121.383488 6.4515078878685932 DNK 13
-50.13643643 81.49686381 6.4515078878685932 BEL 14
107.0900566 -209.522643 30.260254271884012 BGD 15
31.66432059 106.9767299 12.069666072236936 CZE 16
-22.86410584 -125.9139705 12.069666072236936 IRN 17
159.3375292 203.7885362 67.66398556836107 RUS 18
352.5422013 -513.1698747 56.795258931625426 MYS 19
51.06958461 141.8165591 28.121470916674731 POL 20
11.66261106 -331.2197292 125.59745449777407 IND 21
275.4314448 -560.8347919 28.852020389300527 KHM 22
572.707018 -628.2401811 172.26854971646875 IDN 23
-23.65386876 54.39697725 6.4515078878685932 CHE 24
-71.32148507 -101.5846984 29.564523242762501 TUR 25
89.02783999 101.9253924 27.371429858342296 KAZ 26
