-3.961757373 51.73518779 11.174339447219777 NLD 0
61.19854883 36.423626 20.905274867504659 UZB 1
20.74944787 41.59703881 9.1238099527807641 ITA 2
-2.191540007 35.32428296 15.130127135942006 FRA 3
4.64747977 56.77510889 28.48908744644163 DEU 4
115.1576098 22.91371614 89.74323430916192 THA 5
110.2712832 77.86453898 306.2598135576464 CHN 6
38.60963634 13.02042219 22.348678894439555 PAK 7
30.12000061 80.05251604 11.174339447219777 SWE 8
40.2322422 66.99407084 6.4515078878685932 FIN 9
2.432082486 15.71290033 13.685714929171148 ESP 10
96.2184575 22.90415215 40.030553706492505 MMR 11
87.61527961 2.761384542 58.598730423504321 NPL 12
0.8927646547 67.05886739 6.4515078878685932 DNK 13
-10.65208208 48.57868364 6.4515078878685932 BEL 14
79.04670137 11.2147005 30.260254271884012 BGD 15
10.68438478 43.55122475 12.069666072236936 CZE 16
26.52343685 43.79761998 12.069666072236936 IRN 17
80.15709273 112.0108541 67.66398556836107 RUS 18
104.3644282 3.791785075 56.795258931625426 MYS 19
12.40180895 70.96440645 28.121470916674731 POL 20
58.98311246 3.878279 125.59745449777407 IND 21
114.4691959 2.095406262 28.852020389300527 KHM 22
102.7956819 -42.08524051 172.26854971646875 IDN 23
13.36224918 41.55489157 6.4515078878685932 CHE 24
-0.3484807917 27.43621636 29.564523242762501 TUR 25
72.25881469 33.11744376 27.371429858342296 KAZ 26
