-46.64854831 96.49643456 11.174339447219777 NLD 0
73.63816135 28.89267214 20.905274867504659 UZB 1
-21.02359543 40.45119476 9.1238099527807641 ITA 2
-48.81344123 48.39523567 15.130127135942006 FRA 3
-8.014178186 86.92089023 28.48908744644163 DEU 4
180.7085127 -441.8807801 89.74323430916192 THA 5
428.4796808 -62.80764953 306.2598135576464 CHN 6
3.061622359 -136.7865303 22.348678894439555 PAK 7
71.38790229 255.3869536 11.174339447219777 SWE 8
91.8686452 246.2497111 6.4515078878685932 FIN 9
-66.27904133 15.14210404 13.685714929171148 ESP 10
158.3973652 -272.8371462 40.030553706492505 MMR 11
69.16340946 -91.76692185 58.598730423504321 NPL 12
20.35703726 117.0237447 6.4515078878685932 DNK 13
-51.11359649 75.1675377 6.4515078878685932 BEL 14
97.84354463 -203.1885886 30.260254271884012 BGD 15
31.82780202 91.27439923 12.069666072236936 CZE 16
-35.96862256 -113.9372137 12.069666072236936 IRN 17
161.5757287 192.631287 67.66398556836107 RUS 18
352.457737 -510.9650719 56.795258931625426 MYS 19
52.95016766 129.3679964 28.121470916674731 POL 20
3.169817202 -324.6345478 125.59745449777407 IND 21
276.4319984 -559.579113 28.852020389300527 KHM 22
571.9193531 -628.3079054 172.26854971646875 IDN 23
-27.3066561 55.77947971 6.4515078878685932 CHE 24
-87.23685956 -94.84429744 29.564523242762501 TUR 25
90.94158345 89.80635106 27.371429858342296 KAZ 26
