-46.79433764 88.47030276 11.174339447219777 NLD 0
69.36765507 21.02868454 20.905274867504659 UZB 1
-25.83903271 44.39938903 9.1238099527807641 ITA 2
-58.33661101 39.72300297 15.130127135942006 FRA 3
-5.471257246 79.98141955 28.48908744644163 DEU 4
158.294831 -430.4569735 89.74323430916192 THA 5
477.9222051 -117.0868677 306.2598135576464 CHN 6
-36.07381767 -106.7632546 22.348678894439555 PAK 7
71.20622902 274.5428755 11.174339447219777 SWE 8
93.30715375 263.0037533 6.4515078878685932 FIN 9
-63.06099662 10.35470989 13.685714929171148 ESP 10
113.7341997 -274.0723479 40.030553706492505 MMR 11
63.08944649 -88.10845008 58.598730423504321 NPL 12
24.32610766 121.9027484 6.4515078878685932 DNK 13
-53.72148458 69.07320931 6.4515078878685932 BEL 14
49.34399313 -193.6193588 30.260254271884012 BGD 15
47.25776242 80.02647165 12.069666072236936 CZE 16
-85.25532656 -88.40557942 12.069666072236936 IRN 17
177.1620182 191.1193733 67.66398556836107 RUS 18
365.0321271 -512.6026828 56.795258931625426 MYS 19
71.43486149 124.2882719 28.121470916674731 POL 20
-47.70437469 -316.712363 125.59745449777407 IND 21
285.1014518 -563.4758226 28.852020389300527 KHM 22
575.0198381 -627.6426793 172.26854971646875 IDN 23
-40.84741125 52.55688979 6.4515078878685932 CHE 24
-150.4152402 -82.68518121 29.564523242762501 TUR 25
101.4522893 64.98909822 27.371429858342296 KAZ 26
