-48.9562288 88.94724516 11.174339447219777 NLD 0
70.08117928 21.79217578 20.905274867504659 UZB 1
-23.81767821 39.28463249 9.1238099527807641 ITA 2
-54.55479193 43.44159345 15.130127135942006 FRA 3
-5.417792778 81.4437589 28.48908744644163 DEU 4
165.3205854 -435.4777578 89.74323430916192 THA 5
436.1078414 -113.5240763 306.2598135576464 CHN 6
-32.74615468 -108.3577978 22.348678894439555 PAK 7
70.70765032 265.2873602 11.174339447219777 SWE 8
93.54676215 255.0373237 6.4515078878685932 FIN 9
-62.32379785 11.65854354 13.685714929171148 ESP 10
127.4830215 -270.6767177 40.030553706492505 MMR 11
59.0807057 -89.77538911 58.598730423504321 NPL 12
22.90316266 122.3811172 6.4515078878685932 DNK 13
-53.92163037 71.13121615 6.4515078878685932 BEL 14
62.97938109 -196.3034695 30.260254271884012 BGD 15
42.1826164 80.77142864 12.069666072236936 CZE 16
-79.07390725 -92.25379306 12.069666072236936 IRN 17
176.6316773 189.9165058 67.66398556836107 RUS 18
359.6757731 -511.4972552 56.795258931625426 MYS 19
64.60408815 120.8433126 28.121470916674731 POL 20
-32.72606201 -319.3220534 125.59745449777407 IND 21
279.4044754 -560.3249864 28.852020389300527 KHM 22
573.7184992 -626.933768 172.26854971646875 IDN 23
-35.2390765 53.44786392 6.4515078878685932 CHE 24
-138.1780396 -86.47295218 29.564523242762501 TUR 25
99.96666066 78.06775192 27.371429858342296 KAZ 26
