-46.58954712 98.51517369 11.174339447219777 NLD 0
77.45275688 39.8632517 20.905274867504659 UZB 1
-19.43941994 38.8173663 9.1238099527807641 ITA 2
-45.16068309 54.17975 15.130127135942006 FRA 3
-7.257842245 96.45909176 28.48908744644163 DEU 4
191.9728341 -445.6527773 89.74323430916192 THA 5
427.1736114 -53.5857318 306.2598135576464 CHN 6
10.86668357 -154.6687981 22.348678894439555 PAK 7
72.74385692 255.2068936 11.174339447219777 SWE 8
93.03758719 248.808075 6.4515078878685932 FIN 9
-64.37246178 21.90755248 13.685714929171148 ESP 10
167.0622981 -278.4219095 40.030553706492505 MMR 11
67.62381803 -97.7671657 58.598730423504321 NPL 12
18.52716005 121.227151 6.4515078878685932 DNK 13
-50.19369007 81.25801708 6.4515078878685932 BEL 14
106.8059747 -209.4009494 30.260254271884012 BGD 15
31.68212568 106.7506242 12.069666072236936 CZE 16
-23.17991979 -125.5203111 12.069666072236936 IRN 17
159.443031 203.6120343 67.66398556836107 RUS 18
352.515554 -513.1830522 56.795258931625426 MYS 19
51.12403633 141.6049465 28.121470916674731 POL 20
11.32018908 -331.2076099 125.59745449777407 IND 21
275.4290991 -560.82173 28.852020389300527 KHM 22
572.7252446 -628.2780667 172.26854971646875 IDN 23
-23.644326 54.38485641 6.4515078878685932 CHE 24
-71.7736867 -101.4737988 29.564523242762501 TUR 25
89.11576929 101.6997793 27.371429858342296 KAZ 26
