-46.92690418 88.56400007 11.174339447219777 NLD 0
69.36581217 21.08739128 20.905274867504659 UZB 1
-25.87940123 44.36924772 9.1238099527807641 ITA 2
-58.50848622 39.68905325 15.130127135942006 FRA 3
-5.170445558 80.20863343 28.48908744644163 DEU 4
158.1517977 -430.782129 89.74323430916192 THA 5
477.4223785 -117.4367211 306.2598135576464 CHN 6
-35.4488847 -106.4781578 22.348678894439555 PAK 7
71.22153531 274.7808288 11.174339447219777 SWE 8
93.66920733 263.213024 6.4515078878685932 FIN 9
-62.80330939 10.26543914 13.685714929171148 ESP 10
113.8968912 -274.0707808 40.030553706492505 MMR 11
63.08520461 -88.2574029 58.598730423504321 NPL 12
24.13169812 121.8463258 6.4515078878685932 DNK 13
-53.68450036 69.12303693 6.4515078878685932 BEL 14
49.53485475 -193.5582112 30.260254271884012 BGD 15
47.4568302 80.15176185 12.069666072236936 CZE 16
-85.64310391 -88.36024052 12.069666072236936 IRN 17
177.3623269 191.23712 67.66398556836107 RUS 18
364.9350674 -512.7963417 56.795258931625426 MYS 19
71.26395031 124.3662959 28.121470916674731 POL 20
-47.674829 -316.8410718 125.59745449777407 IND 21
285.0001394 -563.3359691 28.852020389300527 KHM 22
575.1638905 -627.8421597 172.26854971646875 IDN 23
-40.94178383 52.49985244 6.4515078878685932 CHE 24
-150.1121365 -82.83579583 29.564523242762501 TUR 25
101.3993498 65.16690924 27.371429858342296 KAZ 26
