-55.17636213 107.0017711 10.532315746579343 NLD 0
77.93986468 48.08127876 19.704158506512048 UZB 1
-27.5460119 49.39721978 8.5995997963332851 ITA 2
-50.20966897 66.36986386 14.260822935827107 FRA 3
-18.15506492 101.8075244 26.852241757564315 DEU 4
202.4711074 -435.7089146 84.587020497083273 THA 5
394.4801438 -33.01283468 288.66360039565484 CHN 6
40.28644691 -180.3699441 21.064631493158686 PAK 7
63.22935449 255.4892705 10.532315746579343 SWE 8
77.78798711 247.4870213 6.0808353314777177 FIN 9
-60.28206783 34.27301234 12.899399694499925 ESP 10
187.0319577 -284.9973269 37.73059097932456 MMR 11
58.48360212 -106.2764748 55.231929733671151 NPL 12
7.812250263 123.282002 6.0808353314777177 DNK 13
-57.3554492 90.53007982 6.0808353314777177 BEL 14
137.8031311 -219.3458557 28.521645871654215 BGD 15
19.88465294 105.5944518 11.376201217889788 CZE 16
10.07793974 -153.8765306 11.376201217889788 IRN 17
130.1094607 200.0538149 63.776338999195076 RUS 18
352.5021599 -513.1838542 53.532077023616864 MYS 19
35.80165677 139.9694338 26.505746702223028 POL 20
30.29600866 -319.4552392 118.38122995863657 IND 21
272.6601129 -555.0487332 27.194322322333289 KHM 22
572.7204264 -628.2950948 162.37082893258423 IDN 23
-30.02288763 63.86695244 6.0808353314777177 CHE 24
-28.76850958 -124.6643412 27.865888195058528 TUR 25
74.0616251 104.3061192 25.79879938899985 KAZ 26
