-1.953507936 89.2610599 12.557061120706921 HRV 0
109.3484022 89.77598849 37.190267079057826 UZB 1
15.44820454 67.11534517 16.219054210516582 BGR 2
-99.07977355 39.18579933 4.8067563876665504 ESH 3
-49.39951018 -62.81176062 8.2122012116535252 GNQ 4
9.265977401 76.18008775 16.768756670155742 SRB 5
-96.15563341 11.28031694 30.241677316167273 BFA 6
-84.53533507 -34.56501466 18.870849556599598 TGO 7
87.22054604 74.88435699 16.009163623128554 TKM 8
78.75168781 160.5568008 8.4843270967260729 LVA 9
-23.89707249 128.8859884 57.238547839388026 DEU 10
212.1680881 -66.93592203 53.143183431408069 THA 11
91.51688203 96.62396813 20.237889446289813 AZE 12
215.2391161 59.44064097 236.80474093456917 CHN 13
-49.37108813 -68.90767569 9.789922219419763 GAB 14
127.4586476 -8.679914611 97.25798843362314 PAK 15
12.26930435 -69.5331888 23.545605091055275 RWA 16
39.45196958 46.14615218 30.225840536078788 SYR 17
-0.9200177284 -98.33438311 28.444318200884272 ZMB 18
-4.793635315 143.5944715 15.2478088008267 DNK 19
170.1977385 -18.89950068 34.860711515510097 NPL 20
-39.80098048 50.68669449 22.136663020574257 TUN 21
167.7522947 -59.05506083 82.479617937764189 BGD 22
125.7807131 82.97614401 16.276737746062985 KGZ 23
-5.316884696 29.62933284 66.584789381892961 EGY 24
-70.78256959 48.50707989 42.35386041920701 DZA 25
-49.67090211 35.16456342 32.710506560757047 NER 26
108.3501931 52.41685921 40.760695937709116 AFG 27
77.28513146 -19.01196048 36.810586215824081 YEM 28
-91.13357073 73.02924838 20.076669064768613 PRT 29
-16.54421764 -72.07477231 63.422018311371339 COD 30
78.26914212 5.379900616 13.020670410425378 KWT 31
-64.8108723 62.62500223 1.1329633457435904 GIB 32
237.0708721 -75.35306323 25.816605213989654 KHM 33
226.187325 -141.5168958 104.48136402769953 IDN 34
120.968409 71.91832308 19.974416800942763 TJK 35
-138.1545252 -20.42186281 18.595133539528913 SLE 36
38.69564846 75.51468956 58.098497280179103 TUR 37
77.73692446 145.3746754 19.3284881314313 BLR 38
23.43439242 109.1825592 19.987163229818361 HUN 39
7.169045222 65.55968598 9.0569604257762002 MKD 40
227.7511212 -53.91316767 4.2198916596449774 BRN 41
-11.05940867 -131.5969736 48.747317566996678 ZAF 42
-10.12181613 -1.062637853 26.813465849264972 TCD 43
-22.56619201 85.71415297 1.1508063858912092 SMR 44
-50.47008172 100.8953497 50.468822644874962 FRA 45
27.03272153 -119.0988533 36.514378401015769 MOZ 46
44.01164644 -32.21249286 70.546041612587103 ETH 47
46.11874715 -4.788730897 12.142968576167476 ERI 48
-43.03005612 69.12605065 1.7770982283583625 AND 49
1.99962839 82.13247964 11.238449618691737 BIH 50
-22.90258409 -105.2294968 37.985730249503682 AGO 51
92.06568841 165.5553703 14.769275929636084 FIN 52
15.00020631 -0.854270762 43.500575062320337 SDN 53
182.9017084 -14.44371817 5.565028320431276 BTN 54
219.7209088 -34.72215905 46.332917598525327 MMR 55
186.785725 137.0278063 11.644467007726591 MNG 56
308.9243645 70.84680892 45.13134315363525 KOR 57
-22.57501375 -41.00906774 15.029101654374699 CAF 58
23.13871872 30.36625266 18.996217189388506 ISR 59
228.5618929 -20.01366996 5.2620541529842972 MAC 60
257.1792268 -54.00228191 62.357436562825313 VNM 61
-97.23530854 53.49903778 38.579420067195542 MAR 62
20.07325036 44.4132678 14.511818404630572 LBN 63
61.93428905 0.6319548286 38.121459497544961 SAU 64
85.42867652 28.31877533 59.22384170286221 IRN 65
62.38938615 -14.26442222 6.6859618848297169 DJI 66
75.77589074 155.047168 10.340522835179389 LTU 67
161.3925039 150.919604 75.375622048486363 RUS 68
6.879210682 -114.5313228 25.603029953893035 ZWE 69
-105.3238393 27.98558739 13.83031670550182 MRT 70
-4.451304018 -110.7141841 10.258426419874205 BWA 71
78.48263452 -2.392183997 10.336581335956653 QAT 72
-140.2818476 1.966646296 10.444430594358346 GMB 73
112.6213908 -149.9869133 237.05012914518309 IND 74
-46.58266006 -49.17002282 33.567875577731229 CMR 75
-24.02637301 43.02238407 0.14273996463758234 VAT 76
-129.5195019 -39.40373714 14.598607327398124 LBR 77
-98.32645257 -22.29117929 36.635262367418953 GHA 78
38.75681525 104.6201348 27.972298945107518 ROU 79
78.84525038 126.3326179 38.017095393994964 UKR 80
9.262571413 -84.65833251 22.819205598105199 BDI 81
64.8952972 -65.09056435 46.5542406551113 KEN 82
-127.1957016 -7.269518363 23.625512441898575 GIN 83
18.13427217 -99.31848345 28.693573347859068 MWI 84
-4.030551592 99.89248867 9.130896023358769 SVN 85
12.73795871 -124.6591879 9.5742239410731038 LSO 86
-121.504127 -25.46714724 33.699632998247999 CIV 87
82.4766313 -39.4934044 26.714119015999053 SOM 88
10.00852738 -25.9062601 20.88447149161146 SSD 89
263.0058259 -136.0391621 7.3160324182542684 TLS 90
-21.81455228 97.01503508 1.2443781621195815 LIE 91
-52.06603917 124.7596988 21.43952368190336 BEL 92
-41.75402713 -64.75948636 15.498300193355377 COG 93
35.37998527 -78.96867666 51.503024119408458 TZA 94
6.924483498 111.7411023 20.317769221632126 CZE 95
223.4309934 -94.6278246 36.735232949191008 MYS 96
26.04743538 120.5558576 15.098083179099644 SVK 97
9.163721106 -47.37561551 43.713866559415592 UGA 98
267.2069968 132.224637 32.078087891570178 PRK 99
-33.69565693 108.6361954 5.0748022272783357 LUX 100
-88.69820039 -4.864057264 23.22454234302446 BEN 101
9.061915477 55.76786868 20.168303373972602 GRC 102
-29.38310991 91.7666954 18.601158916192968 CHE 103
-131.314304 13.04142196 26.432728327444451 SEN 104
33.24333411 15.25820696 21.116832849381122 JOR 105
-49.22211328 140.3900092 26.324593283299887 NLD 106
90.25951285 -8.434886804 13.515899445744749 OMN 107
-26.29270851 69.75513372 48.120519234662289 ITA 108
240.9517013 -33.03402486 17.328067322333666 LAO 109
81.95821296 87.96071647 10.453205380069374 ARM 110
-9.848419785 69.15273411 1.1942482260115264 MCO 111
88.78895208 2.396493771 19.347453128436602 ARE 112
34.13399752 32.24021249 14.534966062107987 PSE 113
82.065625 171.6444227 20.43077159041167 SWE 114
51.15742889 100.1276957 11.625204021819526 MDA 115
-70.44629938 76.97289279 43.233246755155612 ESP 116
-49.82034128 -6.921942728 93.824250225672941 NGA 117
0.9300533925 63.65538565 10.55503888936032 ALB 118
16.33311575 -128.7962442 6.900410717382937 SWZ 119
83.84400704 110.4260323 12.109364060164401 GEO 120
-32.15032645 36.18435571 16.460338010442232 LBY 121
259.0008962 -114.4282949 20.1571877413366 PNG 122
46.62313542 137.6759098 40.170840382954083 POL 123
-5.793929836 109.0143535 18.771797818654669 AUT 124
237.142505 -22.21087629 17.166224104648915 HKG 125
83.59112504 162.5171612 7.2136660185443509 EST 126
72.46184899 165.0030684 14.673779446007559 NOR 127
0.2347685278 75.5901925 4.9631652484305366 MNE 128
51.78484766 25.41161482 42.306690389331351 IRQ 129
-133.7693277 1.446953645 9.1975944702771741 GNB 130
-90.91127062 30.71189594 30.269287604609637 MLI 131
104.2115254 115.2284165 27.770536099467865 KAZ 132
