52.40079397 94.15634888 12.557061120706921 HRV 0
179.4163503 69.5038952 37.190267079057826 UZB 1
75.69133191 72.70518623 16.219054210516582 BGR 2
-136.9972416 55.08364979 4.8067563876665504 ESH 3
-57.12577257 -89.80815459 8.2122012116535252 GNQ 4
69.20795874 85.97023218 16.768756670155742 SRB 5
-137.9712452 -16.54740531 30.241677316167273 BFA 6
-149.353957 -63.78412866 18.870849556599598 TGO 7
160.9721194 54.58193455 16.009163623128554 TKM 8
151.5621569 155.7482455 8.4843270967260729 LVA 9
16.66687167 139.4679636 57.238547839388026 DEU 10
234.3504046 -173.7476631 53.143183431408069 THA 11
154.6016782 70.4444886 20.237889446289813 AZE 12
289.6391475 3.112185005 236.80474093456917 CHN 13
-58.95275085 -97.70974419 9.789922219419763 GAB 14
190.0934787 -115.9662066 97.25798843362314 PAK 15
27.04212027 -159.28375 23.545605091055275 RWA 16
79.95157494 5.819039951 30.225840536078788 SYR 17
-11.08051322 -178.3390512 28.444318200884272 ZMB 18
18.56674033 171.744758 15.2478088008267 DNK 19
105.8556688 -124.2039344 34.860711515510097 NPL 20
-48.03874721 29.37384335 22.136663020574257 TUN 21
178.2161338 -195.7747596 82.479617937764189 BGD 22
204.9324831 75.68642991 16.276737746062985 KGZ 23
-10.55058813 13.58087696 66.584789381892961 EGY 24
-97.12132917 30.22640115 42.35386041920701 DZA 25
-87.25101365 -16.30661367 32.710506560757047 NER 26
167.6265935 19.783625 40.760695937709116 AFG 27
100.3221599 -81.84429542 36.810586215824081 YEM 28
-116.2618295 87.6965958 20.076669064768613 PRT 29
-27.53728534 -133.4466134 63.422018311371339 COD 30
106.7909149 -48.8687075 13.020670410425378 KWT 31
-72.35171606 59.83894112 1.1329633457435904 GIB 32
302.8146457 -158.3546092 25.816605213989654 KHM 33
277.0526062 -230.6777896 104.48136402769953 IDN 34
186.8988759 44.44236837 19.974416800942763 TJK 35
-205.2712389 -8.46126784 18.595133539528913 SLE 36
92.26222512 44.81791829 58.098497280179103 TUR 37
145.315867 136.5624054 19.3284881314313 BLR 38
83.15624178 104.5529368 19.987163229818361 HUN 39
57.61353136 65.99242599 9.0569604257762002 MKD 40
280.8350609 -132.5333327 4.2198916596449774 BRN 41
-28.99909415 -216.2061113 48.747317566996678 ZAF 42
-39.30838783 -49.49340675 26.813465849264972 TCD 43
-22.3157778 86.62214723 1.1508063858912092 SMR 44
-47.53457004 97.88120687 50.468822644874962 FRA 45
45.37727795 -208.2751314 36.514378401015769 MOZ 46
25.94200761 -76.47822016 70.546041612587103 ETH 47
45.26000395 -43.25083435 12.142968576167476 ERI 48
-45.65701159 74.07407745 1.7770982283583625 AND 49
54.69533012 83.76299778 11.238449618691737 BIH 50
-71.91872416 -152.8719222 37.985730249503682 AGO 51
171.2602134 169.309236 14.769275929636084 FIN 52
-8.073165581 -38.65963914 43.500575062320337 SDN 53
237.8742546 -114.3206461 5.565028320431276 BTN 54
254.7681265 -134.239631 46.332917598525327 MMR 55
265.29269 107.7092654 11.644467007726591 MNG 56
398.8549335 80.773691 45.13134315363525 KOR 57
-25.32235055 -88.89517179 15.029101654374699 CAF 58
31.98921775 8.516378931 18.996217189388506 ISR 59
248.3763855 -110.7303198 5.2620541529842972 MAC 60
352.3020871 -143.2676398 62.357436562825313 VNM 61
-117.2363775 60.61321343 38.579420067195542 MAR 62
40.74242214 20.67829486 14.511818404630572 LBN 63
75.20695016 -58.79931118 38.121459497544961 SAU 64
132.9496429 -4.668476021 59.22384170286221 IRN 65
54.5613782 -57.49376907 6.6859618848297169 DJI 66
145.4859003 149.8900098 10.340522835179389 LTU 67
225.2784729 127.5781699 75.375622048486363 RUS 68
0.6697650497 -200.911869 25.603029953893035 ZWE 69
-148.9514702 41.60957764 13.83031670550182 MRT 70
-29.06464586 -180.895207 10.258426419874205 BWA 71
95.50619173 -51.46851815 10.336581335956653 QAT 72
-202.0425543 9.405069693 10.444430594358346 GMB 73
125.1536276 -328.6576165 237.05012914518309 IND 74
-44.22102645 -76.30629803 33.567875577731229 CMR 75
-24.53536758 42.65260058 0.14273996463758234 VAT 76
-205.1630567 -26.45776041 14.598607327398124 LBR 77
-163.7583675 -43.59483241 36.635262367418953 GHA 78
95.58997869 86.98865638 27.972298945107518 ROU 79
140.6998517 111.1241559 38.017095393994964 UKR 80
11.04262007 -172.5033954 22.819205598105199 BDI 81
58.52569881 -118.6539608 46.5542406551113 KEN 82
-186.5292789 6.494389834 23.625512441898575 GIN 83
32.93565923 -181.8720918 28.693573347859068 MWI 84
55.14885997 105.7854473 9.130896023358769 SVN 85
4.739882593 -185.5949291 9.5742239410731038 LSO 86
-184.500397 -19.56121469 33.699632998247999 CIV 87
68.78956259 -87.55050998 26.714119015999053 SOM 88
-5.946826004 -102.2038929 20.88447149161146 SSD 89
328.8596568 -210.8047259 7.3160324182542684 TLS 90
35.64020804 116.1152526 1.2443781621195815 LIE 91
-49.7637897 130.5828751 21.43952368190336 BEL 92
-50.56433944 -105.9428378 15.498300193355377 COG 93
66.03384171 -164.7256086 51.503024119408458 TZA 94
58.73035718 138.0281621 20.317769221632126 CZE 95
275.9402507 -167.2914773 36.735232949191008 MYS 96
89.1231488 121.4385755 15.098083179099644 SVK 97
19.70864616 -128.1134537 43.713866559415592 UGA 98
331.7668566 113.4585711 32.078087891570178 PRK 99
-30.86268264 116.3108048 5.0748022272783357 LUX 100
-137.0200615 -41.11491075 23.22454234302446 BEN 101
46.9540621 53.77234691 20.168303373972602 GRC 102
20.96621624 105.0211986 18.601158916192968 CHE 103
-185.7255232 29.68262761 26.432728327444451 SEN 104
52.7091506 -4.751627346 21.116832849381122 JOR 105
-52.18426055 152.1121559 26.324593283299887 NLD 106
116.4451389 -55.8329975 13.515899445744749 OMN 107
16.75863781 67.51003576 48.120519234662289 ITA 108
292.7470576 -134.57937 17.328067322333666 LAO 109
142.9166696 64.53129144 10.453205380069374 ARM 110
-4.797495499 80.51594159 1.1942482260115264 MCO 111
119.0178588 -41.06573711 19.347453128436602 ARE 112
49.03523746 30.69195699 14.534966062107987 PSE 113
160.1294988 180.3842444 20.43077159041167 SWE 114
113.2813669 87.59692175 11.625204021819526 MDA 115
-87.07478063 81.55769659 43.233246755155612 ESP 116
-101.7211153 -79.89313559 93.824250225672941 NGA 117
49.86639688 70.10553408 10.55503888936032 ALB 118
25.00646296 -212.6210291 6.900410717382937 SWZ 119
150.2398725 84.04679001 12.109364060164401 GEO 120
-53.31772504 -8.775756945 16.460338010442232 LBY 121
323.9536815 -167.9812569 20.1571877413366 PNG 122
112.5388926 135.4521377 40.170840382954083 POL 123
55.33896833 119.5265228 18.771797818654669 AUT 124
282.6255917 -122.7787915 17.166224104648915 HKG 125
157.7291261 159.517975 7.2136660185443509 EST 126
150.4101978 166.4027795 14.673779446007559 NOR 127
51.15840246 77.16755421 4.9631652484305366 MNE 128
92.71880271 -27.49835936 42.306690389331351 IRQ 129
-196.11867 17.58407469 9.1975944702771741 GNB 130
-138.2779375 18.19229629 30.269287604609637 MLI 131
167.6849819 97.79405387 27.770536099467865 KAZ 132
