75.81677185 85.70517932 12.557061120706921 HRV 0
203.7123828 61.23924236 37.190267079057826 UZB 1
107.7976416 80.63914413 16.219054210516582 BGR 2
-145.0653269 44.35761593 4.8067563876665504 ESH 3
-71.17857038 -110.1511535 8.2122012116535252 GNQ 4
91.71844396 80.91225597 16.768756670155742 SRB 5
-164.4921492 -30.58770706 30.241677316167273 BFA 6
-167.0507216 -79.59736267 18.870849556599598 TGO 7
180.003807 50.57253969 16.009163623128554 TKM 8
179.5224079 157.0274608 8.4843270967260729 LVA 9
44.31216651 158.6822996 57.238547839388026 DEU 10
233.9241175 -198.1528558 53.143183431408069 THA 11
176.5583254 67.87116472 20.237889446289813 AZE 12
322.7586074 -19.77051116 236.80474093456917 CHN 13
-71.47767223 -118.9132248 9.789922219419763 GAB 14
196.3606579 -125.6845384 97.25798843362314 PAK 15
16.65173275 -181.3062466 23.545605091055275 RWA 16
101.0547255 -4.190113129 30.225840536078788 SYR 17
-26.47543328 -201.8586213 28.444318200884272 ZMB 18
14.02995748 187.9128167 15.2478088008267 DNK 19
104.3414468 -127.8588726 34.860711515510097 NPL 20
-57.03961293 11.72603221 22.136663020574257 TUN 21
165.798516 -209.2330852 82.479617937764189 BGD 22
229.6068106 64.62809798 16.276737746062985 KGZ 23
-7.864432319 12.14052335 66.584789381892961 EGY 24
-109.610243 13.27776024 42.35386041920701 DZA 25
-103.36213 -39.79614863 32.710506560757047 NER 26
190.9667027 11.60851789 40.760695937709116 AFG 27
112.0619817 -93.81994348 36.810586215824081 YEM 28
-115.353463 93.61970417 20.076669064768613 PRT 29
-40.89552675 -159.4366294 63.422018311371339 COD 30
125.561079 -70.55206144 13.020670410425378 KWT 31
-72.02391163 60.23309591 1.1329633457435904 GIB 32
312.687115 -203.3675618 25.816605213989654 KHM 33
267.0720794 -267.3863763 104.48136402769953 IDN 34
210.0511173 34.15745238 19.974416800942763 TJK 35
-222.4910269 -5.457979201 18.595133539528913 SLE 36
123.338853 47.88701878 58.098497280179103 TUR 37
171.0008238 133.205546 19.3284881314313 BLR 38
105.8257504 98.28223504 19.987163229818361 HUN 39
87.2151898 66.66777558 9.0569604257762002 MKD 40
289.6027356 -157.3522392 4.2198916596449774 BRN 41
-50.621763 -233.839497 48.747317566996678 ZAF 42
-49.6605421 -65.43220483 26.813465849264972 TCD 43
-15.22939414 83.8220988 1.1508063858912092 SMR 44
-26.72840408 107.1860502 50.468822644874962 FRA 45
26.9319024 -238.0258069 36.514378401015769 MOZ 46
26.17177652 -95.23695417 70.546041612587103 ETH 47
40.72820906 -57.71452048 12.142968576167476 ERI 48
-45.22099661 73.62407308 1.7770982283583625 AND 49
79.53324444 74.73993207 11.238449618691737 BIH 50
-87.47441094 -175.7038773 37.985730249503682 AGO 51
200.2262408 171.9519281 14.769275929636084 FIN 52
-14.92487776 -57.8151768 43.500575062320337 SDN 53
243.5041551 -148.209455 5.565028320431276 BTN 54
265.265823 -161.1946543 46.332917598525327 MMR 55
293.9393062 104.1309186 11.644467007726591 MNG 56
425.5090358 78.29999206 45.13134315363525 KOR 57
-41.66955035 -106.5027078 15.029101654374699 CAF 58
52.03261003 -2.877098978 18.996217189388506 ISR 59
266.3492672 -136.0758608 5.2620541529842972 MAC 60
371.5896889 -180.3651277 62.357436562825313 VNM 61
-118.6854594 65.1731941 38.579420067195542 MAR 62
59.34765473 11.7376877 14.511818404630572 LBN 63
85.251543 -68.73923048 38.121459497544961 SAU 64
145.1838526 -4.938801813 59.22384170286221 IRN 65
54.56070051 -70.5058047 6.6859618848297169 DJI 66
172.8894857 147.6542394 10.340522835179389 LTU 67
252.5836137 116.0561232 75.375622048486363 RUS 68
-15.33180899 -225.7962381 25.603029953893035 ZWE 69
-158.874481 31.84727808 13.83031670550182 MRT 70
-44.96092361 -205.6509025 10.258426419874205 BWA 71
109.5494478 -69.98668445 10.336581335956653 QAT 72
-219.3102304 8.322827845 10.444430594358346 GMB 73
123.239752 -358.9181392 237.05012914518309 IND 74
-60.84106245 -92.64528593 33.567875577731229 CMR 75
-15.31260679 45.99831423 0.14273996463758234 VAT 76
-224.8162162 -21.52536567 14.598607327398124 LBR 77
-184.9368617 -59.34167252 36.635262367418953 GHA 78
129.0491358 94.81984824 27.972298945107518 ROU 79
163.3969189 105.942961 38.017095393994964 UKR 80
-2.935819733 -192.505123 22.819205598105199 BDI 81
54.02452805 -144.9862615 46.5542406551113 KEN 82
-201.4270591 -0.9114181316 23.625512441898575 GIN 83
16.83390867 -207.9477045 28.693573347859068 MWI 84
76.7999272 96.23957751 9.130896023358769 SVN 85
-1.98360931 -208.2861485 9.5742239410731038 LSO 86
-202.0578909 -29.6960319 33.699632998247999 CIV 87
73.49568662 -98.01160017 26.714119015999053 SOM 88
-9.368494511 -121.9995199 20.88447149161146 SSD 89
336.7810447 -231.3463398 7.3160324182542684 TLS 90
57.95198153 114.9939574 1.2443781621195815 LIE 91
-32.67298097 142.781841 21.43952368190336 BEL 92
-63.24919362 -128.0863777 15.498300193355377 COG 93
52.97027773 -193.1392434 51.503024119408458 TZA 94
81.99808987 134.8362231 20.317769221632126 CZE 95
282.7436843 -197.7244024 36.735232949191008 MYS 96
110.9851934 114.7184439 15.098083179099644 SVK 97
10.18559115 -148.9953595 43.713866559415592 UGA 98
359.5429451 105.8597312 32.078087891570178 PRK 99
-10.74419535 129.8465861 5.0748022272783357 LUX 100
-155.7984879 -59.20027495 23.22454234302446 BEN 101
85.36687513 52.01882517 20.168303373972602 GRC 102
40.72346646 117.7479673 18.601158916192968 CHE 103
-198.3040834 24.00052848 26.432728327444451 SEN 104
62.49054001 -19.4038808 21.116832849381122 JOR 105
-38.64073052 166.9084588 26.324593283299887 NLD 106
135.6370404 -79.61598087 13.515899445744749 OMN 107
29.60567051 63.91114886 48.120519234662289 ITA 108
294.6731526 -172.0485595 17.328067322333666 LAO 109
162.7521406 62.19222767 10.453205380069374 ARM 110
-4.429529819 80.67301833 1.1942482260115264 MCO 111
139.905873 -64.0444737 19.347453128436602 ARE 112
73.21741446 14.58691386 14.534966062107987 PSE 113
188.5721173 184.5149917 20.43077159041167 SWE 114
142.489942 80.80706534 11.625204021819526 MDA 115
-83.89900796 84.63782981 43.233246755155612 ESP 116
-121.0624915 -109.4874549 93.824250225672941 NGA 117
73.227753 60.79767307 10.55503888936032 ALB 118
4.598347339 -240.6679094 6.900410717382937 SWZ 119
171.7337526 82.88494491 12.109364060164401 GEO 120
-64.92309608 -24.94556254 16.460338010442232 LBY 121
330.3085613 -176.7363701 20.1571877413366 PNG 122
139.5262639 138.1619311 40.170840382954083 POL 123
77.3790979 110.6042164 18.771797818654669 AUT 124
301.1495449 -156.5337751 17.166224104648915 HKG 125
186.5349371 160.079406 7.2136660185443509 EST 126
179.660458 168.6712446 14.673779446007559 NOR 127
75.13061828 68.19825286 4.9631652484305366 MNE 128
116.5205738 -45.18001464 42.306690389331351 IRQ 129
-214.3630938 16.51633045 9.1975944702771741 GNB 130
-149.0185429 3.445745317 30.269287604609637 MLI 131
194.9122082 91.7265222 27.770536099467865 KAZ 132
