-43.77667495 1.314288955 4.7472542821757884 ECU 0
-17.16015077 13.11834404 0.87865139884746146 SUR 1
-9.039264038 -3.769210979 16.374576927854349 BRA 2
-22.13836369 -28.59995549 7.5305872859570888 ARG 3
-55.01441472 12.78051869 2.9546166451499345 NIC 4
-68.59694946 24.25374465 0.71337910523848391 BLZ 5
-28.51335891 -16.76235733 3.9176719172431178 BOL 6
-61.43517012 16.11474868 3.6227725255447951 HND 7
-21.8344411 -18.17182048 2.9155880831169001 PRY 8
-88.18489581 100.4729711 6.9315283928660048 CAN 9
-13.94947463 -23.56212032 2.0592961534022747 URY 10
-67.10053888 11.52113819 2.8081764469030146 SLV 11
-81.00377788 33.30302052 12.615243031416425 MEX 12
-50.51840179 8.181301672 2.5411245245006104 CRI 13
-44.80177406 8.776312754 2.3528189967205462 PAN 14
-70.72044031 18.70146739 4.7343943900960257 GTM 15
-23.45537641 18.1621861 5.9773144476431224 VEN 16
-35.37824014 -22.36079866 4.9314512791066454 CHL 17
-35.41386496 -8.907822945 6.5237829189637537 PER 18
-84.68068284 69.47298232 20.523724091066036 USA 19
-32.66075001 7.608067495 8.0329855948055844 COL 20
-15.61984785 13.96044817 0.6220745687835374 GUF 21
-19.01254916 12.78384079 1.0040882470144172 GUY 22
