20.19823793 49.08700862 44.533807217745306 HRV 0
63.85003319 43.83016453 46.996992309527926 UZB 1
30.97585627 39.75966114 41.283221069846888 BGR 2
-18.83208739 20.75182914 7.8192686958681321 ESH 3
11.09421404 2.126242811 41.144141883759261 GNQ 4
26.65048402 43.97273481 47.562754637560218 SRB 5
0.6615602208 9.706612352 48.517286333017566 BFA 6
3.634808154 1.410133342 67.885934341846365 TGO 7
56.55028307 38.74914946 19.54817173967033 TKM 8
29.23443906 58.7333623 28.529617402176342 LVA 9
13.00090741 58.68151283 81.260223955657779 DEU 10
98.68085214 9.84875834 62.370616214222537 THA 11
49.640124 42.46202809 59.066540424000038 AZE 12
94.92793043 41.8356643 64.715963728167878 CHN 13
10.75370512 -4.33825936 16.237930984916545 GAB 14
67.03902591 36.12042013 92.95150523365362 PAK 15
29.10612157 -3.427009303 125.77847256289328 RWA 16
42.07141434 36.74903338 59.195789025863917 SYR 17
29.84123746 -16.70179799 27.714316641600973 ZMB 18
13.7123019 62.39980044 63.973613362656039 DNK 19
80.41842879 23.04483195 77.258569148282902 NPL 20
16.89859222 21.32324545 47.118798973368882 TUN 21
87.55765901 27.07103836 191.81129906251886 BGD 22
74.62427345 45.48124253 31.15465914825036 KGZ 23
26.07205885 24.51315932 56.011567205046987 EGY 24
11.62415577 15.86768318 23.046954582448855 DZA 25
11.79784344 14.60514572 24.415658677317786 NER 26
63.11252198 36.23538914 42.334317948036556 AFG 27
50.16721684 17.224041 42.514464795643661 YEM 28
-19.23785772 40.16666509 55.669404154608429 PRT 29
22.62332736 -0.4237286952 35.349235211658097 COD 30
49.71986879 27.11623583 81.845933020002008 KWT 31
-28.46322168 33.57820687 364.84451337081953 GIB 32
105.8980474 4.505306935 51.571619014831185 KHM 33
121.527594 -7.741136347 63.973613362656039 IDN 34
70.26511059 37.7642785 45.003270962534728 TJK 35
-16.02832252 6.052229633 58.088009882856824 SLE 36
39.51357284 38.35552626 55.08284928911408 TUR 37
36.71342931 46.52625259 35.992001226004987 BLR 38
25.11295923 49.21886038 55.497531548808638 HUN 39
28.26154919 35.62235848 47.843126988086951 MKD 40
118.131022 -0.5289422754 48.752999233091558 BRN 41
20.12322536 -32.97845615 37.141526305373105 ZAF 42
17.57543593 13.42446873 20.030915338092207 TCD 43
14.90698208 48.5885828 124.60330363242798 SMR 44
-12.68442434 47.59386261 57.226417215971679 FRA 45
37.42738852 -16.87823028 34.528955635735002 MOZ 46
37.26332913 9.14269189 55.703715038700238 ETH 47
41.49743183 23.32211503 29.257024475064838 ERI 48
-15.02113877 44.94955674 68.697293081976909 AND 49
23.36683552 45.16533475 41.651828571755829 BIH 50
21.58464711 -11.13839758 28.529617402176342 AGO 51
44.94391207 65.40482264 22.459139436763884 FIN 52
31.34393435 16.6082457 26.731722809052243 SDN 53
84.50241908 22.10821094 23.941523083243005 BTN 54
91.93288814 22.2778528 48.121865833357347 MMR 55
91.24154067 49.34255645 7.8192686958681321 MNG 56
134.2628126 37.66300297 121.21442841543978 KOR 57
16.45959776 2.682153108 16.000868173434725 CAF 58
32.15076795 28.60870081 108.3469652742113 ISR 59
112.6387684 29.19359335 769.84065818877934 MAC 60
109.0985221 7.053203589 93.463977444750384 VNM 61
-18.49210363 22.30954028 48.438460470505902 MAR 62
34.91382284 37.36156955 120.37611148541555 LBN 63
49.34324622 22.2505117 21.855520422871578 SAU 64
54.54978611 32.63586176 38.998480138170763 IRN 65
45.87831557 9.319331238 36.831577690765926 DJI 66
24.64630687 54.88552072 34.694563087686532 LTU 67
73.10054085 63.33389855 15.638537391736264 RUS 68
28.95481331 -19.18630785 34.528955635735002 ZWE 69
-16.482176 18.34469739 11.398444904619073 MRT 70
24.38106114 -24.99517809 11.398444904619073 BWA 71
56.64324671 27.82000674 80.906763280762021 QAT 72
-18.21034096 12.4510609 87.115567062965226 GMB 73
79.47273215 17.13750658 115.3507783217006 IND 74
13.78721992 3.903482998 40.957968340926769 CMR 75
20.85347348 38.69131719 180.55358533300256 VAT 76
-8.030627622 4.378118784 39.48537140414976 LBR 77
-1.803231916 5.058189928 64.44970263401359 GHA 78
30.44823127 44.07283154 48.948559581871748 ROU 79
40.1113585 44.47927871 41.926157520964892 UKR 80
26.16522598 -9.090737933 119.48395225328625 BDI 81
42.109831 1.618597372 51.7934334536032 KEN 82
-9.227308654 9.263104607 39.966331539934984 GIN 83
39.65406192 -10.81720793 78.412295499309153 MWI 84
19.52861198 51.71205403 53.996848705407075 SVN 85
31.69421677 -26.97109615 46.09390916489771 LSO 86
-4.686079382 5.919300487 50.144013609131548 CIV 87
53.12391958 11.74050115 28.327992137877231 SOM 88
31.98563036 12.43890522 22.029670749283277 SSD 89
124.5094929 -7.954347563 50.334169822804569 TLS 90
12.01953285 54.47700412 82.774447501992341 LIE 91
2.450177931 57.56714863 103.3837733091176 BEL 92
16.20134446 -0.6736187143 22.288345023189358 COG 93
39.12003343 -7.446967503 45.927804447494381 TZA 94
18.33345185 54.74085972 61.351369429556172 CZE 95
117.4131276 -3.130172019 53.784122276120684 MYS 96
22.45519834 51.30932728 57.19301982928323 SVK 97
29.08389421 2.063250021 81.915936681853537 UGA 98
128.9478993 46.69456139 77.554769221780816 PRK 99
8.720615987 51.64339293 83.920645066883992 LUX 100
3.842013787 9.407929478 58.022187754200388 BEN 101
27.97820062 30.65245622 47.118798973368882 GRC 102
4.473216123 50.95848383 78.509702115123986 CHE 103
-15.40197284 14.72704785 50.561413279819419 SEN 104
40.35359155 25.77387027 59.453443296950098 JOR 105
7.879267618 59.81700496 120.37611148541555 NLD 106
63.08212469 26.06976833 20.408890465097933 OMN 107
19.48306908 45.60521893 74.257326877469239 ITA 108
104.7872792 9.681911462 30.283897438618197 LAO 109
46.36313881 43.61231807 51.977555731593327 ARM 110
-0.7903367217 30.79688224 708.90360667738537 MCO 111
60.99216837 27.75532873 60.913809504175333 ARE 112
39.87342492 31.5092004 157.1775121867293 PSE 113
43.02043358 63.52979711 26.87429300851052 SWE 114
33.14146867 44.38397025 53.784122276120684 MDA 115
-16.90918417 42.0526703 51.311623600559329 ESP 116
9.806563128 11.73621022 82.496990472722388 NGA 117
25.15219236 31.29238015 53.499171279035693 ALB 118
31.30478619 -20.92695711 44.145987288253025 SWZ 119
45.85674425 46.77713782 38.555021222074046 GEO 120
20.08951233 19.42987218 10.343920201829693 LBY 121
146.6865715 -14.10788984 25.110081248375081 PNG 122
22.09741214 54.40085181 60.913809504175333 POL 123
15.41224936 53.22243849 54.839503230079146 AUT 124
143.7058158 23.72784382 444.48777161398789 HKG 125
28.79841696 62.06019345 29.257024475064838 EST 126
37.38404257 59.75532347 20.408890465097933 NOR 127
24.70809469 33.61983875 35.938876471991861 MNE 128
46.3652818 31.22329224 53.890590454769722 IRQ 129
-16.40913015 9.105743288 46.010931763381734 GNB 130
-0.9429545537 10.7838897 22.963902223747191 MLI 131
65.8607605 53.23665945 14.23128383993285 KAZ 132
