-2.332074271 89.56659211 12.557061120706921 HRV 0
109.3603453 89.80079045 37.190267079057826 UZB 1
15.64485161 67.12498933 16.219054210516582 BGR 2
-98.72824653 39.04626918 4.8067563876665504 ESH 3
-49.35189648 -62.76233595 8.2122012116535252 GNQ 4
9.462359449 76.16630613 16.768756670155742 SRB 5
-95.84180106 11.26690158 30.241677316167273 BFA 6
-84.19859191 -34.4935601 18.870849556599598 TGO 7
87.22054604 74.88435699 16.009163623128554 TKM 8
78.48774628 160.1704484 8.4843270967260729 LVA 9
-23.8759939 128.8841574 57.238547839388026 DEU 10
212.1698633 -66.50396454 53.143183431408069 THA 11
91.54958995 96.61258887 20.237889446289813 AZE 12
215.1520595 59.71857492 236.80474093456917 CHN 13
-49.37108813 -68.90767569 9.789922219419763 GAB 14
127.3832975 -8.10239516 97.25798843362314 PAK 15
12.32244459 -69.32804394 23.545605091055275 RWA 16
39.10484669 46.1618524 30.225840536078788 SYR 17
-0.8960242041 -98.08751468 28.444318200884272 ZMB 18
-4.815708911 143.5828443 15.2478088008267 DNK 19
170.1013839 -18.48456178 34.860711515510097 NPL 20
-39.78393705 50.77543508 22.136663020574257 TUN 21
167.9534762 -57.93417213 82.479617937764189 BGD 22
125.7534013 82.98138802 16.276737746062985 KGZ 23
-5.258918164 29.51490933 66.584789381892961 EGY 24
-70.39515087 48.49570676 42.35386041920701 DZA 25
-49.12859104 35.00691398 32.710506560757047 NER 26
108.359142 52.68169811 40.760695937709116 AFG 27
77.12020923 -18.70645701 36.810586215824081 YEM 28
-91.00593084 73.05916475 20.076669064768613 PRT 29
-16.44378045 -71.83136898 63.422018311371339 COD 30
78.12185933 5.664115612 13.020670410425378 KWT 31
-64.7953014 62.62849316 1.1329633457435904 GIB 32
236.8984276 -75.22231765 25.816605213989654 KHM 33
226.133497 -141.0586533 104.48136402769953 IDN 34
120.9707663 71.9298836 19.974416800942763 TJK 35
-137.715775 -20.54648975 18.595133539528913 SLE 36
38.85879623 75.49413537 58.098497280179103 TUR 37
77.5749796 144.9623235 19.3284881314313 BLR 38
23.35857297 108.5754619 19.987163229818361 HUN 39
7.41382309 65.47714438 9.0569604257762002 MKD 40
227.4770719 -53.54815807 4.2198916596449774 BRN 41
-10.8447261 -131.3808808 48.747317566996678 ZAF 42
-9.891285939 -1.149663004 26.813465849264972 TCD 43
-22.56756007 85.7079479 1.1508063858912092 SMR 44
-50.47975198 100.8752658 50.468822644874962 FRA 45
27.0965758 -118.662827 36.514378401015769 MOZ 46
43.93684622 -31.88111518 70.546041612587103 ETH 47
46.00113304 -4.494018544 12.142968576167476 ERI 48
-43.03005612 69.12605065 1.7770982283583625 AND 49
2.180942622 82.08467639 11.238449618691737 BIH 50
-22.79614338 -104.9635909 37.985730249503682 AGO 51
91.87400224 165.3962167 14.769275929636084 FIN 52
15.32020114 -0.7182118623 43.500575062320337 SDN 53
182.9790777 -14.12174197 5.565028320431276 BTN 54
219.3775145 -34.27136595 46.332917598525327 MMR 55
186.5999188 137.1127572 11.644467007726591 MNG 56
308.9243645 70.84680892 45.13134315363525 KOR 57
-22.48223979 -41.04798594 15.029101654374699 CAF 58
23.14595749 30.27853119 18.996217189388506 ISR 59
228.3143453 -19.65387143 5.2620541529842972 MAC 60
256.8196835 -53.76223218 62.357436562825313 VNM 61
-96.82997968 53.32861023 38.579420067195542 MAR 62
20.07325036 44.4132678 14.511818404630572 LBN 63
61.81779138 0.916401131 38.121459497544961 SAU 64
85.45958189 28.62627065 59.22384170286221 IRN 65
62.27641263 -13.95586991 6.6859618848297169 DJI 66
75.60913321 154.6149766 10.340522835179389 LTU 67
161.2444902 150.998452 75.375622048486363 RUS 68
6.935041706 -114.2338956 25.603029953893035 ZWE 69
-104.9799393 27.8117134 13.83031670550182 MRT 70
-4.402955067 -110.461132 10.258426419874205 BWA 71
78.52786403 -2.088336921 10.336581335956653 QAT 72
-139.8470509 1.942213854 10.444430594358346 GMB 73
112.7796699 -148.8254232 237.05012914518309 IND 74
-46.44780522 -49.19683032 33.567875577731229 CMR 75
-24.02637301 43.02238407 0.14273996463758234 VAT 76
-129.108291 -39.49002833 14.598607327398124 LBR 77
-97.97132138 -22.24678701 36.635262367418953 GHA 78
38.82938404 104.7303376 27.972298945107518 ROU 79
78.69399682 125.9545168 38.017095393994964 UKR 80
9.279686096 -84.41847215 22.819205598105199 BDI 81
65.21979829 -64.45266516 46.5542406551113 KEN 82
-126.7844954 -7.398451031 23.625512441898575 GIN 83
18.66307161 -98.7213006 28.693573347859068 MWI 84
-4.435721689 100.1192572 9.130896023358769 SVN 85
12.86765079 -124.2955984 9.5742239410731038 LSO 86
-121.0866601 -25.57124054 33.699632998247999 CIV 87
82.46263508 -39.11112683 26.714119015999053 SOM 88
10.00495234 -25.7400309 20.88447149161146 SSD 89
262.999226 -135.5974921 7.3160324182542684 TLS 90
-21.97678338 96.91285856 1.2443781621195815 LIE 91
-52.06192607 124.7023812 21.43952368190336 BEL 92
-41.67998225 -64.7747507 15.498300193355377 COG 93
35.74836219 -78.29798748 51.503024119408458 TZA 94
6.540733618 111.7132084 20.317769221632126 CZE 95
223.1345425 -94.25860766 36.735232949191008 MYS 96
25.93186657 119.9374454 15.098083179099644 SVK 97
9.230794369 -47.21008808 43.713866559415592 UGA 98
267.0659192 132.3562024 32.078087891570178 PRK 99
-33.72988504 108.6224563 5.0748022272783357 LUX 100
-88.34056075 -4.822440022 23.22454234302446 BEN 101
9.061915477 55.76786868 20.168303373972602 GRC 102
-29.40901204 91.76393412 18.601158916192968 CHE 103
-130.907855 12.87363137 26.432728327444451 SEN 104
33.49141261 15.41736086 21.116832849381122 JOR 105
-49.17080675 140.2983704 26.324593283299887 NLD 106
90.17710679 -8.274719739 13.515899445744749 OMN 107
-26.22102885 69.75792549 48.120519234662289 ITA 108
240.9759326 -32.56985143 17.328067322333666 LAO 109
82.0143365 87.67304312 10.453205380069374 ARM 110
-9.848905738 69.15260989 1.1942482260115264 MCO 111
88.84532129 2.557444577 19.347453128436602 ARE 112
34.12018975 32.15993348 14.534966062107987 PSE 113
81.72373693 171.5740893 20.43077159041167 SWE 114
51.15845247 100.1279821 11.625204021819526 MDA 115
-70.3305674 76.91656263 43.233246755155612 ESP 116
-49.51656392 -7.010468342 93.824250225672941 NGA 117
1.142113444 63.73151896 10.55503888936032 ALB 118
16.47463061 -128.4097442 6.900410717382937 SWZ 119
83.89076698 110.1395591 12.109364060164401 GEO 120
-32.05883222 36.01328486 16.460338010442232 LBY 121
258.765364 -114.1632458 20.1571877413366 PNG 122
46.56050334 137.1127129 40.170840382954083 POL 123
-6.202257873 109.2340406 18.771797818654669 AUT 124
237.1202795 -21.78381398 17.166224104648915 HKG 125
83.20550236 162.3876911 7.2136660185443509 EST 126
72.28730591 164.7213025 14.673779446007559 NOR 127
0.4436724041 75.6299523 4.9631652484305366 MNE 128
51.87817515 25.72976317 42.306690389331351 IRQ 129
-133.3566543 1.29920541 9.1975944702771741 GNB 130
-90.61819731 30.66868521 30.269287604609637 MLI 131
104.2115254 115.2284165 27.770536099467865 KAZ 132
