-0.7189322362 91.36939515 28.537990747697954 HRV 0
109.1245437 74.65750363 30.116439969779236 UZB 1
56.62213306 70.35462781 26.454962073330357 BGR 2
-50.35132069 4.355214201 5.010715041841995 ESH 3
-23.37591204 -30.60626699 26.365837860205033 GNQ 4
43.83494942 70.912047 30.47898970651816 SRB 5
-49.79646599 -9.670618857 31.090669201158288 BFA 6
-34.72062567 -45.58294057 43.502415068040477 TGO 7
96.65527797 69.17233872 12.526787604604987 TKM 8
96.1820613 114.5753246 18.282244620986376 LVA 9
-18.48078784 131.3070336 52.072878208319693 DEU 10
146.3660624 -34.71154041 39.968109165848851 THA 11
95.56714955 81.65465162 37.850803455379669 AZE 12
154.8058437 69.22530405 41.471046144172696 CHN 13
-23.01355763 -42.51090181 10.405531284211813 GAB 14
111.7899912 41.46663215 59.564842129320823 PAK 15
15.27429313 -27.81554357 80.600898744385262 RWA 16
73.66015601 58.7711325 37.933628069635212 SYR 17
-7.177865847 -71.80382327 17.759786582576918 ZMB 18
3.802453211 150.2226053 40.995335909946881 DNK 19
132.1180897 71.74270304 49.508552474614177 NPL 20
-22.60403728 17.3373824 30.19449566864866 TUN 21
136.629853 0.8023547426 122.91581205230848 BGD 22
124.9670465 85.6493324 19.964414229695002 KGZ 23
-1.190274711 15.04306467 35.893126739560699 EGY 24
-31.51325807 10.38456157 14.768864773242742 DZA 25
-24.20540796 7.173064233 15.645952703424003 NER 26
104.2980232 60.66641958 27.128522113639942 AFG 27
76.91785072 -10.53715093 27.243963154759381 YEM 28
-111.5986125 68.2204506 35.673863070504133 PRT 29
-7.621630985 -31.39415025 22.6523670540011 COD 30
91.43824602 25.29051362 52.448210139348106 KWT 31
-173.2764562 3.715314402 233.79832081313785 GIB 32
163.0094011 -30.55612353 33.047935450320651 KHM 33
163.6698695 -56.31279779 40.995335909946881 IDN 34
116.4989258 63.66033838 28.838830780073092 TJK 35
-73.90897283 -35.04538073 37.223745108606629 SLE 36
70.30151201 74.86238998 35.297989136289736 TUR 37
95.88423837 105.1972817 23.064262010133788 BLR 38
48.64269494 84.94105128 35.563724298623939 HUN 39
39.88853522 57.76827987 30.658656886243435 MKD 40
174.6159343 -39.14068652 31.241717875899614 BRN 41
4.225903214 -101.283794 23.800896448749473 ZAF 42
0.16853971 -2.973554662 12.836137584002028 TCD 43
-30.13961078 83.35219184 79.847831307310187 SMR 44
-76.36660476 99.59299985 36.671622460846834 FRA 45
27.24844851 -91.94683448 22.126718509430216 MOZ 46
32.40999037 -5.526868889 35.695850045208161 ETH 47
40.40840135 3.713173084 18.7483789493274 ERI 48
-68.81742521 83.12410033 44.022346995388965 AND 49
17.72988909 94.66874206 26.691171778635322 BIH 50
-23.66170296 -56.40400682 18.282244620986376 AGO 51
111.0996888 101.2310943 14.392183230905879 FIN 52
11.94690241 1.288584468 17.13012441233149 SDN 53
122.3827661 28.40825547 15.342118873751685 BTN 54
168.1469703 14.86621724 30.837277289131155 MMR 55
130.0708342 97.02046569 5.010715041841995 MNG 56
239.5581499 10.79452991 77.676184739690541 KOR 57
-3.355464559 -14.27411403 10.253617564201088 CAF 58
22.30230565 17.72478557 69.430504277759582 ISR 59
360.2813125 -32.26279209 493.32646259444425 MAC 60
175.6863236 -12.59811119 59.893242689085007 VNM 61
-47.7571071 12.020468 31.040156301507803 MAR 62
19.68378467 71.44428095 77.138977564123607 LBN 63
66.70583848 1.10657825 14.005374311799255 SAU 64
96.16562328 52.25590799 24.990862782419555 IRN 65
63.62316112 -9.848580951 23.602276316123458 DJI 66
87.0985628 114.1323515 22.23284246843593 LTU 67
116.9892157 104.1677679 10.02143008368399 RUS 68
3.154171762 -90.64628091 22.126718509430216 ZWE 69
-51.67956776 1.904280265 7.3043095919396075 MRT 70
-8.401674152 -85.73788465 7.3043095919396075 BWA 71
97.31902817 2.630397613 51.846374837059365 QAT 72
-95.87398175 -29.11971196 55.825077668920258 GMB 73
101.9185417 -26.53387175 73.918662026558764 IND 74
-14.45459369 -22.79590099 26.246534814389989 CMR 75
-51.17257932 44.82440555 115.70168529502678 VAT 76
-70.69322269 -51.90774681 25.302870654904186 LBR 77
-48.59625096 -32.55164657 41.300421687918899 GHA 78
63.32981754 88.10336204 31.367036140219717 ROU 79
104.554492 94.67882456 26.866966248128421 UKR 80
12.04394054 -62.93750074 76.567267362310048 BDI 81
58.31770468 -34.64391031 33.190077764145322 KEN 82
-67.3510657 -22.55827326 25.611077762325817 GIN 83
38.06322694 -74.48094317 50.247879156700158 MWI 84
0.5574276397 109.8793117 34.602062231627954 SVN 85
14.68439909 -95.45549039 29.537729546485483 LSO 86
-60.86810963 -43.56012748 32.133102598504621 CIV 87
69.29405468 -17.31108803 18.15303985978268 SOM 88
19.91180169 -7.024368173 14.116972684234538 SSD 89
180.0159944 -54.53048684 32.254957804817671 TLS 90
-34.7597691 112.8220162 53.043217378827713 LIE 91
-69.67331826 126.7614833 66.25000983482235 BEL 92
-15.67075179 -35.49571145 14.282735382207104 COG 93
37.07324006 -56.6156708 29.431286931659752 TZA 94
19.30883332 117.0812453 39.314959185470592 CZE 95
147.1325985 -52.64649215 34.465743662657282 MYS 96
53.30050275 100.4745937 36.650220870193635 SVK 97
44.43110862 -21.33801344 52.493069628779978 UGA 98
168.7346857 85.77330327 49.698362317631073 PRK 99
-43.54210178 135.1338552 53.777719491839861 LUX 100
-34.47403048 -9.942514133 37.181565213916137 BEN 101
26.66150764 39.65640239 30.19449566864866 GRC 102
-55.08374381 99.24090015 50.310298906426482 CHE 103
-70.00988939 -9.169416115 32.400579122170356 SEN 104
55.00633894 0.9943207651 38.098737133147701 JOR 105
-32.93689417 162.5402614 77.138977564123607 NLD 106
83.85810073 -3.15111397 13.078350216409746 OMN 107
-9.465537289 63.58248641 47.585307427602821 ITA 108
179.7434538 14.28219804 19.406415909645048 LAO 109
86.16028603 68.7454428 33.308066325960112 ARM 110
74.64836108 -215.1210759 454.27700509530524 MCO 111
77.29782728 6.543075501 39.034563641451086 ARE 112
57.70797932 32.03972026 100.72191597272028 PSE 113
105.0169909 104.887563 17.221485723821072 SWE 114
74.74838559 97.4872917 34.465743662657282 MDA 115
-80.86311381 60.97569916 32.881326144031945 ESP 116
-14.86267026 -5.042377757 52.865418384560847 NGA 117
12.01182137 39.97575199 34.283142411464119 ALB 118
29.28538159 -111.2536077 28.289469405125189 SWZ 119
87.23425325 92.95697539 24.706687068839141 GEO 120
-10.90088794 7.71109601 6.6285529456622623 LBY 121
172.9635763 -65.13468975 16.090950024469048 PNG 122
68.81103731 113.0608342 39.034563641451086 POL 123
-14.96993623 111.8778508 35.142049008662916 AUT 124
225.6195112 -146.3252328 284.83502099345412 HKG 125
95.50632736 122.8623326 18.7483789493274 EST 126
95.83349567 96.76324875 13.078350216409746 NOR 127
8.035568888 52.21080348 23.030218800419412 MNE 128
85.55513153 44.13482035 34.533970209790922 IRQ 129
-79.33692667 -19.46368534 29.484556272860946 GNB 130
-46.65299246 0.5095797046 14.715643465829876 MLI 131
107.9128102 87.33224417 9.1196390321201388 KAZ 132
