0.8309753455 89.89922483 28.537990747697954 HRV 0
109.3701686 74.63550712 30.116439969779236 UZB 1
57.71047197 70.50414458 26.454962073330357 BGR 2
-50.25867693 4.328355443 5.010715041841995 ESH 3
-23.28716304 -30.57963557 26.365837860205033 GNQ 4
45.02050808 71.66804391 30.47898970651816 SRB 5
-49.88926083 -9.731461345 31.090669201158288 BFA 6
-34.54093256 -45.80235281 43.502415068040477 TGO 7
96.76406121 69.19597674 12.526787604604987 TKM 8
96.13568019 114.5558687 18.282244620986376 LVA 9
-18.37650392 131.3435838 52.072878208319693 DEU 10
146.2034592 -34.7686627 39.968109165848851 THA 11
96.28166597 82.36249947 37.850803455379669 AZE 12
154.8628358 69.59303345 41.471046144172696 CHN 13
-22.99593661 -42.17750294 10.405531284211813 GAB 14
111.3204329 40.9095213 59.564842129320823 PAK 15
15.86413629 -26.77057364 80.600898744385262 RWA 16
74.23239984 59.50454186 37.933628069635212 SYR 17
-6.887088924 -70.47400838 17.759786582576918 ZMB 18
3.802453211 150.2226053 40.995335909946881 DNK 19
132.8542413 71.47568281 49.508552474614177 NPL 20
-23.00033005 17.44564915 30.19449566864866 TUN 21
137.0685799 0.6962690471 122.91581205230848 BGD 22
125.4815364 85.62643851 19.964414229695002 KGZ 23
-1.101077177 17.53345651 35.893126739560699 EGY 24
-31.47120009 10.51046209 14.768864773242742 DZA 25
-24.64234093 7.321985005 15.645952703424003 NER 26
104.8111047 60.85165903 27.128522113639942 AFG 27
76.65686463 -10.19699432 27.243963154759381 YEM 28
-111.5986125 68.2204506 35.673863070504133 PRT 29
-6.888008219 -30.12091303 22.6523670540011 COD 30
91.68010881 25.21506666 52.448210139348106 KWT 31
-173.2764562 3.715314402 233.79832081313785 GIB 32
163.0094011 -30.55612353 33.047935450320651 KHM 33
163.4765166 -56.53507045 40.995335909946881 IDN 34
117.01517 63.87012912 28.838830780073092 TJK 35
-74.60344508 -35.13352841 37.223745108606629 SLE 36
70.76663074 75.57881349 35.297989136289736 TUR 37
95.88423837 105.1972817 23.064262010133788 BLR 38
47.81175711 86.35953585 35.563724298623939 HUN 39
40.4619894 57.63497798 30.658656886243435 MKD 40
174.6159343 -39.14068652 31.241717875899614 BRN 41
4.260271645 -101.2730677 23.800896448749473 ZAF 42
0.2333212043 -3.060601004 12.836137584002028 TCD 43
-30.70784403 83.23502084 79.847831307310187 SMR 44
-76.40842969 99.54090144 36.671622460846834 FRA 45
26.53899159 -92.06964861 22.126718509430216 MOZ 46
31.9861424 -4.708011195 35.695850045208161 ETH 47
40.5637498 4.202224206 18.7483789493274 ERI 48
-68.77482869 83.06653677 44.022346995388965 AND 49
19.20501668 95.28950701 26.691171778635322 BIH 50
-23.66170296 -56.40400682 18.282244620986376 AGO 51
111.1473539 101.1364534 14.392183230905879 FIN 52
12.6640429 2.785088531 17.13012441233149 SDN 53
122.0347018 28.0697866 15.342118873751685 BTN 54
168.5713121 14.71838732 30.837277289131155 MMR 55
130.0331253 97.02481903 5.010715041841995 MNG 56
239.7235741 10.65987262 77.676184739690541 KOR 57
-2.795204948 -12.85336299 10.253617564201088 CAF 58
22.3488366 19.45120243 69.430504277759582 ISR 59
360.2328191 -33.13567815 493.32646259444425 MAC 60
176.0347689 -12.10329213 59.893242689085007 VNM 61
-47.47103924 11.92800962 31.040156301507803 MAR 62
20.97548583 72.13627992 77.138977564123607 LBN 63
67.28655799 0.966316382 14.005374311799255 SAU 64
96.49291268 52.71742024 24.990862782419555 IRN 65
63.61206674 -9.205763595 23.602276316123458 DJI 66
86.96030162 114.0704351 22.23284246843593 LTU 67
116.8115195 104.1723102 10.02143008368399 RUS 68
3.154171762 -90.64628091 22.126718509430216 ZWE 69
-51.64613939 1.863839601 7.3043095919396075 MRT 70
-8.401674152 -85.73788465 7.3043095919396075 BWA 71
97.36161188 2.426076201 51.846374837059365 QAT 72
-95.96451512 -29.27986291 55.825077668920258 GMB 73
102.4237848 -26.67882393 73.918662026558764 IND 74
-14.40812478 -22.23579624 26.246534814389989 CMR 75
-51.63352484 44.65734343 115.70168529502678 VAT 76
-70.83997007 -52.10291754 25.302870654904186 LBR 77
-48.90811216 -32.56863326 41.300421687918899 GHA 78
63.06729149 88.36907629 31.367036140219717 ROU 79
104.5548954 94.62276096 26.866966248128421 UKR 80
12.16429905 -61.72625381 76.567267362310048 BDI 81
58.8385932 -33.3041769 33.190077764145322 KEN 82
-67.50036717 -22.96652061 25.611077762325817 GIN 83
37.80763871 -73.35764095 50.247879156700158 MWI 84
0.5206316087 109.8125464 34.602062231627954 SVN 85
14.751408 -95.48286128 29.537729546485483 LSO 86
-61.28740812 -43.46299481 32.133102598504621 CIV 87
69.63699963 -17.57751852 18.15303985978268 SOM 88
20.47817514 -5.627691675 14.116972684234538 SSD 89
179.8302112 -54.50236732 32.254957804817671 TLS 90
-34.78475309 112.9839156 53.043217378827713 LIE 91
-69.79606873 126.9889153 66.25000983482235 BEL 92
-14.60633855 -34.35050438 14.282735382207104 COG 93
36.99832681 -55.75388982 29.431286931659752 TZA 94
19.30883332 117.0812453 39.314959185470592 CZE 95
147.0953537 -52.2771323 34.465743662657282 MYS 96
54.17370884 101.2757724 36.650220870193635 SVK 97
44.8524489 -20.09476596 52.493069628779978 UGA 98
168.7346857 85.77330327 49.698362317631073 PRK 99
-44.10708186 135.0979799 53.777719491839861 LUX 100
-34.61433503 -9.537492376 37.181565213916137 BEN 101
28.76188767 40.86044474 30.19449566864866 GRC 102
-55.13065866 99.26446894 50.310298906426482 CHE 103
-70.20924799 -9.214080166 32.400579122170356 SEN 104
55.53387143 1.941253556 38.098737133147701 JOR 105
-33.54873531 162.5171522 77.138977564123607 NLD 106
83.8168494 -3.202260849 13.078350216409746 OMN 107
-9.682175857 63.82570629 47.585307427602821 ITA 108
179.8348596 14.14871886 19.406415909645048 LAO 109
86.51121699 69.71117872 33.308066325960112 ARM 110
74.82696434 -214.3449495 454.27700509530524 MCO 111
77.51786612 7.062989785 39.034563641451086 ARE 112
57.88797175 32.86272659 100.72191597272028 PSE 113
104.9775942 104.7617751 17.221485723821072 SWE 114
74.61756471 97.53936601 34.465743662657282 MDA 115
-80.86311381 60.97569916 32.881326144031945 ESP 116
-14.99189028 -4.51497375 52.865418384560847 NGA 117
10.44369386 41.48542808 34.283142411464119 ALB 118
29.28538159 -111.2536077 28.289469405125189 SWZ 119
87.09578297 92.91874143 24.706687068839141 GEO 120
-10.49233802 7.963364208 6.6285529456622623 LBY 121
173.0340043 -65.05367542 16.090950024469048 PNG 122
68.63202519 113.1212457 39.034563641451086 POL 123
-15.0388037 111.8487784 35.142049008662916 AUT 124
226.3016347 -146.7699004 284.83502099345412 HKG 125
95.43010763 122.8376355 18.7483789493274 EST 126
95.83480389 96.76515415 13.078350216409746 NOR 127
7.602393606 53.93543423 23.030218800419412 MNE 128
85.66035985 45.01089484 34.533970209790922 IRQ 129
-79.52147193 -19.50844448 29.484556272860946 GNB 130
-46.86092619 0.5694983972 14.715643465829876 MLI 131
107.9531658 87.28048963 9.1196390321201388 KAZ 132
