75.78992908 85.40244472 12.557061120706921 HRV 0
205.4647782 62.6608888 37.190267079057826 UZB 1
107.7034081 81.01724652 16.219054210516582 BGR 2
-145.2919739 45.38036588 4.8067563876665504 ESH 3
-70.34165015 -109.5081777 8.2122012116535252 GNQ 4
91.64097133 80.5947978 16.768756670155742 SRB 5
-164.1235812 -30.59009768 30.241677316167273 BFA 6
-167.9218622 -79.60776648 18.870849556599598 TGO 7
182.1745951 51.29899293 16.009163623128554 TKM 8
179.1126064 156.8069231 8.4843270967260729 LVA 9
44.46820908 158.9175226 57.238547839388026 DEU 10
233.1319861 -198.6024243 53.143183431408069 THA 11
178.1022561 68.4808531 20.237889446289813 AZE 12
322.4487117 -23.00533098 236.80474093456917 CHN 13
-71.71831655 -118.1681273 9.789922219419763 GAB 14
196.7789771 -126.3708064 97.25798843362314 PAK 15
16.79482971 -180.9784934 23.545605091055275 RWA 16
101.2140977 -4.314576686 30.225840536078788 SYR 17
-26.25584878 -200.8591622 28.444318200884272 ZMB 18
14.51637764 187.8758664 15.2478088008267 DNK 19
104.0100972 -128.1285624 34.860711515510097 NPL 20
-57.00906554 11.8736566 22.136663020574257 TUN 21
166.1582947 -208.4412521 82.479617937764189 BGD 22
231.2540422 66.30153105 16.276737746062985 KGZ 23
-7.882033272 12.15484395 66.584789381892961 EGY 24
-108.2702331 16.24703472 42.35386041920701 DZA 25
-103.7280199 -38.14924927 32.710506560757047 NER 26
191.7710503 11.69286124 40.760695937709116 AFG 27
111.8172212 -94.05094063 36.810586215824081 YEM 28
-115.1107145 93.91801656 20.076669064768613 PRT 29
-40.31990254 -157.7362718 63.422018311371339 COD 30
126.1125909 -69.64999039 13.020670410425378 KWT 31
-71.86773934 60.41934899 1.1329633457435904 GIB 32
311.9801945 -204.2665028 25.816605213989654 KHM 33
267.3373216 -267.3437528 104.48136402769953 IDN 34
211.941465 35.57645896 19.974416800942763 TJK 35
-222.3064188 -4.812499538 18.595133539528913 SLE 36
123.7836703 48.58499966 58.098497280179103 TUR 37
170.7637005 132.6665829 19.3284881314313 BLR 38
105.6102531 98.5295654 19.987163229818361 HUN 39
87.39100999 66.33132052 9.0569604257762002 MKD 40
289.1439888 -158.0242359 4.2198916596449774 BRN 41
-50.84164801 -233.6713107 48.747317566996678 ZAF 42
-50.25000154 -64.17200908 26.813465849264972 TCD 43
-15.38849591 84.01469376 1.1508063858912092 SMR 44
-26.45083214 107.2548853 50.468822644874962 FRA 45
27.73866915 -236.9640697 36.514378401015769 MOZ 46
25.56234082 -94.96814282 70.546041612587103 ETH 47
39.24085102 -57.08456084 12.142968576167476 ERI 48
-45.03024768 73.74089412 1.7770982283583625 AND 49
79.47908542 74.41475565 11.238449618691737 BIH 50
-87.02536235 -173.8337397 37.985730249503682 AGO 51
200.6065594 171.5104946 14.769275929636084 FIN 52
-16.45000399 -58.62017656 43.500575062320337 SDN 53
243.1327298 -148.7107597 5.565028320431276 BTN 54
264.7228158 -161.861019 46.332917598525327 MMR 55
294.2078945 103.369622 11.644467007726591 MNG 56
425.9609957 77.9751846 45.13134315363525 KOR 57
-40.55687176 -104.9287558 15.029101654374699 CAF 58
52.05176348 -3.019410779 18.996217189388506 ISR 59
266.0076485 -136.7626926 5.2620541529842972 MAC 60
371.121516 -181.3264917 62.357436562825313 VNM 61
-118.5221079 65.50917092 38.579420067195542 MAR 62
59.35091056 11.57972256 14.511818404630572 LBN 63
85.40405856 -67.71136703 38.121459497544961 SAU 64
145.7252543 -4.1956484 59.22384170286221 IRN 65
53.34017386 -69.59924398 6.6859618848297169 DJI 66
172.6456281 147.0037681 10.340522835179389 LTU 67
253.6244635 118.5846723 75.375622048486363 RUS 68
-15.68208261 -224.9919583 25.603029953893035 ZWE 69
-159.093145 32.85989037 13.83031670550182 MRT 70
-44.83763184 -204.0405021 10.258426419874205 BWA 71
109.6618159 -69.50215176 10.336581335956653 QAT 72
-219.1290382 8.971431254 10.444430594358346 GMB 73
116.3629807 -355.9023616 237.05012914518309 IND 74
-60.27345774 -91.82273694 33.567875577731229 CMR 75
-15.71526045 45.90144289 0.14273996463758234 VAT 76
-224.549802 -20.82470332 14.598607327398124 LBR 77
-185.8835241 -59.40021179 36.635262367418953 GHA 78
128.9634227 94.30629758 27.972298945107518 ROU 79
163.2371432 105.7403034 38.017095393994964 UKR 80
-2.885775988 -192.0622904 22.819205598105199 BDI 81
54.78959563 -143.9545716 46.5542406551113 KEN 82
-201.9897086 -1.622761322 23.625512441898575 GIN 83
17.29937589 -206.9666487 28.693573347859068 MWI 84
76.57339953 95.9377533 9.130896023358769 SVN 85
-2.292050027 -207.9000704 9.5742239410731038 LSO 86
-202.7016264 -29.55071651 33.699632998247999 CIV 87
72.91292777 -96.71406126 26.714119015999053 SOM 88
-9.294445688 -122.6861134 20.88447149161146 SSD 89
336.1333291 -232.037969 7.3160324182542684 TLS 90
57.72086284 114.958191 1.2443781621195815 LIE 91
-32.59135631 142.9972116 21.43952368190336 BEL 92
-62.43378531 -126.2708193 15.498300193355377 COG 93
53.25961219 -191.7094384 51.503024119408458 TZA 94
81.95686136 134.8706106 20.317769221632126 CZE 95
282.0783409 -198.4130477 36.735232949191008 MYS 96
110.8337336 114.801901 15.098083179099644 SVK 97
11.07789785 -148.7078814 43.713866559415592 UGA 98
360.1740236 103.6906535 32.078087891570178 PRK 99
-10.44047502 129.8396533 5.0748022272783357 LUX 100
-155.7841736 -58.53216105 23.22454234302446 BEN 101
85.43288924 52.2005494 20.168303373972602 GRC 102
40.39964208 117.0533796 18.601158916192968 CHE 103
-198.5665491 25.03789375 26.432728327444451 SEN 104
62.42321709 -19.5788211 21.116832849381122 JOR 105
-38.44511 166.9869638 26.324593283299887 NLD 106
135.4488417 -80.65825806 13.515899445744749 OMN 107
29.23811028 63.62939088 48.120519234662289 ITA 108
294.239809 -172.8041321 17.328067322333666 LAO 109
164.2625885 62.83094177 10.453205380069374 ARM 110
-4.220669324 80.68421513 1.1942482260115264 MCO 111
140.3926324 -62.96701681 19.347453128436602 ARE 112
73.21748339 14.38934648 14.534966062107987 PSE 113
188.8464757 183.9877083 20.43077159041167 SWE 114
142.3201235 80.39178328 11.625204021819526 MDA 115
-83.66435912 84.82210727 43.233246755155612 ESP 116
-121.2610325 -108.5349846 93.824250225672941 NGA 117
73.01657839 60.55551935 10.55503888936032 ALB 118
4.552865611 -239.6148253 6.900410717382937 SWZ 119
173.3581251 83.50864119 12.109364060164401 GEO 120
-65.08225132 -23.66592484 16.460338010442232 LBY 121
329.8499208 -177.590878 20.1571877413366 PNG 122
139.6648027 137.8256015 40.170840382954083 POL 123
77.21560072 110.353503 18.771797818654669 AUT 124
300.7640614 -157.320138 17.166224104648915 HKG 125
186.9442013 159.5941437 7.2136660185443509 EST 126
179.5257205 168.6309113 14.673779446007559 NOR 127
75.06108807 67.87571339 4.9631652484305366 MNE 128
116.8332111 -44.32907431 42.306690389331351 IRQ 129
-213.9602537 17.02275995 9.1975944702771741 GNB 130
-149.7078565 4.519589813 30.269287604609637 MLI 131
196.0583311 92.87329514 27.770536099467865 KAZ 132
