-1.341457725 95.46531533 12.557061120706921 HRV 0
112.5680752 89.39877777 37.190267079057826 UZB 1
15.65921314 71.04432536 16.219054210516582 BGR 2
-112.4039008 41.56899157 4.8067563876665504 ESH 3
-55.49063327 -69.84337012 8.2122012116535252 GNQ 4
9.42931704 80.74236797 16.768756670155742 SRB 5
-108.7109097 10.45431161 30.241677316167273 BFA 6
-96.49138528 -37.11374685 18.870849556599598 TGO 7
87.19206174 75.37971674 16.009163623128554 TKM 8
82.47145362 162.095221 8.4843270967260729 LVA 9
-23.42434386 129.7211036 57.238547839388026 DEU 10
211.0857779 -80.9425578 53.143183431408069 THA 11
92.96548567 93.65295262 20.237889446289813 AZE 12
218.0555845 49.37720424 236.80474093456917 CHN 13
-54.3510782 -76.02714709 9.789922219419763 GAB 14
127.8784165 -24.66855113 97.25798843362314 PAK 15
4.785196837 -84.07647367 23.545605091055275 RWA 16
37.40666132 46.96243247 30.225840536078788 SYR 17
-10.62235173 -116.042539 28.444318200884272 ZMB 18
-3.368469029 145.1739352 15.2478088008267 DNK 19
173.0413443 -34.16224065 34.860711515510097 NPL 20
-47.93528216 54.57202338 22.136663020574257 TUN 21
163.7990087 -83.7556857 82.479617937764189 BGD 22
130.0170554 82.74301366 16.276737746062985 KGZ 23
-7.06825007 26.18168389 66.584789381892961 EGY 24
-80.14979756 53.01453775 42.35386041920701 DZA 25
-63.09187042 32.9088307 32.710506560757047 NER 26
109.373771 40.77563655 40.760695937709116 AFG 27
73.18489464 -33.12273855 36.810586215824081 YEM 28
-96.04007154 72.69684142 20.076669064768613 PRT 29
-25.391989 -87.55272886 63.422018311371339 COD 30
74.44192432 -7.622712151 13.020670410425378 KWT 31
-67.44932673 61.9006295 1.1329633457435904 GIB 32
242.2037963 -75.55491768 25.816605213989654 KHM 33
232.9245695 -154.1894493 104.48136402769953 IDN 34
122.84327 72.27046547 19.974416800942763 TJK 35
-153.7181801 -17.98896482 18.595133539528913 SLE 36
40.76743086 77.63011292 58.098497280179103 TUR 37
81.32170371 145.5990669 19.3284881314313 BLR 38
24.8537723 114.1049634 19.987163229818361 HUN 39
6.803700393 66.73791995 9.0569604257762002 MKD 40
234.75894 -64.29095975 4.2198916596449774 BRN 41
-18.1882584 -152.3564247 48.747317566996678 ZAF 42
-19.0857301 -6.448719485 26.813465849264972 TCD 43
-22.78636422 85.69354935 1.1508063858912092 SMR 44
-49.95154848 102.1139662 50.468822644874962 FRA 45
26.44348033 -131.9552441 36.514378401015769 MOZ 46
38.36412236 -47.19868377 70.546041612587103 ETH 47
40.7625839 -18.41662372 12.142968576167476 ERI 48
-43.48912331 71.64993395 1.7770982283583625 AND 49
2.021667349 87.27263562 11.238449618691737 BIH 50
-33.0012331 -122.1752671 37.985730249503682 AGO 51
97.22527343 169.799138 14.769275929636084 FIN 52
5.701326995 -10.10923005 43.500575062320337 SDN 53
186.2333261 -29.12787232 5.565028320431276 BTN 54
225.4299186 -49.29530739 46.332917598525327 MMR 55
191.7328304 132.0619251 11.644467007726591 MNG 56
315.5926307 71.74598522 45.13134315363525 KOR 57
-27.56961067 -47.42206987 15.029101654374699 CAF 58
22.81593199 26.86612771 18.996217189388506 ISR 59
234.6497395 -33.71165409 5.2620541529842972 MAC 60
273.6317582 -58.60879011 62.357436562825313 VNM 61
-108.2474148 56.15639394 38.579420067195542 MAR 62
19.94818916 44.46957934 14.511818404630572 LBN 63
57.15727572 -12.13399314 38.121459497544961 SAU 64
86.01241519 14.81960252 59.22384170286221 IRN 65
57.09548733 -27.78450426 6.6859618848297169 DJI 66
79.5369631 155.8435002 10.340522835179389 LTU 67
164.6760524 145.9092394 75.375622048486363 RUS 68
-1.148462513 -132.7596782 25.603029953893035 ZWE 69
-117.8860571 32.3426548 13.83031670550182 MRT 70
-13.19110111 -129.3146713 10.258426419874205 BWA 71
76.74697332 -15.56035472 10.336581335956653 QAT 72
-155.0801434 4.336059786 10.444430594358346 GMB 73
108.3875124 -181.1005227 237.05012914518309 IND 74
-54.59729722 -55.27426449 33.567875577731229 CMR 75
-24.44331294 43.15547714 0.14273996463758234 VAT 76
-144.2309005 -38.07377892 14.598607327398124 LBR 77
-111.7137361 -25.10787033 36.635262367418953 GHA 78
40.3345878 107.7006253 27.972298945107518 ROU 79
81.97718489 124.1738338 38.017095393994964 UKR 80
2.296468756 -100.2167731 22.819205598105199 BDI 81
59.38860511 -82.28183305 46.5542406551113 KEN 82
-141.6520677 -3.908929328 23.625512441898575 GIN 83
9.315497922 -116.9426799 28.693573347859068 MWI 84
-0.5589301555 103.2711434 9.130896023358769 SVN 85
10.77041189 -135.7473984 9.5742239410731038 LSO 86
-136.2033894 -23.17837336 33.699632998247999 CIV 87
76.32904479 -55.0872328 26.714119015999053 SOM 88
7.414361739 -39.30970464 20.88447149161146 SSD 89
271.4385737 -147.3704445 7.3160324182542684 TLS 90
-17.59384934 99.75713917 1.2443781621195815 LIE 91
-52.12896215 127.1362934 21.43952368190336 BEL 92
-47.25036098 -70.75761714 15.498300193355377 COG 93
28.06325189 -96.13045258 51.503024119408458 TZA 94
10.63978377 116.780157 20.317769221632126 CZE 95
231.385096 -104.8893907 36.735232949191008 MYS 96
28.89944273 125.6755952 15.098083179099644 SVK 97
0.8842067889 -60.90832383 43.713866559415592 UGA 98
270.502716 127.2843671 32.078087891570178 PRK 99
-32.1220841 109.7689991 5.0748022272783357 LUX 100
-101.592678 -6.810872755 23.22454234302446 BEN 101
9.426386557 55.60934325 20.168303373972602 GRC 102
-28.98538897 90.17924852 18.601158916192968 CHE 103
-145.3862104 17.52449922 26.432728327444451 SEN 104
33.01553379 13.80951717 21.116832849381122 JOR 105
-49.58773996 143.6249299 26.324593283299887 NLD 106
88.33866418 -24.21437202 13.515899445744749 OMN 107
-26.71682386 66.90208102 48.120519234662289 ITA 108
248.3363052 -46.99766867 17.328067322333666 LAO 109
83.88255191 84.44870426 10.453205380069374 ARM 110
-9.734257551 69.78035956 1.1942482260115264 MCO 111
87.247894 -12.78761135 19.347453128436602 ARE 112
33.41733502 31.84410422 14.534966062107987 PSE 113
86.90385592 176.4803976 20.43077159041167 SWE 114
53.2421655 101.2995112 11.625204021819526 MDA 115
-76.26875458 82.65598679 43.233246755155612 ESP 116
-60.9479057 -11.2352443 93.824250225672941 NGA 117
1.004972574 63.09102354 10.55503888936032 ALB 118
13.91125432 -140.5690474 6.900410717382937 SWZ 119
86.38825972 106.8659417 12.109364060164401 GEO 120
-35.06630463 33.76622497 16.460338010442232 LBY 121
268.0553091 -123.5609433 20.1571877413366 PNG 122
49.24598565 142.1638931 40.170840382954083 POL 123
-2.440367761 112.8338531 18.771797818654669 AUT 124
243.5064663 -35.95975838 17.166224104648915 HKG 125
86.39459145 165.9298544 7.2136660185443509 EST 126
77.56903616 168.5300873 14.673779446007559 NOR 127
0.4474913034 78.59015857 4.9631652484305366 MNE 128
52.58847731 26.68081833 42.306690389331351 IRQ 129
-148.306633 5.426891536 9.1975944702771741 GNB 130
-102.5303715 31.12938809 30.269287604609637 MLI 131
106.5161199 114.6496007 27.770536099467865 KAZ 132
