0.173619398 90.26529075 28.537990747697954 HRV 0
108.9401903 74.71959677 30.116439969779236 UZB 1
56.62213306 70.35462781 26.454962073330357 BGR 2
-50.33444347 4.386281658 5.010715041841995 ESH 3
-23.25574013 -30.61786339 26.365837860205033 GNQ 4
43.47110621 71.05597857 30.47898970651816 SRB 5
-49.31224804 -9.514822549 31.090669201158288 BFA 6
-34.62865911 -45.47907481 43.502415068040477 TGO 7
96.65527797 69.17233872 12.526787604604987 TKM 8
96.16192644 114.6034609 18.282244620986376 LVA 9
-18.48078784 131.3070336 52.072878208319693 DEU 10
146.3660624 -34.71154041 39.968109165848851 THA 11
95.34068893 81.47169316 37.850803455379669 AZE 12
154.8058437 69.22530405 41.471046144172696 CHN 13
-22.93458644 -42.59965511 10.405531284211813 GAB 14
110.984544 40.92305977 59.564842129320823 PAK 15
15.38331491 -28.91423862 80.600898744385262 RWA 16
73.49865288 58.69790049 37.933628069635212 SYR 17
-5.520957154 -72.86671553 17.759786582576918 ZMB 18
3.802453211 150.2226053 40.995335909946881 DNK 19
131.7907309 71.62819304 49.508552474614177 NPL 20
-22.74854597 16.64518425 30.19449566864866 TUN 21
136.5833874 1.179291011 122.91581205230848 BGD 22
124.9670465 85.6493324 19.964414229695002 KGZ 23
-0.7062803346 14.17527566 35.893126739560699 EGY 24
-31.52499066 10.27382193 14.768864773242742 DZA 25
-23.24740816 6.416722624 15.645952703424003 NER 26
104.1847474 60.20420543 27.128522113639942 AFG 27
76.9070877 -10.56301508 27.243963154759381 YEM 28
-111.5986125 68.2204506 35.673863070504133 PRT 29
-7.400622181 -32.4993936 22.6523670540011 COD 30
90.96025604 25.43530057 52.448210139348106 KWT 31
-173.2764562 3.715314402 233.79832081313785 GIB 32
163.0094011 -30.55612353 33.047935450320651 KHM 33
163.6740222 -56.32668309 40.995335909946881 IDN 34
116.1904398 63.69417939 28.838830780073092 TJK 35
-73.88710137 -35.03403219 37.223745108606629 SLE 36
70.20494188 74.72247936 35.297989136289736 TUR 37
95.88423837 105.1972817 23.064262010133788 BLR 38
48.74602714 84.83624834 35.563724298623939 HUN 39
39.9368674 57.86405181 30.658656886243435 MKD 40
174.6159343 -39.14068652 31.241717875899614 BRN 41
4.245961756 -101.2823674 23.800896448749473 ZAF 42
0.1145169779 -2.964097601 12.836137584002028 TCD 43
-30.28145606 83.28493618 79.847831307310187 SMR 44
-76.36401099 99.57475875 36.671622460846834 FRA 45
28.92149382 -92.98133337 22.126718509430216 MOZ 46
33.02025066 -6.19398757 35.695850045208161 ETH 47
40.42138943 3.647261351 18.7483789493274 ERI 48
-68.82656162 83.20015134 44.022346995388965 AND 49
17.80278663 94.13886703 26.691171778635322 BIH 50
-23.66170296 -56.40400682 18.282244620986376 AGO 51
111.0713545 101.2199533 14.392183230905879 FIN 52
11.51540312 0.9805821271 17.13012441233149 SDN 53
122.2160088 28.51918044 15.342118873751685 BTN 54
168.0927314 14.849301 30.837277289131155 MMR 55
130.0708342 97.02046569 5.010715041841995 MNG 56
239.673639 10.76343453 77.676184739690541 KOR 57
-3.249706446 -15.52888175 10.253617564201088 CAF 58
22.68402721 16.76582815 69.430504277759582 ISR 59
359.8034452 -32.1262123 493.32646259444425 MAC 60
175.6863236 -12.59811119 59.893242689085007 VNM 61
-47.82835892 12.03984728 31.040156301507803 MAR 62
19.42848972 71.00127909 77.138977564123607 LBN 63
66.5630738 1.207691846 14.005374311799255 SAU 64
95.78709203 52.14001734 24.990862782419555 IRN 65
63.62573877 -9.762928624 23.602276316123458 DJI 66
87.12313541 114.1360815 22.23284246843593 LTU 67
116.9892157 104.1677679 10.02143008368399 RUS 68
3.154171762 -90.64628091 22.126718509430216 ZWE 69
-51.67956776 1.904280265 7.3043095919396075 MRT 70
-8.401674152 -85.73788465 7.3043095919396075 BWA 71
97.17921177 2.79289574 51.846374837059365 QAT 72
-95.75654915 -29.08887334 55.825077668920258 GMB 73
102.2698555 -26.31621719 73.918662026558764 IND 74
-13.79076292 -23.63944472 26.246534814389989 CMR 75
-50.74733454 44.69196382 115.70168529502678 VAT 76
-70.65105064 -51.87504402 25.302870654904186 LBR 77
-48.59733764 -32.68193546 41.300421687918899 GHA 78
63.37043152 87.95381405 31.367036140219717 ROU 79
104.5919809 94.66501872 26.866966248128421 UKR 80
13.58377876 -63.97578409 76.567267362310048 BDI 81
58.25658925 -35.47633708 33.190077764145322 KEN 82
-67.38378215 -22.59358995 25.611077762325817 GIN 83
38.92369933 -76.64035473 50.247879156700158 MWI 84
0.4745482177 109.8901595 34.602062231627954 SVN 85
14.66469103 -95.50043833 29.537729546485483 LSO 86
-60.91742601 -43.51447858 32.133102598504621 CIV 87
69.24583086 -17.20762037 18.15303985978268 SOM 88
19.86679971 -7.831454701 14.116972684234538 SSD 89
179.9337637 -54.48580517 32.254957804817671 TLS 90
-34.66619919 112.6463192 53.043217378827713 LIE 91
-69.67331826 126.7614833 66.25000983482235 BEL 92
-16.21577692 -36.35695876 14.282735382207104 COG 93
37.49198029 -58.8875652 29.431286931659752 TZA 94
19.30883332 117.0812453 39.314959185470592 CZE 95
147.2330664 -52.60408799 34.465743662657282 MYS 96
53.31017248 100.3088682 36.650220870193635 SVK 97
44.36902579 -22.30639105 52.493069628779978 UGA 98
168.7346857 85.77330327 49.698362317631073 PRK 99
-43.46744076 134.826678 53.777719491839861 LUX 100
-34.06351321 -9.810510961 37.181565213916137 BEN 101
26.33305472 38.7218726 30.19449566864866 GRC 102
-55.12366271 99.21068 50.310298906426482 CHE 103
-70.04361085 -9.215015248 32.400579122170356 SEN 104
54.92691823 0.9297062844 38.098737133147701 JOR 105
-33.10234457 162.1736217 77.138977564123607 NLD 106
83.85416356 -3.146008618 13.078350216409746 OMN 107
-9.564864591 63.75998578 47.585307427602821 ITA 108
179.7434538 14.28219804 19.406415909645048 LAO 109
85.88265065 68.69420734 33.308066325960112 ARM 110
75.14852863 -215.3207983 454.27700509530524 MCO 111
77.20430433 6.420960733 39.034563641451086 ARE 112
57.41661445 32.20169072 100.72191597272028 PSE 113
105.0365475 104.8888907 17.221485723821072 SWE 114
74.69952242 97.33201183 34.465743662657282 MDA 115
-80.86311381 60.97569916 32.881326144031945 ESP 116
-14.26221644 -5.973079583 52.865418384560847 NGA 117
11.56772111 39.11260764 34.283142411464119 ALB 118
29.28538159 -111.2536077 28.289469405125189 SWZ 119
87.10689429 92.76378304 24.706687068839141 GEO 120
-11.35040775 7.420599626 6.6285529456622623 LBY 121
172.9401242 -65.08998907 16.090950024469048 PNG 122
68.81103731 113.0608342 39.034563641451086 POL 123
-14.98308397 111.8424576 35.142049008662916 AUT 124
225.387339 -146.8173046 284.83502099345412 HKG 125
95.50123937 122.8495008 18.7483789493274 EST 126
95.83480389 96.76515415 13.078350216409746 NOR 127
8.416945501 51.52213959 23.030218800419412 MNE 128
85.18616049 44.11185346 34.533970209790922 IRQ 129
-79.29382583 -19.48906194 29.484556272860946 GNB 130
-46.49189126 0.4785496719 14.715643465829876 MLI 131
107.9176412 87.34523471 9.1196390321201388 KAZ 132
