-1.958638913 91.96991553 12.557061120706921 HRV 0
109.4951951 90.11048684 37.190267079057826 UZB 1
15.3052983 67.66996012 16.219054210516582 BGR 2
-101.9138537 39.8654149 4.8067563876665504 ESH 3
-50.87456879 -63.36145203 8.2122012116535252 GNQ 4
9.098532684 76.84085737 16.768756670155742 SRB 5
-98.28424113 12.51839164 30.241677316167273 BFA 6
-86.59470001 -34.07869952 18.870849556599598 TGO 7
87.11112315 75.01161775 16.009163623128554 TKM 8
79.55516417 161.7973311 8.4843270967260729 LVA 9
-23.95219825 128.5657344 57.238547839388026 DEU 10
212.8745671 -68.9301402 53.143183431408069 THA 11
91.70075586 97.52830364 20.237889446289813 AZE 12
215.8726208 59.52919486 236.80474093456917 CHN 13
-50.25039047 -69.55314706 9.789922219419763 GAB 14
127.4033643 -9.384373903 97.25798843362314 PAK 15
10.74508815 -71.67231715 23.545605091055275 RWA 16
39.30090623 46.46312391 30.225840536078788 SYR 17
-2.265362833 -101.0288025 28.444318200884272 ZMB 18
-4.868941795 143.6629893 15.2478088008267 DNK 19
170.3768939 -20.39014195 34.860711515510097 NPL 20
-41.09936779 51.08983762 22.136663020574257 TUN 21
168.0966612 -60.69079049 82.479617937764189 BGD 22
126.0112013 83.08433414 16.276737746062985 KGZ 23
-5.662453072 29.64609687 66.584789381892961 EGY 24
-73.28165959 49.35687307 42.35386041920701 DZA 25
-52.07516574 35.7433484 32.710506560757047 NER 26
109.0212086 50.8211649 40.760695937709116 AFG 27
76.67625263 -21.9175257 36.810586215824081 YEM 28
-92.33085089 72.82721897 20.076669064768613 PRT 29
-18.29419113 -74.6827247 63.422018311371339 COD 30
78.37900495 3.200813916 13.020670410425378 KWT 31
-65.32676397 62.42014586 1.1329633457435904 GIB 32
238.5395288 -75.68872999 25.816605213989654 KHM 33
227.4409888 -143.9016363 104.48136402769953 IDN 34
120.983748 71.93112681 19.974416800942763 TJK 35
-141.1223684 -19.89099011 18.595133539528913 SLE 36
38.77191988 76.13853737 58.098497280179103 TUR 37
78.38848678 145.9370302 19.3284881314313 BLR 38
23.69003185 110.4533386 19.987163229818361 HUN 39
6.715636689 66.19001485 9.0569604257762002 MKD 40
229.1784856 -55.8935922 4.2198916596449774 BRN 41
-11.46421318 -134.8456083 48.747317566996678 ZAF 42
-11.68082601 -1.124490951 26.813465849264972 TCD 43
-22.67154239 85.73047061 1.1508063858912092 SMR 44
-50.22393118 101.5082646 50.468822644874962 FRA 45
26.70879304 -121.3494097 36.514378401015769 MOZ 46
42.70221648 -34.19247733 70.546041612587103 ETH 47
45.73239379 -6.500518908 12.142968576167476 ERI 48
-43.20669336 69.42102285 1.7770982283583625 AND 49
2.074636319 83.12877803 11.238449618691737 BIH 50
-23.87032 -108.4460202 37.985730249503682 AGO 51
93.2821452 167.2133405 14.769275929636084 FIN 52
12.38764887 -2.770880691 43.500575062320337 SDN 53
183.7304326 -16.55681211 5.565028320431276 BTN 54
220.3978594 -36.39593005 46.332917598525327 MMR 55
187.7032994 138.042088 11.644467007726591 MNG 56
311.4326166 71.78119485 45.13134315363525 KOR 57
-23.91138713 -41.13893924 15.029101654374699 CAF 58
23.0579273 30.37658614 18.996217189388506 ISR 59
229.7867963 -21.84096134 5.2620541529842972 MAC 60
259.9700403 -55.27166773 62.357436562825313 VNM 61
-99.9966622 54.30335167 38.579420067195542 MAR 62
20.00838632 44.44252708 14.511818404630572 LBN 63
61.86144678 -1.480166093 38.121459497544961 SAU 64
86.0521281 26.34779777 59.22384170286221 IRN 65
61.67354809 -16.52081086 6.6859618848297169 DJI 66
76.47477579 155.7113029 10.340522835179389 LTU 67
161.9819135 151.8898854 75.375622048486363 RUS 68
6.189663282 -117.0819093 25.603029953893035 ZWE 69
-107.7308587 29.39673154 13.83031670550182 MRT 70
-5.522723578 -113.6271517 10.258426419874205 BWA 71
78.65254831 -4.793189333 10.336581335956653 QAT 72
-143.1793379 2.1266446 10.444430594358346 GMB 73
112.8206023 -153.2584154 237.05012914518309 IND 74
-48.03855871 -49.3321623 33.567875577731229 CMR 75
-24.09171931 42.99250622 0.14273996463758234 VAT 76
-132.3623494 -38.50849795 14.598607327398124 LBR 77
-100.4364235 -21.60501576 36.635262367418953 GHA 78
38.85621655 105.0507965 27.972298945107518 ROU 79
79.40908275 126.544339 38.017095393994964 UKR 80
7.950236444 -86.98394661 22.819205598105199 BDI 81
63.98474703 -67.24259911 46.5542406551113 KEN 82
-129.5998646 -5.471644728 23.625512441898575 GIN 83
16.90070236 -101.7798095 28.693573347859068 MWI 84
-2.561686333 99.63965693 9.130896023358769 SVN 85
12.17966273 -127.2589623 9.5742239410731038 LSO 86
-123.9397078 -23.86404126 33.699632998247999 CIV 87
82.86097695 -42.32573112 26.714119015999053 SOM 88
9.37935724 -27.66726783 20.88447149161146 SSD 89
264.7898261 -138.0882928 7.3160324182542684 TLS 90
-21.13655991 97.39955934 1.2443781621195815 LIE 91
-52.77711545 125.5120261 21.43952368190336 BEL 92
-42.95392343 -64.99898652 15.498300193355377 COG 93
34.11798847 -81.0814765 51.503024119408458 TZA 94
7.805078942 112.8876693 20.317769221632126 CZE 95
224.9990128 -96.5588939 36.735232949191008 MYS 96
26.49352677 121.9545288 15.098083179099644 SVK 97
7.461116334 -49.33379272 43.713866559415592 UGA 98
267.8249535 133.352843 32.078087891570178 PRK 99
-33.1170781 108.9261189 5.0748022272783357 LUX 100
-90.9782581 -3.875529194 23.22454234302446 BEN 101
8.980485645 55.78103949 20.168303373972602 GRC 102
-29.1441387 91.84817098 18.601158916192968 CHE 103
-133.6526437 14.64375024 26.432728327444451 SEN 104
33.10298509 13.53614816 21.116832849381122 JOR 105
-49.23779084 141.1509216 26.324593283299887 NLD 106
89.73019191 -11.04602719 13.515899445744749 OMN 107
-26.45728072 69.58466672 48.120519234662289 ITA 108
242.1183106 -35.34941183 17.328067322333666 LAO 109
82.87810004 88.01525628 10.453205380069374 ARM 110
-9.906493678 69.23163777 1.1942482260115264 MCO 111
88.78617651 0.02264604223 19.347453128436602 ARE 112
34.13946007 32.35150707 14.534966062107987 PSE 113
83.20651501 173.3865519 20.43077159041167 SWE 114
51.46711874 100.0279473 11.625204021819526 MDA 115
-71.82238205 78.64052325 43.233246755155612 ESP 116
-51.78930382 -6.732499246 93.824250225672941 NGA 117
1.116325318 62.72315494 10.55503888936032 ALB 118
15.83642857 -131.4079258 6.900410717382937 SWZ 119
84.91571225 110.4838644 12.109364060164401 GEO 120
-32.62221527 36.74434609 16.460338010442232 LBY 121
260.9340117 -116.1061408 20.1571877413366 PNG 122
47.24249845 139.3835686 40.170840382954083 POL 123
-4.753618947 108.8893343 18.771797818654669 AUT 124
238.320046 -24.38517612 17.166224104648915 HKG 125
84.36858499 163.9424372 7.2136660185443509 EST 126
73.50744932 166.6819853 14.673779446007559 NOR 127
0.4362765137 75.39804507 4.9631652484305366 MNE 128
51.7915204 24.90279591 42.306690389331351 IRQ 129
-136.5868523 3.048439002 9.1975944702771741 GNB 130
-93.02666034 32.13921176 30.269287604609637 MLI 131
104.0381253 115.382865 27.770536099467865 KAZ 132
