-2.76341417 89.62634881 12.557061120706921 HRV 0
109.3563703 89.80725306 37.190267079057826 UZB 1
15.92999589 67.40067323 16.219054210516582 BGR 2
-98.59268817 38.89638487 4.8067563876665504 ESH 3
-49.27045967 -62.73141123 8.2122012116535252 GNQ 4
9.781234999 76.43488222 16.768756670155742 SRB 5
-95.60221519 11.16369457 30.241677316167273 BFA 6
-83.81078465 -34.77563771 18.870849556599598 TGO 7
87.22054604 74.88435699 16.009163623128554 TKM 8
78.1755515 159.9831237 8.4843270967260729 LVA 9
-23.89058493 128.9828279 57.238547839388026 DEU 10
212.0388499 -65.94084836 53.143183431408069 THA 11
91.58601091 96.61192257 20.237889446289813 AZE 12
214.8297517 60.31909073 236.80474093456917 CHN 13
-49.37108813 -68.90767569 9.789922219419763 GAB 14
127.2775635 -7.465869545 97.25798843362314 PAK 15
12.34852527 -69.04094751 23.545605091055275 RWA 16
38.48913885 46.57878158 30.225840536078788 SYR 17
-0.6629010428 -97.8162494 28.444318200884272 ZMB 18
-4.815169879 143.5826909 15.2478088008267 DNK 19
169.8365775 -17.63609756 34.860711515510097 NPL 20
-39.77397302 50.81115481 22.136663020574257 TUN 21
168.0267284 -57.05746683 82.479617937764189 BGD 22
125.7092704 82.98022815 16.276737746062985 KGZ 23
-5.206722215 29.51707703 66.584789381892961 EGY 24
-70.37799719 48.60702747 42.35386041920701 DZA 25
-48.50582161 34.84501894 32.710506560757047 NER 26
108.4215528 52.54681385 40.760695937709116 AFG 27
77.02846611 -18.55802304 36.810586215824081 YEM 28
-90.94537565 73.0640141 20.076669064768613 PRT 29
-16.33995455 -71.65724599 63.422018311371339 COD 30
77.89890033 5.964883826 13.020670410425378 KWT 31
-64.7953014 62.62849316 1.1329633457435904 GIB 32
236.8148095 -75.19372152 25.816605213989654 KHM 33
226.0242173 -140.3962756 104.48136402769953 IDN 34
120.9735303 71.94088012 19.974416800942763 TJK 35
-137.2400952 -20.59411407 18.595133539528913 SLE 36
39.32310867 75.96132889 58.098497280179103 TUR 37
77.36346577 144.6372286 19.3284881314313 BLR 38
23.31030586 107.8438978 19.987163229818361 HUN 39
7.675282482 65.42039929 9.0569604257762002 MKD 40
226.988107 -53.06193429 4.2198916596449774 BRN 41
-10.67646327 -131.2413357 48.747317566996678 ZAF 42
-9.701347666 -1.153271974 26.813465849264972 TCD 43
-22.5687902 85.69600613 1.1508063858912092 SMR 44
-50.48807028 100.838879 50.468822644874962 FRA 45
27.23790698 -118.1203682 36.514378401015769 MOZ 46
43.8611416 -31.54273701 70.546041612587103 ETH 47
45.84191342 -4.200022072 12.142968576167476 ERI 48
-43.03005612 69.12605065 1.7770982283583625 AND 49
2.221215648 82.07160574 11.238449618691737 BIH 50
-22.76004323 -104.844057 37.985730249503682 AGO 51
91.71468787 165.1305329 14.769275929636084 FIN 52
15.55208565 -0.5615298628 43.500575062320337 SDN 53
183.1365448 -13.57779978 5.565028320431276 BTN 54
219.0885623 -33.77233299 46.332917598525327 MMR 55
186.2140604 137.4393209 11.644467007726591 MNG 56
308.9243645 70.84680892 45.13134315363525 KOR 57
-22.40643233 -41.0083667 15.029101654374699 CAF 58
23.09629244 30.29412813 18.996217189388506 ISR 59
227.8757654 -19.10497944 5.2620541529842972 MAC 60
256.4723795 -53.59546702 62.357436562825313 VNM 61
-96.78912001 53.19915064 38.579420067195542 MAR 62
20.07325036 44.4132678 14.511818404630572 LBN 63
61.65018842 1.193228261 38.121459497544961 SAU 64
85.61009773 28.58283219 59.22384170286221 IRN 65
62.12026447 -13.65283873 6.6859618848297169 DJI 66
75.38266026 154.3801158 10.340522835179389 LTU 67
160.8713436 151.354472 75.375622048486363 RUS 68
6.953884775 -114.0371342 25.603029953893035 ZWE 69
-104.75142 27.81141239 13.83031670550182 MRT 70
-4.280785922 -110.1358253 10.258426419874205 BWA 71
78.53670635 -1.866831318 10.336581335956653 QAT 72
-139.4072294 1.911965915 10.444430594358346 GMB 73
112.8950325 -147.6624966 237.05012914518309 IND 74
-45.80041562 -49.06282157 33.567875577731229 CMR 75
-24.02637301 43.02238407 0.14273996463758234 VAT 76
-128.7120104 -39.5521691 14.598607327398124 LBR 77
-97.57683585 -22.60108064 36.635262367418953 GHA 78
38.92107462 105.0373633 27.972298945107518 ROU 79
78.47463522 125.6047324 38.017095393994964 UKR 80
9.400310909 -84.10499667 22.819205598105199 BDI 81
65.54498939 -63.71105203 46.5542406551113 KEN 82
-126.3935456 -7.557248367 23.625512441898575 GIN 83
19.12522072 -98.1137481 28.693573347859068 MWI 84
-4.838281557 100.4421324 9.130896023358769 SVN 85
13.10942165 -123.9316773 9.5742239410731038 LSO 86
-120.6635005 -25.71309996 33.699632998247999 CIV 87
82.41911644 -38.9032608 26.714119015999053 SOM 88
9.973143273 -25.51836835 20.88447149161146 SSD 89
262.9271894 -134.9750188 7.3160324182542684 TLS 90
-22.12745592 96.80409777 1.2443781621195815 LIE 91
-52.09023054 124.6466207 21.43952368190336 BEL 92
-41.57184199 -64.74223766 15.498300193355377 COG 93
36.22867745 -77.69838469 51.503024119408458 TZA 94
6.072244378 111.6726288 20.317769221632126 CZE 95
222.5894523 -93.76935335 36.735232949191008 MYS 96
25.7619939 119.2125433 15.098083179099644 SVK 97
9.285612808 -46.88884131 43.713866559415592 UGA 98
266.6583866 132.7610154 32.078087891570178 PRK 99
-33.73665667 108.616949 5.0748022272783357 LUX 100
-87.90705264 -4.761642668 23.22454234302446 BEN 101
9.061915477 55.76786868 20.168303373972602 GRC 102
-29.40772671 91.76699551 18.601158916192968 CHE 103
-130.5289959 12.65259522 26.432728327444451 SEN 104
33.78596974 15.51701412 21.116832849381122 JOR 105
-49.17328563 140.2630871 26.324593283299887 NLD 106
89.97372564 -8.069408154 13.515899445744749 OMN 107
-26.16349731 69.66975187 48.120519234662289 ITA 108
240.8901453 -32.26265714 17.328067322333666 LAO 109
82.04883042 87.50998611 10.453205380069374 ARM 110
-9.849670481 69.15242749 1.1942482260115264 MCO 111
88.6906217 2.739849148 19.347453128436602 ARE 112
33.99879925 32.47284066 14.534966062107987 PSE 113
81.24134994 171.4927035 20.43077159041167 SWE 114
51.07942787 100.1609577 11.625204021819526 MDA 115
-70.34660783 76.98482565 43.233246755155612 ESP 116
-49.21393279 -7.030710757 93.824250225672941 NGA 117
1.369331522 63.85973523 10.55503888936032 ALB 118
16.77339912 -127.9835562 6.900410717382937 SWZ 119
83.88985904 109.9264077 12.109364060164401 GEO 120
-31.93880204 35.94078006 16.460338010442232 LBY 121
258.4632566 -113.8202151 20.1571877413366 PNG 122
46.43091557 136.6628353 40.170840382954083 POL 123
-6.675424201 109.519599 18.771797818654669 AUT 124
237.1871033 -21.15327013 17.166224104648915 HKG 125
82.84515706 162.2744653 7.2136660185443509 EST 126
71.95669523 164.4841764 14.673779446007559 NOR 127
0.6508204703 75.72171173 4.9631652484305366 MNE 128
52.09050923 26.54168558 42.306690389331351 IRQ 129
-132.9530553 1.108406907 9.1975944702771741 GNB 130
-90.40094931 30.54869806 30.269287604609637 MLI 131
104.2115254 115.2284165 27.770536099467865 KAZ 132
