74.4467069 83.49506401 12.557061120706921 HRV 0
204.6170508 64.06270192 37.190267079057826 UZB 1
105.9308039 80.54324495 16.219054210516582 BGR 2
-145.3111996 45.34847191 4.8067563876665504 ESH 3
-69.06267274 -109.0284537 8.2122012116535252 GNQ 4
90.18382912 77.99043004 16.768756670155742 SRB 5
-165.2394994 -31.31541851 30.241677316167273 BFA 6
-167.4538693 -80.37802244 18.870849556599598 TGO 7
181.9489826 51.89689282 16.009163623128554 TKM 8
178.0757376 156.2345451 8.4843270967260729 LVA 9
43.53045746 160.8262098 57.238547839388026 DEU 10
233.2262641 -198.177998 53.143183431408069 THA 11
177.249515 68.78447376 20.237889446289813 AZE 12
320.2885062 -21.78150633 236.80474093456917 CHN 13
-71.07058455 -117.499463 9.789922219419763 GAB 14
194.4477186 -123.0872434 97.25798843362314 PAK 15
17.49490045 -180.4627489 23.545605091055275 RWA 16
99.7310697 -3.795425905 30.225840536078788 SYR 17
-26.0558657 -200.0433959 28.444318200884272 ZMB 18
14.51637764 187.8758664 15.2478088008267 DNK 19
103.9686268 -127.809089 34.860711515510097 NPL 20
-57.00906554 11.8736566 22.136663020574257 TUN 21
166.2047451 -208.6024984 82.479617937764189 BGD 22
230.1836665 67.92287454 16.276737746062985 KGZ 23
-9.333743742 12.22666795 66.584789381892961 EGY 24
-107.9676812 16.97146256 42.35386041920701 DZA 25
-102.8822327 -36.83336154 32.710506560757047 NER 26
190.6606042 13.06769918 40.760695937709116 AFG 27
110.4306864 -93.75753046 36.810586215824081 YEM 28
-115.1141679 93.8577006 20.076669064768613 PRT 29
-39.12859048 -155.7318867 63.422018311371339 COD 30
122.6734232 -68.51807116 13.020670410425378 KWT 31
-71.86773934 60.41934899 1.1329633457435904 GIB 32
311.9404498 -204.4028268 25.816605213989654 KHM 33
266.8842697 -266.5690632 104.48136402769953 IDN 34
210.9973573 37.1651376 19.974416800942763 TJK 35
-222.0516493 -4.807044422 18.595133539528913 SLE 36
122.2527796 48.52460775 58.098497280179103 TUR 37
168.8293323 132.263455 19.3284881314313 BLR 38
103.6283361 97.90251356 19.987163229818361 HUN 39
85.78710357 66.19832196 9.0569604257762002 MKD 40
288.9750794 -157.7386092 4.2198916596449774 BRN 41
-49.75470543 -233.6962925 48.747317566996678 ZAF 42
-51.59932107 -63.07038441 26.813465849264972 TCD 43
-16.12839685 84.22483057 1.1508063858912092 SMR 44
-26.93332273 107.3112683 50.468822644874962 FRA 45
28.31523546 -235.5847353 36.514378401015769 MOZ 46
24.32408397 -93.38382805 70.546041612587103 ETH 47
37.61886379 -55.6694807 12.142968576167476 ERI 48
-45.03024768 73.74089412 1.7770982283583625 AND 49
77.80746331 72.48946631 11.238449618691737 BIH 50
-85.75909737 -170.9158738 37.985730249503682 AGO 51
200.5922297 171.574346 14.769275929636084 FIN 52
-17.97624654 -57.99565794 43.500575062320337 SDN 53
243.5592732 -148.7567888 5.565028320431276 BTN 54
264.8970818 -161.9687928 46.332917598525327 MMR 55
294.2078945 103.369622 11.644467007726591 MNG 56
426.0541384 79.4934105 45.13134315363525 KOR 57
-39.49060497 -103.1228052 15.029101654374699 CAF 58
50.51748 -2.90002257 18.996217189388506 ISR 59
266.0426126 -137.0442096 5.2620541529842972 MAC 60
371.121516 -181.3264917 62.357436562825313 VNM 61
-118.386494 65.68194619 38.579420067195542 MAR 62
57.80983535 11.57029041 14.511818404630572 LBN 63
84.45674109 -66.62371338 38.121459497544961 SAU 64
144.7686356 -3.608094578 59.22384170286221 IRN 65
51.92793258 -67.90798444 6.6859618848297169 DJI 66
170.722235 146.4860124 10.340522835179389 LTU 67
252.2568742 120.0384893 75.375622048486363 RUS 68
-15.04822339 -224.3043689 25.603029953893035 ZWE 69
-158.6048368 33.30806484 13.83031670550182 MRT 70
-44.57449153 -203.9518492 10.258426419874205 BWA 71
108.7068023 -69.60833319 10.336581335956653 QAT 72
-218.9221005 9.145949644 10.444430594358346 GMB 73
114.5711163 -354.2403208 237.05012914518309 IND 74
-59.70333934 -91.12298298 33.567875577731229 CMR 75
-16.45024662 45.67866549 0.14273996463758234 VAT 76
-223.2674278 -20.81292698 14.598607327398124 LBR 77
-184.5326379 -59.66995793 36.635262367418953 GHA 78
127.3849577 93.89255926 27.972298945107518 ROU 79
161.1855083 105.0946065 38.017095393994964 UKR 80
-2.295322181 -191.5631704 22.819205598105199 BDI 81
55.16036433 -140.8793917 46.5542406551113 KEN 82
-200.9935627 -2.16510361 23.625512441898575 GIN 83
18.2046138 -205.7161178 28.693573347859068 MWI 84
75.51192254 95.12670566 9.130896023358769 SVN 85
-2.426562062 -207.2397211 9.5742239410731038 LSO 86
-201.7544708 -30.33937086 33.699632998247999 CIV 87
71.32759731 -95.09595657 26.714119015999053 SOM 88
-9.529855235 -121.8245815 20.88447149161146 SSD 89
336.147118 -232.0353545 7.3160324182542684 TLS 90
55.92307095 115.1926303 1.2443781621195815 LIE 91
-33.00936019 142.6083957 21.43952368190336 BEL 92
-61.01995824 -124.4663255 15.498300193355377 COG 93
53.09493587 -188.7835854 51.503024119408458 TZA 94
81.1590421 135.1280218 20.317769221632126 CZE 95
282.3433947 -198.1531626 36.735232949191008 MYS 96
109.2143172 116.0570766 15.098083179099644 SVK 97
12.15659326 -148.3767108 43.713866559415592 UGA 98
359.2231071 109.806107 32.078087891570178 PRK 99
-10.53817898 129.8528554 5.0748022272783357 LUX 100
-154.1251968 -57.50649948 23.22454234302446 BEN 101
84.53586681 51.67805905 20.168303373972602 GRC 102
40.09692955 123.3262092 18.601158916192968 CHE 103
-197.6061004 24.57155964 26.432728327444451 SEN 104
60.96814269 -19.2421847 21.116832849381122 JOR 105
-38.98069647 166.806287 26.324593283299887 NLD 106
133.5582084 -79.9757814 13.515899445744749 OMN 107
27.79736822 64.95310222 48.120519234662289 ITA 108
294.1903032 -172.7746027 17.328067322333666 LAO 109
163.5366119 63.10322671 10.453205380069374 ARM 110
-4.220669324 80.68421513 1.1942482260115264 MCO 111
138.537315 -61.68551653 19.347453128436602 ARE 112
71.47380058 14.82674218 14.534966062107987 PSE 113
188.8693195 183.9165426 20.43077159041167 SWE 114
140.879016 80.30641084 11.625204021819526 MDA 115
-83.75574567 84.81232247 43.233246755155612 ESP 116
-120.1602609 -107.4575647 93.824250225672941 NGA 117
71.24998738 58.32828787 10.55503888936032 ALB 118
4.87265067 -238.2239496 6.900410717382937 SWZ 119
172.6569004 83.73959738 12.109364060164401 GEO 120
-65.97741629 -23.90437254 16.460338010442232 LBY 121
329.8499208 -177.590878 20.1571877413366 PNG 122
137.9949828 137.0576236 40.170840382954083 POL 123
75.62295429 111.7221461 18.771797818654669 AUT 124
300.7237596 -157.4263806 17.166224104648915 HKG 125
186.9442013 159.5941437 7.2136660185443509 EST 126
179.5257205 168.6309113 14.673779446007559 NOR 127
73.40964709 66.00528834 4.9631652484305366 MNE 128
115.2207684 -42.82147907 42.306690389331351 IRQ 129
-213.4124637 16.88333424 9.1975944702771741 GNB 130
-149.7078565 4.519589813 30.269287604609637 MLI 131
194.5554557 93.82229984 27.770536099467865 KAZ 132
