0.1738980365 90.25343988 28.537990747697954 HRV 0
108.9455122 74.71853959 30.116439969779236 UZB 1
56.62213306 70.35462781 26.454962073330357 BGR 2
-50.33445323 4.384495666 5.010715041841995 ESH 3
-23.25645899 -30.6185098 26.365837860205033 GNQ 4
43.48189317 71.05286449 30.47898970651816 SRB 5
-49.31325578 -9.514843179 31.090669201158288 BFA 6
-34.62967962 -45.48126496 43.502415068040477 TGO 7
96.65527797 69.17233872 12.526787604604987 TKM 8
96.16272774 114.6025324 18.282244620986376 LVA 9
-18.48078784 131.3070336 52.072878208319693 DEU 10
146.3660624 -34.71154041 39.968109165848851 THA 11
95.34469174 81.47346259 37.850803455379669 AZE 12
154.8058437 69.22530405 41.471046144172696 CHN 13
-22.93464043 -42.60034103 10.405531284211813 GAB 14
110.9998763 40.93228335 59.564842129320823 PAK 15
15.39256057 -28.89061441 80.600898744385262 RWA 16
73.4980627 58.69531559 37.933628069635212 SYR 17
-5.547378313 -72.85462819 17.759786582576918 ZMB 18
3.802453211 150.2226053 40.995335909946881 DNK 19
131.8037712 71.62781879 49.508552474614177 NPL 20
-22.74708912 16.65704736 30.19449566864866 TUN 21
136.5907461 1.166713411 122.91581205230848 BGD 22
124.9670465 85.6493324 19.964414229695002 KGZ 23
-0.7265612145 14.17797082 35.893126739560699 EGY 24
-31.52499066 10.27382193 14.768864773242742 DZA 25
-23.25752129 6.427708932 15.645952703424003 NER 26
104.1864634 60.21852036 27.128522113639942 AFG 27
76.90796661 -10.56284965 27.243963154759381 YEM 28
-111.5986125 68.2204506 35.673863070504133 PRT 29
-7.395302939 -32.48571536 22.6523670540011 COD 30
90.96235246 25.43322226 52.448210139348106 KWT 31
-173.2764562 3.715314402 233.79832081313785 GIB 32
163.0094011 -30.55612353 33.047935450320651 KHM 33
163.6730198 -56.3282601 40.995335909946881 IDN 34
116.1976454 63.69852992 28.838830780073092 TJK 35
-73.8874099 -35.03441705 37.223745108606629 SLE 36
70.20777595 74.72319761 35.297989136289736 TUR 37
95.88423837 105.1972817 23.064262010133788 BLR 38
48.74314938 84.83882929 35.563724298623939 HUN 39
39.93750369 57.86078841 30.658656886243435 MKD 40
174.6159343 -39.14068652 31.241717875899614 BRN 41
4.244698468 -101.2818976 23.800896448749473 ZAF 42
0.1145169779 -2.964097601 12.836137584002028 TCD 43
-30.27832538 83.28833711 79.847831307310187 SMR 44
-76.36357661 99.57633911 36.671622460846834 FRA 45
28.93028932 -92.909852 22.126718509430216 MOZ 46
33.01939646 -6.193662214 35.695850045208161 ETH 47
40.42138943 3.647261351 18.7483789493274 ERI 48
-68.82660592 83.19800862 44.022346995388965 AND 49
17.80167999 94.15848868 26.691171778635322 BIH 50
-23.66170296 -56.40400682 18.282244620986376 AGO 51
111.0721285 101.219781 14.392183230905879 FIN 52
11.52596384 0.9796730005 17.13012441233149 SDN 53
122.2218609 28.51569804 15.342118873751685 BTN 54
168.099143 14.85373782 30.837277289131155 MMR 55
130.0708342 97.02046569 5.010715041841995 MNG 56
239.6701498 10.76404062 77.676184739690541 KOR 57
-3.243634321 -15.51032732 10.253617564201088 CAF 58
22.66783348 16.78813742 69.430504277759582 ISR 59
359.8187884 -32.1412082 493.32646259444425 MAC 60
175.6863236 -12.59811119 59.893242689085007 VNM 61
-47.82886205 12.03979832 31.040156301507803 MAR 62
19.43594354 71.01737818 77.138977564123607 LBN 63
66.56312291 1.207676796 14.005374311799255 SAU 64
95.79459112 52.14476692 24.990862782419555 IRN 65
63.62557765 -9.763793676 23.602276316123458 DJI 66
87.12253548 114.1350948 22.23284246843593 LTU 67
116.9892157 104.1677679 10.02143008368399 RUS 68
3.154171762 -90.64628091 22.126718509430216 ZWE 69
-51.67956776 1.904280265 7.3043095919396075 MRT 70
-8.401674152 -85.73788465 7.3043095919396075 BWA 71
97.18332694 2.795427401 51.846374837059365 QAT 72
-95.76085652 -29.0902247 55.825077668920258 GMB 73
102.2567011 -26.31660692 73.918662026558764 IND 74
-13.80086074 -23.63233702 26.246534814389989 CMR 75
-50.76054899 44.69497856 115.70168529502678 VAT 76
-70.65319784 -51.87450348 25.302870654904186 LBR 77
-48.59570449 -32.67683752 41.300421687918899 GHA 78
63.37110228 87.95644564 31.367036140219717 ROU 79
104.5898799 94.66476933 26.866966248128421 UKR 80
13.56010585 -63.96043935 76.567267362310048 BDI 81
58.27556886 -35.47476409 33.190077764145322 KEN 82
-67.38230753 -22.59337958 25.611077762325817 GIN 83
38.91353504 -76.6090527 50.247879156700158 MWI 84
0.4800653841 109.8902631 34.602062231627954 SVN 85
14.66577554 -95.49994871 29.537729546485483 LSO 86
-60.91623867 -43.51529811 32.133102598504621 CIV 87
69.2462315 -17.20992682 18.15303985978268 SOM 88
19.88547477 -7.83304233 14.116972684234538 SSD 89
179.9363794 -54.48547699 32.254957804817671 TLS 90
-34.66875525 112.6541759 53.043217378827713 LIE 91
-69.67331826 126.7614833 66.25000983482235 BEL 92
-16.2053042 -36.34310986 14.282735382207104 COG 93
37.48897386 -58.84755912 29.431286931659752 TZA 94
19.30883332 117.0812453 39.314959185470592 CZE 95
147.2288224 -52.60635197 34.465743662657282 MYS 96
53.31150216 100.3136093 36.650220870193635 SVK 97
44.38825664 -22.29765068 52.493069628779978 UGA 98
168.7346857 85.77330327 49.698362317631073 PRK 99
-43.47521911 134.8370426 53.777719491839861 LUX 100
-34.06212201 -9.810613208 37.181565213916137 BEN 101
26.34589499 38.74210045 30.19449566864866 GRC 102
-55.12422387 99.2131077 50.310298906426482 CHE 103
-70.04197344 -9.214425742 32.400579122170356 SEN 104
54.92486891 0.9296617223 38.098737133147701 JOR 105
-33.09573094 162.1840758 77.138977564123607 NLD 106
83.85416356 -3.146008618 13.078350216409746 OMN 107
-9.561320624 63.7568502 47.585307427602821 ITA 108
179.7434538 14.28219804 19.406415909645048 LAO 109
85.88251224 68.69510748 33.308066325960112 ARM 110
75.13828166 -215.3289036 454.27700509530524 MCO 111
77.20444118 6.422978204 39.034563641451086 ARE 112
57.41276675 32.21745209 100.72191597272028 PSE 113
105.0364548 104.8890302 17.221485723821072 SWE 114
74.70326498 97.33585156 34.465743662657282 MDA 115
-80.86311381 60.97569916 32.881326144031945 ESP 116
-14.26779784 -5.962615547 52.865418384560847 NGA 117
11.567975 39.13092615 34.283142411464119 ALB 118
29.28538159 -111.2536077 28.289469405125189 SWZ 119
87.10991981 92.76750949 24.706687068839141 GEO 120
-11.34366082 7.417398438 6.6285529456622623 LBY 121
172.9411012 -65.09125207 16.090950024469048 PNG 122
68.81103731 113.0608342 39.034563641451086 POL 123
-14.97989311 111.8435615 35.142049008662916 AUT 124
225.3940811 -146.8166066 284.83502099345412 HKG 125
95.5009906 122.8499033 18.7483789493274 EST 126
95.83480389 96.76515415 13.078350216409746 NOR 127
8.409957056 51.54110218 23.030218800419412 MNE 128
85.19153226 44.1163618 34.533970209790922 IRQ 129
-79.2945441 -19.48946358 29.484556272860946 GNB 130
-46.49189126 0.4785496719 14.715643465829876 MLI 131
107.9176308 87.34520907 9.1196390321201388 KAZ 132
