15.70275333 44.94370871 12.557061120706921 HRV 0
63.33388622 39.7625852 37.190267079057826 UZB 1
25.48648305 42.39081571 16.219054210516582 BGR 2
-14.076322 24.70169289 4.8067563876665504 ESH 3
9.694205167 1.541548988 8.2122012116535252 GNQ 4
21.07837355 43.57326876 16.768756670155742 SRB 5
-2.367775743 14.13452199 30.241677316167273 BFA 6
0.9610384803 6.865056835 18.870849556599598 TGO 7
60.39448213 37.96215173 16.009163623128554 TKM 8
25.60617761 57.89814209 8.4843270967260729 LVA 9
9.971630361 50.74074596 57.238547839388026 DEU 10
100.1698916 13.80823182 53.143183431408069 THA 11
45.97537653 40.69333837 20.237889446289813 AZE 12
104.0373117 36.20287555 236.80474093456917 CHN 13
11.45429738 -0.6678998058 9.789922219419763 GAB 14
70.06635641 32.38309958 97.25798843362314 PAK 15
29.70378169 -2.154058993 23.545605091055275 RWA 16
38.46156714 34.79429686 30.225840536078788 SYR 17
31.38579628 -16.50531774 28.444318200884272 ZMB 18
11.10535557 57.71803263 15.2478088008267 DNK 19
84.69918991 27.37546212 34.860711515510097 NPL 20
8.864762989 34.72376434 22.136663020574257 TUN 21
92.96331394 21.11205848 82.479617937764189 BGD 22
74.16950387 40.6531395 16.276737746062985 KGZ 23
30.46381921 27.00492283 66.584789381892961 EGY 24
2.278420499 26.5028765 42.35386041920701 DZA 25
7.411831106 18.82133906 32.710506560757047 NER 26
62.26076724 34.50292898 40.760695937709116 AFG 27
48.26592238 13.74751747 36.810586215824081 YEM 28
-7.527679416 39.74498303 20.076669064768613 PRT 29
24.37690502 -0.2644315694 63.422018311371339 COD 30
47.17360638 28.73653336 13.020670410425378 KWT 31
-4.916088145 36.00709777 1.1329633457435904 GIB 32
105.3875733 9.919490506 25.816605213989654 KHM 33
119.6295997 -3.039482968 104.48136402769953 IDN 34
71.82523875 39.69595486 19.974416800942763 TJK 35
-11.00589573 8.039065097 18.595133539528913 SLE 36
32.51974404 39.67993854 58.098497280179103 TUR 37
27.5623814 52.39617639 19.3284881314313 BLR 38
21.0397312 45.92798965 19.987163229818361 HUN 39
21.79809167 42.16979486 9.0569604257762002 MKD 40
114.3624799 5.209408108 4.2198916596449774 BRN 41
24.16965031 -29.52838607 48.747317566996678 ZAF 42
20.96338859 13.55870372 26.813465849264972 TCD 43
12.03157579 44.83146912 1.1508063858912092 SMR 44
1.022692557 45.86563978 50.468822644874962 FRA 45
35.78403591 -17.95294355 36.514378401015769 MOZ 46
37.35447062 7.584807433 70.546041612587103 ETH 47
39.21070972 16.44252583 12.142968576167476 ERI 48
0.5564635568 42.30564581 1.7770982283583625 AND 49
17.44007241 43.44523283 11.238449618691737 BIH 50
17.5044914 -12.81797306 37.985730249503682 AGO 51
28.17351179 64.33627737 14.769275929636084 FIN 52
30.3673116 16.0143795 43.500575062320337 SDN 53
91.3831593 26.5519666 5.565028320431276 BTN 54
100.4203967 19.9181379 46.332917598525327 MMR 55
105.8000886 50.72771349 11.644467007726591 MNG 56
126.9293359 36.97737149 45.13134315363525 KOR 57
21.26337459 8.108880618 15.029101654374699 CAF 58
33.72743487 30.85309115 18.996217189388506 ISR 59
112.7749804 22.80052981 5.2620541529842972 MAC 60
107.3508403 14.94051079 62.357436562825313 VNM 61
-5.003513869 29.60171984 38.579420067195542 MAR 62
35.49066847 34.01404495 14.511818404630572 LBN 63
46.15651633 24.84612971 38.121459497544961 SAU 64
55.234675 31.58325244 59.22384170286221 IRN 65
43.65056491 11.26427456 6.6859618848297169 DJI 66
22.6307046 55.23010988 10.340522835179389 LTU 67
98.81992638 59.53120568 75.375622048486363 RUS 68
30.66577071 -20.4637434 25.603029953893035 ZWE 69
-12.73667206 21.59704519 13.83031670550182 MRT 70
25.40458134 -22.15511676 10.258426419874205 BWA 71
49.89640399 26.23511414 10.336581335956653 QAT 72
-18.96157832 13.09722645 10.444430594358346 GMB 73
75.78055466 13.56903963 237.05012914518309 IND 74
12.11790014 4.730747703 33.567875577731229 CMR 75
11.42381388 38.91922959 0.14273996463758234 VAT 76
-9.18156432 6.050205049 14.598607327398124 LBR 77
-2.346280956 6.554542287 36.635262367418953 GHA 78
24.35423581 46.10621701 27.972298945107518 ROU 79
32.90393121 49.11153614 38.017095393994964 UKR 80
29.90262601 -5.557553537 22.819205598105199 BDI 81
37.22492936 0.6448269367 46.5542406551113 KEN 82
-9.889818609 10.94413387 23.625512441898575 GIN 83
34.88927831 -14.13296656 28.693573347859068 MWI 84
14.94230838 46.00645983 9.130896023358769 SVN 85
27.98084012 -29.81125936 9.5742239410731038 LSO 86
-6.487767515 7.515438155 33.699632998247999 CIV 87
47.59319458 9.768858121 26.714119015999053 SOM 88
29.26496194 6.786543929 20.88447149161146 SSD 89
125.6234126 -7.546097126 7.3160324182542684 TLS 90
11.12655027 46.43340679 1.2443781621195815 LIE 91
2.320501421 50.88598318 21.43952368190336 BEL 92
14.81875023 0.3340055771 15.498300193355377 COG 93
36.22182755 -8.938657961 51.503024119408458 TZA 94
15.44573519 49.97560776 20.317769221632126 CZE 95
111.9190008 2.188190044 36.735232949191008 MYS 96
20.57182751 48.05539293 15.098083179099644 SVK 97
31.11961062 1.579846529 43.713866559415592 UGA 98
125.4832389 41.7869302 32.078087891570178 PRK 99
6.482683867 49.67942645 5.0748022272783357 LUX 100
1.880448838 10.26226966 23.22454234302446 BEN 101
22.69277411 38.51280536 20.168303373972602 GRC 102
8.580382286 45.92271644 18.601158916192968 CHE 103
-14.267722 15.11150341 26.432728327444451 SEN 104
36.23048673 30.16513921 21.116832849381122 JOR 105
5.209998386 52.31038938 26.324593283299887 NLD 106
57.48667874 22.38652256 13.515899445744749 OMN 107
13.52441846 41.41044079 48.120519234662289 ITA 108
104.3305479 18.71413096 17.328067322333666 LAO 109
44.08232567 40.54913231 10.453205380069374 ARM 110
8.571037173 43.72985319 1.1942482260115264 MCO 111
54.59897629 23.90731584 19.347453128436602 ARE 112
35.2205082 32.17623107 14.534966062107987 PSE 113
16.58427136 63.25474872 20.43077159041167 SWE 114
28.93697108 46.05251197 11.625204021819526 MDA 115
-2.544703402 41.23529538 43.233246755155612 ESP 116
8.685590055 11.44408846 93.824250225672941 NGA 117
19.3318696 40.3818932 10.55503888936032 ALB 118
33.69297561 -26.02801088 6.900410717382937 SWZ 119
42.4759097 43.1356205 12.109364060164401 GEO 120
16.93766591 24.15957462 16.460338010442232 LBY 121
145.1495773 -7.706675288 20.1571877413366 PNG 122
21.00371771 52.44559673 40.170840382954083 POL 123
13.35047229 46.75492039 18.771797818654669 AUT 124
115.0926907 20.94775136 17.166224104648915 HKG 125
26.58873475 61.23222065 7.2136660185443509 EST 126
9.741079593 63.33578145 14.673779446007559 NOR 127
18.74959897 41.52627297 4.9631652484305366 MNE 128
44.75506122 31.40588547 42.306690389331351 IRQ 129
-17.36520658 11.56927567 9.1975944702771741 GNB 130
-5.45371087 19.15132653 30.269287604609637 MLI 131
66.68036392 48.12285576 27.770536099467865 KAZ 132
