15.54716988 44.76685742 12.557061120706921 HRV 0
63.04067318 39.82719585 37.190267079057826 UZB 1
25.34050147 42.49838658 16.219054210516582 BGR 2
-14.19200052 24.71502411 4.8067563876665504 ESH 3
9.678023555 1.45904172 8.2122012116535252 GNQ 4
21.08638342 43.65038513 16.768756670155742 SRB 5
-2.376871145 14.19239411 30.241677316167273 BFA 6
0.908865644 6.92297567 18.870849556599598 TGO 7
60.34271665 38.19565144 16.009163623128554 TKM 8
25.47876619 57.96224977 8.4843270967260729 LVA 9
9.993819284 50.7475512 57.238547839388026 DEU 10
100.3895912 13.95482554 53.143183431408069 THA 11
45.94571621 40.61823933 20.237889446289813 AZE 12
104.3045481 36.22731165 236.80474093456917 CHN 13
11.29465967 -0.6178112099 9.789922219419763 GAB 14
69.87971076 32.08124437 97.25798843362314 PAK 15
29.53602843 -2.126583898 23.545605091055275 RWA 16
38.52735947 34.79341695 30.225840536078788 SYR 17
31.30081357 -16.39862675 28.444318200884272 ZMB 18
10.88992141 57.69090311 15.2478088008267 DNK 19
84.58911233 27.43877791 34.860711515510097 NPL 20
9.131341007 34.59304747 22.136663020574257 TUN 21
93.03704847 21.13178593 82.479617937764189 BGD 22
74.14596067 40.66234274 16.276737746062985 KGZ 23
30.44540024 26.95922905 66.584789381892961 EGY 24
2.233264484 26.51620354 42.35386041920701 DZA 25
7.457505254 18.86152205 32.710506560757047 NER 26
62.09209204 34.4577733 40.760695937709116 AFG 27
48.31095253 13.75312007 36.810586215824081 YEM 28
-7.631843684 39.85432799 20.076669064768613 PRT 29
24.48717143 -0.324176824 63.422018311371339 COD 30
47.12293857 28.71322367 13.020670410425378 KWT 31
-4.990134033 35.85344902 1.1329633457435904 GIB 32
105.3621399 9.936201732 25.816605213989654 KHM 33
119.6988582 -3.023519257 104.48136402769953 IDN 34
71.88108495 39.65941757 19.974416800942763 TJK 35
-11.07708487 8.17514194 18.595133539528913 SLE 36
32.52833626 39.56284489 58.098497280179103 TUR 37
27.5308604 52.46415678 19.3284881314313 BLR 38
20.99262593 45.9287494 19.987163229818361 HUN 39
21.89273521 42.19132446 9.0569604257762002 MKD 40
114.2574625 5.160960117 4.2198916596449774 BRN 41
24.10448903 -29.59924211 48.747317566996678 ZAF 42
20.97841498 13.70067262 26.813465849264972 TCD 43
11.95404612 44.81916121 1.1508063858912092 SMR 44
1.151399374 46.00216977 50.468822644874962 FRA 45
35.78221153 -17.96822409 36.514378401015769 MOZ 46
37.35643066 7.63432038 70.546041612587103 ETH 47
39.14963122 16.43483249 12.142968576167476 ERI 48
0.6069827761 42.3437798 1.7770982283583625 AND 49
17.59314375 43.5691434 11.238449618691737 BIH 50
17.51469444 -12.82234488 37.985730249503682 AGO 51
28.36767921 64.35279545 14.769275929636084 FIN 52
30.34960574 16.03870736 43.500575062320337 SDN 53
91.39321224 26.48126093 5.565028320431276 BTN 54
100.5186429 19.82333863 46.332917598525327 MMR 55
105.5369631 50.88894737 11.644467007726591 MNG 56
126.9671612 36.89099399 45.13134315363525 KOR 57
21.07836173 8.02716495 15.029101654374699 CAF 58
33.74746049 30.81103711 18.996217189388506 ISR 59
112.7800112 22.83344027 5.2620541529842972 MAC 60
107.2982385 14.76957124 62.357436562825313 VNM 61
-4.971243822 29.68201467 38.579420067195542 MAR 62
35.47822164 33.96545543 14.511818404630572 LBN 63
46.04769444 24.85477695 38.121459497544961 SAU 64
55.1650313 31.67367264 59.22384170286221 IRN 65
43.79300874 11.3838006 6.6859618848297169 DJI 66
22.59307372 55.35086314 10.340522835179389 LTU 67
99.03542816 59.60270122 75.375622048486363 RUS 68
30.72884028 -20.50649632 25.603029953893035 ZWE 69
-12.89390454 21.62894831 13.83031670550182 MRT 70
25.35904366 -22.06663293 10.258426419874205 BWA 71
49.92075172 26.19779223 10.336581335956653 QAT 72
-18.82001624 13.00221049 10.444430594358346 GMB 73
75.93717634 13.22332764 237.05012914518309 IND 74
12.26927407 4.753985437 33.567875577731229 CMR 75
11.48140674 38.8862999 0.14273996463758234 VAT 76
-9.266673764 6.15916389 14.598607327398124 LBR 77
-2.356559967 6.529114865 36.635262367418953 GHA 78
24.40079316 46.09256514 27.972298945107518 ROU 79
33.0800861 49.21670143 38.017095393994964 UKR 80
29.99201855 -5.64859982 22.819205598105199 BDI 81
37.21516592 0.6948584272 46.5542406551113 KEN 82
-9.918429291 11.01297381 23.625512441898575 GIN 83
34.92255952 -14.17654809 28.693573347859068 MWI 84
14.97356725 45.94369848 9.130896023358769 SVN 85
28.07811552 -29.81877924 9.5742239410731038 LSO 86
-6.450383197 7.576464506 33.699632998247999 CIV 87
47.61895832 9.680040628 26.714119015999053 SOM 88
29.16728751 6.895212251 20.88447149161146 SSD 89
125.4689776 -7.753696947 7.3160324182542684 TLS 90
11.05442749 46.45554375 1.2443781621195815 LIE 91
2.393266656 50.84534767 21.43952368190336 BEL 92
14.87329628 0.4760498383 15.498300193355377 COG 93
36.16102355 -9.008845264 51.503024119408458 TZA 94
15.53100838 49.87261053 20.317769221632126 CZE 95
112.0240214 2.117167946 36.735232949191008 MYS 96
20.66765885 47.98399126 15.098083179099644 SVK 97
31.2020797 1.741121608 43.713866559415592 UGA 98
125.4230916 41.73819026 32.078087891570178 PRK 99
6.416681552 49.77684439 5.0748022272783357 LUX 100
1.936127204 10.20560592 23.22454234302446 BEN 101
22.58350844 38.59816379 20.168303373972602 GRC 102
8.57820451 45.9984013 18.601158916192968 CHE 103
-14.31821542 15.19938335 26.432728327444451 SEN 104
36.32163062 30.09819456 21.116832849381122 JOR 105
5.107907237 52.34327621 26.324593283299887 NLD 106
57.59857209 22.37960751 13.515899445744749 OMN 107
13.51195267 41.40427198 48.120519234662289 ITA 108
104.50869 18.55361459 17.328067322333666 LAO 109
44.03597758 40.59472109 10.453205380069374 ARM 110
8.503262927 43.65251947 1.1942482260115264 MCO 111
54.64763041 24.01618465 19.347453128436602 ARE 112
35.29158236 32.11655487 14.534966062107987 PSE 113
16.55573786 63.16853884 20.43077159041167 SWE 114
28.99767435 46.06305294 11.625204021819526 MDA 115
-2.612611277 41.29557051 43.233246755155612 ESP 116
8.762487921 11.39958625 93.824250225672941 NGA 117
19.40259681 40.54713077 10.55503888936032 ALB 118
33.70312328 -25.98805152 6.900410717382937 SWZ 119
42.47192368 43.26597055 12.109364060164401 GEO 120
16.9000117 24.25889068 16.460338010442232 LBY 121
145.1463748 -7.799237163 20.1571877413366 PNG 122
21.03824597 52.46865259 40.170840382954083 POL 123
13.32797783 46.66423971 18.771797818654669 AUT 124
115.1996 20.8166163 17.166224104648915 HKG 125
26.61553854 61.3852772 7.2136660185443509 EST 126
9.761635349 63.30840989 14.673779446007559 NOR 127
18.796864 41.56654299 4.9631652484305366 MNE 128
44.78604622 31.37779697 42.306690389331351 IRQ 129
-17.3452033 11.60651862 9.1975944702771741 GNB 130
-5.401182037 19.32279329 30.269287604609637 MLI 131
66.63049896 48.08491549 27.770536099467865 KAZ 132
