15.14025917 44.54304386 12.557061120706921 HRV 0
64.57822508 40.19003528 37.190267079057826 UZB 1
25.30831543 43.86927716 16.219054210516582 BGR 2
-14.20777354 24.60814647 4.8067563876665504 ESH 3
9.35194146 2.099864626 8.2122012116535252 GNQ 4
20.90941731 43.99605972 16.768756670155742 SRB 5
-1.443977416 12.73622695 30.241677316167273 BFA 6
1.195153636 7.564365261 18.870849556599598 TGO 7
61.00736741 40.115748 16.009163623128554 TKM 8
25.39377304 57.43520569 8.4843270967260729 LVA 9
9.342339255 50.52282956 57.238547839388026 DEU 10
99.70202403 13.95825834 53.143183431408069 THA 11
47.12127178 41.22278824 20.237889446289813 AZE 12
104.3716105 35.52240713 236.80474093456917 CHN 13
11.13037877 -0.2582863585 9.789922219419763 GAB 14
69.87917591 31.4370868 97.25798843362314 PAK 15
30.00277723 -1.463198859 23.545605091055275 RWA 16
38.27990779 34.77181336 30.225840536078788 SYR 17
29.71252478 -14.78123926 28.444318200884272 ZMB 18
10.07629232 56.54006139 15.2478088008267 DNK 19
84.72006306 27.93408515 34.860711515510097 NPL 20
9.257156581 34.72988973 22.136663020574257 TUN 21
90.88492635 22.68688115 82.479617937764189 BGD 22
73.91993552 40.45173215 16.276737746062985 KGZ 23
31.32228045 27.15932443 66.584789381892961 EGY 24
2.216404863 26.05491876 42.35386041920701 DZA 25
7.244529319 16.44506627 32.710506560757047 NER 26
63.8862701 32.88039383 40.760695937709116 AFG 27
48.2468416 14.02035874 36.810586215824081 YEM 28
-7.262897287 40.13260413 20.076669064768613 PRT 29
24.56536588 -0.5664566937 63.422018311371339 COD 30
48.74538251 28.57479884 13.020670410425378 KWT 31
-5.273280007 37.00178008 1.1329633457435904 GIB 32
105.5952232 12.3773047 25.816605213989654 KHM 33
119.3990164 -4.586240095 104.48136402769953 IDN 34
71.59403853 38.4301907 19.974416800942763 TJK 35
-10.51089064 8.402487746 18.595133539528913 SLE 36
32.93116669 38.44591788 58.098497280179103 TUR 37
28.52331347 53.70328341 19.3284881314313 BLR 38
20.60920842 46.11977906 19.987163229818361 HUN 39
22.10307897 41.6545268 9.0569604257762002 MKD 40
114.8921448 4.062045677 4.2198916596449774 BRN 41
24.20484157 -30.16723388 48.747317566996678 ZAF 42
19.22843241 14.85998153 26.813465849264972 TCD 43
11.92509998 44.50492469 1.1508063858912092 SMR 44
1.321155962 46.75744162 50.468822644874962 FRA 45
35.40904523 -17.66749738 36.514378401015769 MOZ 46
38.06931748 7.782200921 70.546041612587103 ETH 47
39.83646876 14.57025716 12.142968576167476 ERI 48
1.055884575 41.86006552 1.7770982283583625 AND 49
17.90069547 43.12346004 11.238449618691737 BIH 50
17.26388671 -12.39664905 37.985730249503682 AGO 51
26.84368696 64.39074558 14.769275929636084 FIN 52
30.19090543 16.44401142 43.500575062320337 SDN 53
90.73072238 26.67670503 5.565028320431276 BTN 54
98.35913492 21.32535145 46.332917598525327 MMR 55
105.1822199 46.7877136 11.644467007726591 MNG 56
128.136711 37.42192295 45.13134315363525 KOR 57
21.45148532 7.826625741 15.029101654374699 CAF 58
34.04204599 30.88824051 18.996217189388506 ISR 59
112.9203507 21.73305841 5.2620541529842972 MAC 60
107.5652408 15.79307237 62.357436562825313 VNM 61
-4.836752422 31.25318391 38.579420067195542 MAR 62
35.59264417 33.76354015 14.511818404630572 LBN 63
45.25411598 24.59868375 38.121459497544961 SAU 64
53.1278188 30.71020159 59.22384170286221 IRN 65
43.36896733 11.60482896 6.6859618848297169 DJI 66
23.34229644 56.35354319 10.340522835179389 LTU 67
99.36038841 59.26357549 75.375622048486363 RUS 68
29.01643372 -19.35410835 25.603029953893035 ZWE 69
-12.07739376 19.93591028 13.83031670550182 MRT 70
25.07502723 -21.96466286 10.258426419874205 BWA 71
51.35383809 25.59898766 10.336581335956653 QAT 72
-17.94618035 12.71951737 10.444430594358346 GMB 73
77.17016775 18.51725287 237.05012914518309 IND 74
10.72328713 5.57912117 33.567875577731229 CMR 75
12.78847739 40.41585898 0.14273996463758234 VAT 76
-8.791932481 7.515887085 14.598607327398124 LBR 77
-1.626446658 7.847338817 36.635262367418953 GHA 78
25.1906467 46.49163201 27.972298945107518 ROU 79
32.83017359 50.2898866 38.017095393994964 UKR 80
29.70056258 -3.55581236 22.819205598105199 BDI 81
38.22847037 1.118165189 46.5542406551113 KEN 82
-10.01086776 10.57610294 23.625512441898575 GIN 83
34.66179448 -14.42787476 28.693573347859068 MWI 84
14.15410871 45.86880707 9.130896023358769 SVN 85
28.20678435 -30.00156319 9.5742239410731038 LSO 86
-4.910391395 7.502531883 33.699632998247999 CIV 87
48.98094609 9.682994253 26.714119015999053 SOM 88
28.88573956 7.161977798 20.88447149161146 SSD 89
126.1978761 -6.312184972 7.3160324182542684 TLS 90
9.171652568 46.92873897 1.2443781621195815 LIE 91
3.875429184 50.86567132 21.43952368190336 BEL 92
15.0763448 -0.2240583835 15.498300193355377 COG 93
35.97449231 -6.025990303 51.503024119408458 TZA 94
15.3848413 50.44840456 20.317769221632126 CZE 95
111.9613717 2.224648583 36.735232949191008 MYS 96
20.31138421 48.1595824 15.098083179099644 SVK 97
31.70831574 1.008955495 43.713866559415592 UGA 98
126.8431622 40.94646368 32.078087891570178 PRK 99
5.435283354 50.22937423 5.0748022272783357 LUX 100
1.840280484 9.587423382 23.22454234302446 BEN 101
22.67363865 38.99567952 20.168303373972602 GRC 102
6.366413175 45.91260743 18.601158916192968 CHE 103
-14.11296194 13.90467594 26.432728327444451 SEN 104
36.44860202 30.58494257 21.116832849381122 JOR 105
5.804357208 52.03310969 26.324593283299887 NLD 106
56.09984591 21.06724182 13.515899445744749 OMN 107
13.10057154 42.60585732 48.120519234662289 ITA 108
105.0288345 18.32108691 17.328067322333666 LAO 109
43.98997917 40.01306613 10.453205380069374 ARM 110
7.196011232 43.98638043 1.1942482260115264 MCO 111
53.89398749 23.38787125 19.347453128436602 ARE 112
35.26435334 32.37641845 14.534966062107987 PSE 113
15.76907715 62.99951842 20.43077159041167 SWE 114
29.5073426 46.55495215 11.625204021819526 MDA 115
-4.185503868 40.75314543 43.233246755155612 ESP 116
7.984463758 10.79546244 93.824250225672941 NGA 117
19.55432611 41.00690001 10.55503888936032 ALB 118
32.37015776 -26.10413123 6.900410717382937 SWZ 119
42.79576006 41.51269925 12.109364060164401 GEO 120
16.24184101 24.99379535 16.460338010442232 LBY 121
146.0900271 -7.28348512 20.1571877413366 PNG 122
20.12279407 51.48737423 40.170840382954083 POL 123
12.87835232 46.89307011 18.771797818654669 AUT 124
114.971295 20.89450433 17.166224104648915 HKG 125
27.0615534 59.22672958 7.2136660185443509 EST 126
9.907142081 62.97838168 14.673779446007559 NOR 127
18.10133692 42.38657353 4.9631652484305366 MNE 128
42.96357962 32.57301404 42.306690389331351 IRQ 129
-15.50272782 12.04295291 9.1975944702771741 GNB 130
-4.391749045 18.39547539 30.269287604609637 MLI 131
68.28271512 48.1075931 27.770536099467865 KAZ 132
