-76.14718645 -9.785244167 4.7472542821757884 ECU 0
-46.10975977 4.29520587 0.87865139884746146 SUR 1
-41.8434211 -13.03113198 16.374576927854349 BRA 2
-53.31928311 -39.86141027 7.5305872859570888 ARG 3
-83.41627148 13.89316266 2.9546166451499345 NIC 4
-98.48858018 27.2705544 0.71337910523848391 BLZ 5
-60.52968051 -26.91344262 3.9176719172431178 BOL 6
-89.61896873 19.20999699 3.6227725255447951 HND 7
-52.50461243 -29.27190469 2.9155880831169001 PRY 8
-103.2760013 99.72298907 6.9315283928660048 CAN 9
-41.54386059 -36.67140859 2.0592961534022747 URY 10
-94.92009536 13.64210276 2.8081764469030146 SLV 11
-110.7783495 35.31699857 12.615243031416425 MEX 12
-81.83151214 7.310869344 2.5411245245006104 CRI 13
-77.00553987 4.151464568 2.3528189967205462 PAN 14
-100.1431863 21.73247882 4.7343943900960257 GTM 15
-54.448244 8.654765377 5.9773144476431224 VEN 16
-66.7039756 -33.25482555 4.9314512791066454 CHL 17
-70.04024399 -20.20374245 6.5237829189637537 PER 18
-110.3043936 72.51680254 20.523724091066036 USA 19
-65.67713334 -2.498758529 8.0329855948055844 COL 20
-44.49078928 4.624949309 0.6220745687835374 GUF 21
-47.91968536 5.110074404 1.0040882470144172 GUY 22
