75.86572756 85.36453454 12.557061120706921 HRV 0
205.4867269 62.70749339 37.190267079057826 UZB 1
107.7446454 81.09988868 16.219054210516582 BGR 2
-145.2919739 45.38036588 4.8067563876665504 ESH 3
-70.39295264 -109.5201628 8.2122012116535252 GNQ 4
91.68016815 80.66595843 16.768756670155742 SRB 5
-164.1510427 -30.60315667 30.241677316167273 BFA 6
-167.9143529 -79.63512018 18.870849556599598 TGO 7
182.2082935 51.31523939 16.009163623128554 TKM 8
179.1126064 156.8069231 8.4843270967260729 LVA 9
44.4834483 158.9197369 57.238547839388026 DEU 10
233.1702597 -198.568847 53.143183431408069 THA 11
178.1147271 68.49237072 20.237889446289813 AZE 12
322.5034497 -22.96581202 236.80474093456917 CHN 13
-71.78111275 -118.1808699 9.789922219419763 GAB 14
196.9366701 -126.4943505 97.25798843362314 PAK 15
16.80395005 -180.9796893 23.545605091055275 RWA 16
101.210663 -4.317133726 30.225840536078788 SYR 17
-26.28174371 -200.8414724 28.444318200884272 ZMB 18
14.51637764 187.8758664 15.2478088008267 DNK 19
104.0100972 -128.1285624 34.860711515510097 NPL 20
-57.00906554 11.8736566 22.136663020574257 TUN 21
166.0495853 -208.5114752 82.479617937764189 BGD 22
231.2741944 66.37591822 16.276737746062985 KGZ 23
-7.882033272 12.15484395 66.584789381892961 EGY 24
-108.2702331 16.24703472 42.35386041920701 DZA 25
-103.7280199 -38.14924927 32.710506560757047 NER 26
191.7734544 11.58464187 40.760695937709116 AFG 27
111.8172212 -94.05094063 36.810586215824081 YEM 28
-115.1107145 93.91801656 20.076669064768613 PRT 29
-40.35277295 -157.7290966 63.422018311371339 COD 30
126.0792208 -69.61048881 13.020670410425378 KWT 31
-71.86773934 60.41934899 1.1329633457435904 GIB 32
312.0166204 -204.2804164 25.816605213989654 KHM 33
267.3058234 -267.3738777 104.48136402769953 IDN 34
211.982478 35.62740963 19.974416800942763 TJK 35
-222.311548 -4.813317788 18.595133539528913 SLE 36
123.6005628 48.55220998 58.098497280179103 TUR 37
170.7644359 132.746967 19.3284881314313 BLR 38
105.6275435 98.61054188 19.987163229818361 HUN 39
87.39100999 66.33132052 9.0569604257762002 MKD 40
289.1426544 -158.024175 4.2198916596449774 BRN 41
-50.85684936 -233.7267566 48.747317566996678 ZAF 42
-50.16623035 -64.2346869 26.813465849264972 TCD 43
-15.38849591 84.01469376 1.1508063858912092 SMR 44
-26.45083214 107.2548853 50.468822644874962 FRA 45
27.76015287 -237.0315595 36.514378401015769 MOZ 46
25.61537273 -94.99079477 70.546041612587103 ETH 47
39.32398925 -57.1124383 12.142968576167476 ERI 48
-45.03024768 73.74089412 1.7770982283583625 AND 49
79.5703703 74.38022713 11.238449618691737 BIH 50
-87.07787819 -173.8845913 37.985730249503682 AGO 51
200.6106781 171.5183291 14.769275929636084 FIN 52
-16.37347995 -58.60769039 43.500575062320337 SDN 53
243.1300301 -148.761465 5.565028320431276 BTN 54
264.7910094 -161.8312652 46.332917598525327 MMR 55
294.2078945 103.369622 11.644467007726591 MNG 56
425.9609957 77.9751846 45.13134315363525 KOR 57
-40.58201292 -105.013942 15.029101654374699 CAF 58
52.04402168 -3.025998975 18.996217189388506 ISR 59
266.0109925 -136.722545 5.2620541529842972 MAC 60
371.121516 -181.3264917 62.357436562825313 VNM 61
-118.5326506 65.49736063 38.579420067195542 MAR 62
59.34614588 11.58854347 14.511818404630572 LBN 63
85.33760109 -67.71375324 38.121459497544961 SAU 64
145.6815805 -4.164736013 59.22384170286221 IRN 65
53.41467189 -69.63738473 6.6859618848297169 DJI 66
172.6349421 147.0789517 10.340522835179389 LTU 67
253.613261 118.630523 75.375622048486363 RUS 68
-15.70036262 -224.9933595 25.603029953893035 ZWE 69
-159.093145 32.85989037 13.83031670550182 MRT 70
-44.87573982 -204.071339 10.258426419874205 BWA 71
109.6618159 -69.50215176 10.336581335956653 QAT 72
-219.1242002 8.974595478 10.444430594358346 GMB 73
116.6459311 -356.1327761 237.05012914518309 IND 74
-60.28031598 -91.85657755 33.567875577731229 CMR 75
-15.68127994 45.90675252 0.14273996463758234 VAT 76
-224.5737326 -20.83345079 14.598607327398124 LBR 77
-185.8750197 -59.42138652 36.635262367418953 GHA 78
128.9561447 94.30683243 27.972298945107518 ROU 79
163.2608467 105.810273 38.017095393994964 UKR 80
-2.888008194 -192.1001967 22.819205598105199 BDI 81
54.78494631 -144.0190876 46.5542406551113 KEN 82
-201.992048 -1.624533112 23.625512441898575 GIN 83
17.27021233 -207.0468436 28.693573347859068 MWI 84
76.61290546 95.90788766 9.130896023358769 SVN 85
-2.292050027 -207.9000704 9.5742239410731038 LSO 86
-202.7277007 -29.58799219 33.699632998247999 CIV 87
72.96300671 -96.77397568 26.714119015999053 SOM 88
-9.269174489 -122.6853888 20.88447149161146 SSD 89
336.1333291 -232.037969 7.3160324182542684 TLS 90
57.75502324 114.9544425 1.2443781621195815 LIE 91
-32.59135631 142.9972116 21.43952368190336 BEL 92
-62.50853338 -126.3081288 15.498300193355377 COG 93
53.2561877 -191.8307663 51.503024119408458 TZA 94
81.95686136 134.8706106 20.317769221632126 CZE 95
282.1096919 -198.4158779 36.735232949191008 MYS 96
110.8547082 114.8838782 15.098083179099644 SVK 97
11.05536529 -148.7157986 43.713866559415592 UGA 98
360.0107248 102.6110419 32.078087891570178 PRK 99
-10.44047502 129.8396533 5.0748022272783357 LUX 100
-155.787905 -58.53913946 23.22454234302446 BEN 101
85.58751397 52.20171314 20.168303373972602 GRC 102
40.4573181 117.2291014 18.601158916192968 CHE 103
-198.5546016 25.03373368 26.432728327444451 SEN 104
62.42046417 -19.59244192 21.116832849381122 JOR 105
-38.44511 166.9869638 26.324593283299887 NLD 106
135.3986616 -80.65216744 13.515899445744749 OMN 107
29.29724166 63.583798 48.120519234662289 ITA 108
294.2369265 -172.8040972 17.328067322333666 LAO 109
164.2738912 62.83759153 10.453205380069374 ARM 110
-4.220669324 80.68421513 1.1942482260115264 MCO 111
140.3455221 -62.89365982 19.347453128436602 ARE 112
73.22176111 14.38100123 14.534966062107987 PSE 113
188.8374096 183.9918804 20.43077159041167 SWE 114
142.3165789 80.38626674 11.625204021819526 MDA 115
-83.64325064 84.78417025 43.233246755155612 ESP 116
-121.3841744 -108.7995651 93.824250225672941 NGA 117
73.15542992 60.54611373 10.55503888936032 ALB 118
4.534338611 -239.7127753 6.900410717382937 SWZ 119
173.3534819 83.52540382 12.109364060164401 GEO 120
-65.08225132 -23.66592484 16.460338010442232 LBY 121
329.8499208 -177.590878 20.1571877413366 PNG 122
139.6837459 137.8228659 40.170840382954083 POL 123
77.24338906 110.3560032 18.771797818654669 AUT 124
300.755849 -157.311295 17.166224104648915 HKG 125
186.9442013 159.5941437 7.2136660185443509 EST 126
179.5257205 168.6309113 14.673779446007559 NOR 127
75.15822102 67.83582575 4.9631652484305366 MNE 128
116.7294529 -44.26748472 42.306690389331351 IRQ 129
-213.965562 17.03731433 9.1975944702771741 GNB 130
-149.7078565 4.519589813 30.269287604609637 MLI 131
196.0445079 92.91238279 27.770536099467865 KAZ 132
