29.90505254 96.27727797 12.557061120706921 HRV 0
158.7416235 75.17284018 37.190267079057826 UZB 1
48.05958137 67.8962064 16.219054210516582 BGR 2
-133.4798636 52.3737382 4.8067563876665504 ESH 3
-50.65413249 -83.52360772 8.2122012116535252 GNQ 4
43.01340408 80.479855 16.768756670155742 SRB 5
-132.8486202 -2.00505199 30.241677316167273 BFA 6
-134.9359133 -50.70853875 18.870849556599598 TGO 7
145.0609856 57.56526733 16.009163623128554 TKM 8
127.8667536 152.4180602 8.4843270967260729 LVA 9
-5.846986571 138.2807935 57.238547839388026 DEU 10
233.630515 -160.6379361 53.143183431408069 THA 11
133.6102025 67.33632083 20.237889446289813 AZE 12
266.8259742 6.914462636 236.80474093456917 CHN 13
-54.8102739 -93.75950628 9.789922219419763 GAB 14
181.2554332 -110.9217457 97.25798843362314 PAK 15
25.09316627 -150.1367283 23.545605091055275 RWA 16
68.49108814 26.16880736 30.225840536078788 SYR 17
-11.3260653 -170.682534 28.444318200884272 ZMB 18
15.2548352 160.7641945 15.2478088008267 DNK 19
105.2976802 -124.6773375 34.860711515510097 NPL 20
-45.76050765 40.63065614 22.136663020574257 TUN 21
167.6092735 -189.1645481 82.479617937764189 BGD 22
182.5265716 84.76202653 16.276737746062985 KGZ 23
1.888674269 10.31452675 66.584789381892961 EGY 24
-88.71964206 39.63415504 42.35386041920701 DZA 25
-76.2286158 -2.328348475 32.710506560757047 NER 26
149.1513011 22.36610719 40.760695937709116 AFG 27
84.50903996 -53.10261526 36.810586215824081 YEM 28
-114.0400123 86.39211538 20.076669064768613 PRT 29
-18.9782103 -124.4898411 63.422018311371339 COD 30
92.51428081 -25.40427294 13.020670410425378 KWT 31
-72.08267379 60.16276115 1.1329633457435904 GIB 32
303.5940811 -143.8353927 25.816605213989654 KHM 33
276.0679181 -215.9627508 104.48136402769953 IDN 34
167.89225 53.29010985 19.974416800942763 TJK 35
-196.2960164 -8.894532964 18.595133539528913 SLE 36
78.41412624 61.62093834 58.098497280179103 TUR 37
121.3175641 130.1717176 19.3284881314313 BLR 38
59.16544828 103.9739032 19.987163229818361 HUN 39
35.95636525 65.03357677 9.0569604257762002 MKD 40
281.8337543 -121.3379791 4.2198916596449774 BRN 41
-30.04291089 -197.3672267 48.747317566996678 ZAF 42
-30.53508486 -38.7923372 26.813465849264972 TCD 43
-21.92714394 86.72133929 1.1508063858912092 SMR 44
-47.88250342 97.08194507 50.468822644874962 FRA 45
49.35991844 -190.6075603 36.514378401015769 MOZ 46
32.91782241 -73.54741895 70.546041612587103 ETH 47
42.03186904 -39.69557753 12.142968576167476 ERI 48
-45.35233078 74.54004991 1.7770982283583625 AND 49
32.2768378 85.17709824 11.238449618691737 BIH 50
-64.17897178 -134.8687533 37.985730249503682 AGO 51
148.7933964 166.8793018 14.769275929636084 FIN 52
0.347054289 -36.9272394 43.500575062320337 SDN 53
223.7187367 -98.50151688 5.565028320431276 BTN 54
253.5262315 -123.0889797 46.332917598525327 MMR 55
241.8655218 108.3228218 11.644467007726591 MNG 56
374.4149831 70.78543256 45.13134315363525 KOR 57
-19.53516148 -79.14029886 15.029101654374699 CAF 58
37.59306206 19.96767968 18.996217189388506 ISR 59
234.4283639 -104.3270655 5.2620541529842972 MAC 60
340.2024599 -131.2565495 62.357436562825313 VNM 61
-116.3908938 60.72324272 38.579420067195542 MAR 62
27.74825213 38.66108893 14.511818404630572 LBN 63
61.448758 -30.78340058 38.121459497544961 SAU 64
123.0983604 -9.905496616 59.22384170286221 IRN 65
57.04114154 -50.64517733 6.6859618848297169 DJI 66
121.2911897 143.0306834 10.340522835179389 LTU 67
204.5655003 122.2584089 75.375622048486363 RUS 68
1.289529252 -189.8430198 25.603029953893035 ZWE 69
-143.0016811 41.34292413 13.83031670550182 MRT 70
-28.08983913 -169.6248096 10.258426419874205 BWA 71
85.85505748 -32.68820456 10.336581335956653 QAT 72
-194.2628732 8.583619793 10.444430594358346 GMB 73
116.6615854 -315.6812164 237.05012914518309 IND 74
-34.60516371 -63.68349218 33.567875577731229 CMR 75
-24.34386873 42.7621872 0.14273996463758234 VAT 76
-198.6812469 -28.64440754 14.598607327398124 LBR 77
-150.08011 -32.50274087 36.635262367418953 GHA 78
79.32349477 98.25146785 27.972298945107518 ROU 79
116.9201547 101.5817821 38.017095393994964 UKR 80
8.715838119 -162.309664 22.819205598105199 BDI 81
64.93941927 -112.3362239 46.5542406551113 KEN 82
-180.6943117 3.186472773 23.625512441898575 GIN 83
25.22117041 -177.8968109 28.693573347859068 MWI 84
33.49800811 105.8445299 9.130896023358769 SVN 85
4.512708095 -175.2999035 9.5742239410731038 LSO 86
-177.5823031 -21.15813772 33.699632998247999 CIV 87
74.96685088 -78.80709156 26.714119015999053 SOM 88
0.03309564234 -94.41771853 20.88447149161146 SSD 89
322.2806273 -200.7621909 7.3160324182542684 TLS 90
14.64140273 111.1495657 1.2443781621195815 LIE 91
-51.33843012 129.8221424 21.43952368190336 BEL 92
-43.58677646 -97.60611951 15.498300193355377 COG 93
65.30518616 -155.1641882 51.503024119408458 TZA 94
36.96078766 136.0525782 20.317769221632126 CZE 95
278.0508448 -156.1464718 36.735232949191008 MYS 96
67.42729354 120.9209227 15.098083179099644 SVK 97
26.94514268 -121.8632255 43.713866559415592 UGA 98
311.6250463 112.0293593 32.078087891570178 PRK 99
-31.54560471 114.1458563 5.0748022272783357 LUX 100
-126.1703063 -24.05303149 23.22454234302446 BEN 101
31.88670787 53.20953877 20.168303373972602 GRC 102
-1.977615766 106.2579969 18.601158916192968 CHE 103
-180.6136925 28.61879044 26.432728327444451 SEN 104
45.25468549 4.210490089 21.116832849381122 JOR 105
-51.46242262 150.1409629 26.324593283299887 NLD 106
105.3490673 -57.4261302 13.515899445744749 OMN 107
2.73338001 59.56126683 48.120519234662289 ITA 108
291.2410635 -120.6884854 17.328067322333666 LAO 109
122.923055 58.2299763 10.453205380069374 ARM 110
-4.036110385 79.39598925 1.1942482260115264 MCO 111
104.9149386 -40.84699496 19.347453128436602 ARE 112
39.83409541 35.61839366 14.534966062107987 PSE 113
137.7768217 177.0319091 20.43077159041167 SWE 114
95.1179569 93.90871516 11.625204021819526 MDA 115
-87.1978796 89.56829844 43.233246755155612 ESP 116
-88.03272936 -61.94125125 93.824250225672941 NGA 117
27.78465884 66.94794424 10.55503888936032 ALB 118
25.30675952 -196.6924921 6.900410717382937 SWZ 119
129.062575 79.92851322 12.109364060164401 GEO 120
-43.55400351 2.104877661 16.460338010442232 LBY 121
322.5196212 -161.9325549 20.1571877413366 PNG 122
91.28963326 133.6805594 40.170840382954083 POL 123
33.70883873 117.3858193 18.771797818654669 AUT 124
278.8682186 -112.7764395 17.166224104648915 HKG 125
133.4809795 156.1364004 7.2136660185443509 EST 126
126.7078255 164.279599 14.673779446007559 NOR 127
29.18801241 78.86900082 4.9631652484305366 MNE 128
81.73487671 -2.111766744 42.306690389331351 IRQ 129
-187.6581215 15.18964981 9.1975944702771741 GNB 130
-133.1424722 24.58229183 30.269287604609637 MLI 131
150.5247329 101.0938591 27.770536099467865 KAZ 132
