-2.707625657 89.56642476 12.557061120706921 HRV 0
109.3563703 89.80725306 37.190267079057826 UZB 1
15.98525686 67.45719445 16.219054210516582 BGR 2
-98.59571075 38.89553719 4.8067563876665504 ESH 3
-49.27045967 -62.73141123 8.2122012116535252 GNQ 4
9.809613231 76.47456895 16.768756670155742 SRB 5
-95.58929614 11.21457414 30.241677316167273 BFA 6
-83.80622023 -34.77601935 18.870849556599598 TGO 7
87.22054604 74.88435699 16.009163623128554 TKM 8
78.1755515 159.9831237 8.4843270967260729 LVA 9
-23.89058493 128.9828279 57.238547839388026 DEU 10
211.9918207 -65.95010665 53.143183431408069 THA 11
91.58601091 96.61192257 20.237889446289813 AZE 12
214.8618009 60.33863246 236.80474093456917 CHN 13
-49.37108813 -68.90767569 9.789922219419763 GAB 14
127.3164699 -7.329364959 97.25798843362314 PAK 15
12.34481268 -69.02364212 23.545605091055275 RWA 16
38.52730645 46.5343422 30.225840536078788 SYR 17
-0.6629010428 -97.8162494 28.444318200884272 ZMB 18
-4.815169879 143.5826909 15.2478088008267 DNK 19
169.851067 -17.67450061 34.860711515510097 NPL 20
-39.74788297 50.84245038 22.136663020574257 TUN 21
167.934362 -57.16372116 82.479617937764189 BGD 22
125.7092704 82.98022815 16.276737746062985 KGZ 23
-5.219982887 29.46581615 66.584789381892961 EGY 24
-70.37799719 48.60702747 42.35386041920701 DZA 25
-48.46974652 34.90887235 32.710506560757047 NER 26
108.5170549 52.55311676 40.760695937709116 AFG 27
77.00658125 -18.55176469 36.810586215824081 YEM 28
-90.94537565 73.0640141 20.076669064768613 PRT 29
-16.34055856 -71.66938985 63.422018311371339 COD 30
77.8775923 5.941670581 13.020670410425378 KWT 31
-64.7953014 62.62849316 1.1329633457435904 GIB 32
236.8148095 -75.19372152 25.816605213989654 KHM 33
225.9849548 -140.4206877 104.48136402769953 IDN 34
120.9735303 71.94088012 19.974416800942763 TJK 35
-137.2400952 -20.59411407 18.595133539528913 SLE 36
39.14910792 75.78187666 58.098497280179103 TUR 37
77.32574347 144.7236336 19.3284881314313 BLR 38
23.23148063 107.9144188 19.987163229818361 HUN 39
7.675282482 65.42039929 9.0569604257762002 MKD 40
226.9912993 -53.06427364 4.2198916596449774 BRN 41
-10.67646327 -131.2413357 48.747317566996678 ZAF 42
-9.677208656 -1.151481294 26.813465849264972 TCD 43
-22.5687902 85.69600613 1.1508063858912092 SMR 44
-50.48807028 100.838879 50.468822644874962 FRA 45
27.22784429 -118.1239073 36.514378401015769 MOZ 46
43.86725024 -31.56089555 70.546041612587103 ETH 47
45.84191342 -4.200022072 12.142968576167476 ERI 48
-43.03005612 69.12605065 1.7770982283583625 AND 49
2.221215648 82.07160574 11.238449618691737 BIH 50
-22.76004323 -104.844057 37.985730249503682 AGO 51
91.71530952 165.1338182 14.769275929636084 FIN 52
15.55208565 -0.5615298628 43.500575062320337 SDN 53
183.1365448 -13.57779978 5.565028320431276 BTN 54
219.1319663 -33.7845262 46.332917598525327 MMR 55
186.2167252 137.4642877 11.644467007726591 MNG 56
308.9243645 70.84680892 45.13134315363525 KOR 57
-22.40711672 -41.00983269 15.029101654374699 CAF 58
23.11460567 30.29426468 18.996217189388506 ISR 59
227.8819837 -19.10406358 5.2620541529842972 MAC 60
256.4723795 -53.59546702 62.357436562825313 VNM 61
-96.78912001 53.19915064 38.579420067195542 MAR 62
20.07325036 44.4132678 14.511818404630572 LBN 63
61.61784626 1.187135144 38.121459497544961 SAU 64
85.67110546 28.59402918 59.22384170286221 IRN 65
62.12755149 -13.64537832 6.6859618848297169 DJI 66
75.352067 154.3795584 10.340522835179389 LTU 67
160.9390979 151.4227939 75.375622048486363 RUS 68
6.953884775 -114.0371342 25.603029953893035 ZWE 69
-104.7465378 27.81629117 13.83031670550182 MRT 70
-4.280785922 -110.1358253 10.258426419874205 BWA 71
78.53670635 -1.866831318 10.336581335956653 QAT 72
-139.4154123 1.907806579 10.444430594358346 GMB 73
112.9185743 -147.5723608 237.05012914518309 IND 74
-45.82137854 -49.07061535 33.567875577731229 CMR 75
-24.02637301 43.02238407 0.14273996463758234 VAT 76
-128.7120104 -39.5521691 14.598607327398124 LBR 77
-97.58045247 -22.5957581 36.635262367418953 GHA 78
38.91379061 105.0368648 27.972298945107518 ROU 79
78.46834399 125.6203026 38.017095393994964 UKR 80
9.381836781 -84.09661077 22.819205598105199 BDI 81
65.54453628 -63.72734107 46.5542406551113 KEN 82
-126.388042 -7.557441529 23.625512441898575 GIN 83
19.12927189 -98.10199038 28.693573347859068 MWI 84
-4.838281557 100.4421324 9.130896023358769 SVN 85
13.10942165 -123.9316773 9.5742239410731038 LSO 86
-120.6656303 -25.71502051 33.699632998247999 CIV 87
82.41911644 -38.9032608 26.714119015999053 SOM 88
9.976088071 -25.51655998 20.88447149161146 SSD 89
262.928008 -134.9931957 7.3160324182542684 TLS 90
-22.12745592 96.80409777 1.2443781621195815 LIE 91
-52.09023054 124.6466207 21.43952368190336 BEL 92
-41.56712724 -64.75454421 15.498300193355377 COG 93
36.21805327 -77.68629251 51.503024119408458 TZA 94
6.084350035 111.6690918 20.317769221632126 CZE 95
222.5875858 -93.77108199 36.735232949191008 MYS 96
25.75622039 119.2560787 15.098083179099644 SVK 97
9.285690809 -46.93444299 43.713866559415592 UGA 98
266.768963 132.8050436 32.078087891570178 PRK 99
-33.73665667 108.616949 5.0748022272783357 LUX 100
-87.91423568 -4.74698064 23.22454234302446 BEN 101
9.061915477 55.76786868 20.168303373972602 GRC 102
-29.40772671 91.76699551 18.601158916192968 CHE 103
-130.5664329 12.66371313 26.432728327444451 SEN 104
33.78596974 15.51701412 21.116832849381122 JOR 105
-49.17328563 140.2630871 26.324593283299887 NLD 106
89.98258995 -8.089617023 13.515899445744749 OMN 107
-26.16955383 69.73200813 48.120519234662289 ITA 108
240.8901453 -32.26265714 17.328067322333666 LAO 109
82.05872938 87.50806146 10.453205380069374 ARM 110
-9.849415847 69.15181071 1.1942482260115264 MCO 111
88.69186837 2.717960152 19.347453128436602 ARE 112
34.02188139 32.41050312 14.534966062107987 PSE 113
81.23927797 171.4949877 20.43077159041167 SWE 114
51.08954267 100.1626961 11.625204021819526 MDA 115
-70.34660783 76.98482565 43.233246755155612 ESP 116
-49.21408173 -6.990192547 93.824250225672941 NGA 117
1.369331522 63.85973523 10.55503888936032 ALB 118
16.76193648 -127.9873247 6.900410717382937 SWZ 119
83.9081043 109.9397428 12.109364060164401 GEO 120
-31.95282786 35.94711839 16.460338010442232 LBY 121
258.4632566 -113.8202151 20.1571877413366 PNG 122
46.43091557 136.6628353 40.170840382954083 POL 123
-6.685067044 109.5333546 18.771797818654669 AUT 124
237.1871033 -21.15327013 17.166224104648915 HKG 125
82.84515706 162.2744653 7.2136660185443509 EST 126
71.95669523 164.4841764 14.673779446007559 NOR 127
0.6508204703 75.72171173 4.9631652484305366 MNE 128
52.09277718 26.56714519 42.306690389331351 IRQ 129
-132.959002 1.107945103 9.1975944702771741 GNB 130
-90.40535519 30.58599441 30.269287604609637 MLI 131
104.2115254 115.2284165 27.770536099467865 KAZ 132
