15.95984747 44.56931564 12.557061120706921 HRV 0
64.32480514 39.81336376 37.190267079057826 UZB 1
25.45009027 43.60035146 16.219054210516582 BGR 2
-14.11792212 23.94853907 4.8067563876665504 ESH 3
9.268991953 1.870656796 8.2122012116535252 GNQ 4
20.98398387 44.44519545 16.768756670155742 SRB 5
-1.742156033 13.04130879 30.241677316167273 BFA 6
1.131476479 6.684498011 18.870849556599598 TGO 7
61.35984907 39.81528885 16.009163623128554 TKM 8
25.70712187 57.18605832 8.4843270967260729 LVA 9
9.913744421 50.67804362 57.238547839388026 DEU 10
100.2960011 14.26262209 53.143183431408069 THA 11
47.42766463 41.82964959 20.237889446289813 AZE 12
103.7570459 34.85885068 236.80474093456917 CHN 13
10.97554609 -0.01186770262 9.789922219419763 GAB 14
70.04108988 32.10039842 97.25798843362314 PAK 15
28.86599199 -2.119775495 23.545605091055275 RWA 16
38.18290361 34.45210723 30.225840536078788 SYR 17
29.97408019 -15.21927438 28.444318200884272 ZMB 18
10.73127438 57.50410272 15.2478088008267 DNK 19
84.12705594 27.92649004 34.860711515510097 NPL 20
8.631648074 34.95002064 22.136663020574257 TUN 21
91.34010746 22.0822361 82.479617937764189 BGD 22
73.54399513 40.53049035 16.276737746062985 KGZ 23
30.75097901 27.19478458 66.584789381892961 EGY 24
1.622750203 26.32182234 42.35386041920701 DZA 25
6.92414446 17.05306189 32.710506560757047 NER 26
63.31982504 33.97288366 40.760695937709116 AFG 27
48.9902843 14.231814 36.810586215824081 YEM 28
-7.404741928 40.40760359 20.076669064768613 PRT 29
24.55290253 -1.008040851 63.422018311371339 COD 30
48.67195288 29.04986079 13.020670410425378 KWT 31
-5.702651847 36.71126252 1.1329633457435904 GIB 32
105.5861775 11.48130127 25.816605213989654 KHM 33
119.5809475 -3.810024625 104.48136402769953 IDN 34
71.54274227 38.86337479 19.974416800942763 TJK 35
-11.23149065 8.970505799 18.595133539528913 SLE 36
32.16827087 38.82666054 58.098497280179103 TUR 37
28.24227015 52.93876242 19.3284881314313 BLR 38
20.53657409 46.58988346 19.987163229818361 HUN 39
23.02181162 41.90775867 9.0569604257762002 MKD 40
115.0465779 4.016154512 4.2198916596449774 BRN 41
24.13321038 -29.77941852 48.747317566996678 ZAF 42
19.51217288 14.73977993 26.813465849264972 TCD 43
12.01778053 45.1221583 1.1508063858912092 SMR 44
0.9172011223 46.15655039 50.468822644874962 FRA 45
36.32091391 -17.39033944 36.514378401015769 MOZ 46
37.68612661 7.792908528 70.546041612587103 ETH 47
39.69847544 14.94114667 12.142968576167476 ERI 48
1.356489518 41.92034538 1.7770982283583625 AND 49
17.47174883 43.55135285 11.238449618691737 BIH 50
17.82880187 -12.00849517 37.985730249503682 AGO 51
26.73077849 64.44595192 14.769275929636084 FIN 52
29.97051726 15.69418151 43.500575062320337 SDN 53
91.74517788 26.58917119 5.565028320431276 BTN 54
98.07967691 21.57951551 46.332917598525327 MMR 55
104.3093327 47.62607614 11.644467007726591 MNG 56
127.8064189 37.51946871 45.13134315363525 KOR 57
21.72802618 7.633302146 15.029101654374699 CAF 58
34.00377841 30.57454417 18.996217189388506 ISR 59
112.5515273 22.52968571 5.2620541529842972 MAC 60
107.9669324 15.96517511 62.357436562825313 VNM 61
-4.77518893 30.86819527 38.579420067195542 MAR 62
36.00217632 33.88635008 14.511818404630572 LBN 63
45.36971869 25.27261363 38.121459497544961 SAU 64
53.11633831 30.8624014 59.22384170286221 IRN 65
44.21934274 12.20308188 6.6859618848297169 DJI 66
23.51668952 55.68055687 10.340522835179389 LTU 67
98.80961199 59.45913169 75.375622048486363 RUS 68
29.00858303 -19.86404646 25.603029953893035 ZWE 69
-12.56574806 21.10158014 13.83031670550182 MRT 70
25.29568335 -22.57111998 10.258426419874205 BWA 71
50.38295359 26.05318908 10.336581335956653 QAT 72
-19.04699379 12.85636254 10.444430594358346 GMB 73
76.3577253 16.37956222 237.05012914518309 IND 74
10.69034618 4.480440208 33.567875577731229 CMR 75
10.88987916 39.82220301 0.14273996463758234 VAT 76
-8.827885043 7.093325879 14.598607327398124 LBR 77
-2.054231687 7.177844465 36.635262367418953 GHA 78
25.27007545 45.98763022 27.972298945107518 ROU 79
33.29868642 50.22760965 38.017095393994964 UKR 80
29.12576837 -4.487257211 22.819205598105199 BDI 81
37.91161368 1.541776064 46.5542406551113 KEN 82
-9.611817881 11.05219378 23.625512441898575 GIN 83
34.8966733 -13.93221448 28.693573347859068 MWI 84
14.38671378 46.34880113 9.130896023358769 SVN 85
28.96071975 -29.46694228 9.5742239410731038 LSO 86
-6.034712809 7.314515343 33.699632998247999 CIV 87
49.13991293 10.16398525 26.714119015999053 SOM 88
28.73959229 6.766561211 20.88447149161146 SSD 89
126.0245424 -6.057764286 7.3160324182542684 TLS 90
9.427446095 46.94513995 1.2443781621195815 LIE 91
3.1795187 50.89730222 21.43952368190336 BEL 92
15.15938303 -1.031980765 15.498300193355377 COG 93
36.36533837 -7.366200923 51.503024119408458 TZA 94
15.87289979 50.29259995 20.317769221632126 CZE 95
111.5969027 1.498748315 36.735232949191008 MYS 96
20.31130177 48.43066292 15.098083179099644 SVK 97
32.42842167 0.8834674298 43.713866559415592 UGA 98
127.1284685 41.41082211 32.078087891570178 PRK 99
5.5406044 49.82219547 5.0748022272783357 LUX 100
1.968803828 8.789130103 23.22454234302446 BEN 101
22.56928826 39.08535699 20.168303373972602 GRC 102
7.42956721 46.04685366 18.601158916192968 CHE 103
-13.8294228 14.70180298 26.432728327444451 SEN 104
36.12720359 30.39199202 21.116832849381122 JOR 105
5.266580386 52.86472549 26.324593283299887 NLD 106
55.76556936 22.01036567 13.515899445744749 OMN 107
13.04840505 42.40623629 48.120519234662289 ITA 108
105.38444 19.02195022 17.328067322333666 LAO 109
43.96694935 40.46578913 10.453205380069374 ARM 110
7.565937858 42.73836101 1.1942482260115264 MCO 111
54.39112981 23.09554298 19.347453128436602 ARE 112
35.18376823 32.06421201 14.534966062107987 PSE 113
15.73458498 62.82779668 20.43077159041167 SWE 114
28.65731368 45.99335512 11.625204021819526 MDA 115
-3.929864835 40.82666571 43.233246755155612 ESP 116
7.675246507 10.27199451 93.824250225672941 NGA 117
19.45267567 41.3644026 10.55503888936032 ALB 118
32.2202671 -26.68193692 6.900410717382937 SWZ 119
42.86066189 42.33129547 12.109364060164401 GEO 120
16.55717232 24.51144384 16.460338010442232 LBY 121
146.0405823 -6.819529883 20.1571877413366 PNG 122
21.08818587 51.26841594 40.170840382954083 POL 123
13.08135673 47.80469692 18.771797818654669 AUT 124
115.8401052 21.06861262 17.166224104648915 HKG 125
26.68334063 60.0164284 7.2136660185443509 EST 126
9.725828167 63.33661036 14.673779446007559 NOR 127
18.42722916 42.21107603 4.9631652484305366 MNE 128
43.63572654 31.62470363 42.306690389331351 IRQ 129
-15.6787914 12.15934164 9.1975944702771741 GNB 130
-4.986169388 18.89100026 30.269287604609637 MLI 131
67.16706737 48.33313653 27.770536099467865 KAZ 132
