-1.752278447 90.54886368 12.557061120706921 HRV 0
109.5834831 90.05475383 37.190267079057826 UZB 1
15.26901149 67.53722081 16.219054210516582 BGR 2
-101.3217752 39.88580133 4.8067563876665504 ESH 3
-50.72499043 -63.24406711 8.2122012116535252 GNQ 4
9.092255454 76.71870719 16.768756670155742 SRB 5
-98.06793022 12.23305296 30.241677316167273 BFA 6
-86.31176819 -34.50432515 18.870849556599598 TGO 7
87.22054604 74.88435699 16.009163623128554 TKM 8
79.65565498 161.7384774 8.4843270967260729 LVA 9
-23.72664432 128.6572369 57.238547839388026 DEU 10
211.9054981 -69.26501447 53.143183431408069 THA 11
91.65953415 97.03441381 20.237889446289813 AZE 12
215.6274222 58.67939364 236.80474093456917 CHN 13
-50.29028608 -69.41143838 9.789922219419763 GAB 14
127.1675025 -9.995668826 97.25798843362314 PAK 15
10.96893647 -71.46082673 23.545605091055275 RWA 16
39.50753314 46.21108659 30.225840536078788 SYR 17
-2.225055263 -100.7291449 28.444318200884272 ZMB 18
-4.65115842 143.6637738 15.2478088008267 DNK 19
170.0691072 -20.79853376 34.860711515510097 NPL 20
-40.98921201 50.90928896 22.136663020574257 TUN 21
166.8185657 -63.52763885 82.479617937764189 BGD 22
126.0120882 82.93062474 16.276737746062985 KGZ 23
-5.704075719 29.76986511 66.584789381892961 EGY 24
-72.781751 49.06573121 42.35386041920701 DZA 25
-51.50531045 35.69934984 32.710506560757047 NER 26
108.8671298 50.61060753 40.760695937709116 AFG 27
76.46408645 -21.54117121 36.810586215824081 YEM 28
-92.02581689 72.71203614 20.076669064768613 PRT 29
-18.04609192 -74.20276047 63.422018311371339 COD 30
78.28680496 3.450080639 13.020670410425378 KWT 31
-65.17303577 62.56471206 1.1329633457435904 GIB 32
237.8669904 -75.78784206 25.816605213989654 KHM 33
227.5612547 -143.7645596 104.48136402769953 IDN 34
121.0452732 71.82302954 19.974416800942763 TJK 35
-140.6440107 -19.87432495 18.595133539528913 SLE 36
38.67461592 75.9506555 58.098497280179103 TUR 37
78.52243181 145.8101206 19.3284881314313 BLR 38
23.80867018 110.3360079 19.987163229818361 HUN 39
6.732939724 66.20558837 9.0569604257762002 MKD 40
228.9922782 -55.776748 4.2198916596449774 BRN 41
-11.58627893 -134.2579734 48.747317566996678 ZAF 42
-11.57176061 -1.081383433 26.813465849264972 TCD 43
-22.55405402 85.72624519 1.1508063858912092 SMR 44
-50.11979118 101.5006059 50.468822644874962 FRA 45
26.73868855 -121.250952 36.514378401015769 MOZ 46
42.7581621 -34.01887996 70.546041612587103 ETH 47
45.62765123 -6.311631848 12.142968576167476 ERI 48
-43.0580847 69.37710256 1.7770982283583625 AND 49
1.758561486 82.77147006 11.238449618691737 BIH 50
-24.0082998 -107.9604436 37.985730249503682 AGO 51
93.3510639 166.8842659 14.769275929636084 FIN 52
12.76482722 -2.41701832 43.500575062320337 SDN 53
183.4397874 -16.62107309 5.565028320431276 BTN 54
220.6203296 -37.1146595 46.332917598525327 MMR 55
187.9030475 137.0552333 11.644467007726591 MNG 56
311.079464 71.5193241 45.13134315363525 KOR 57
-23.91131512 -41.01007068 15.029101654374699 CAF 58
22.92939194 30.39964397 18.996217189388506 ISR 59
229.4943929 -22.23428302 5.2620541529842972 MAC 60
259.5123815 -55.62288423 62.357436562825313 VNM 61
-99.45366083 54.432056 38.579420067195542 MAR 62
20.07325036 44.4132678 14.511818404630572 LBN 63
61.7539208 -1.207045147 38.121459497544961 SAU 64
85.69111949 26.46268266 59.22384170286221 IRN 65
61.60483358 -16.25891423 6.6859618848297169 DJI 66
76.512817 156.0644736 10.340522835179389 LTU 67
161.9139286 151.1696693 75.375622048486363 RUS 68
6.253706036 -116.7288748 25.603029953893035 ZWE 69
-107.2858064 29.33517563 13.83031670550182 MRT 70
-5.496224187 -113.4575513 10.258426419874205 BWA 71
78.69812848 -4.422452543 10.336581335956653 QAT 72
-142.6691968 2.233871668 10.444430594358346 GMB 73
111.7968944 -155.3080949 237.05012914518309 IND 74
-47.02312737 -49.07481588 33.567875577731229 CMR 75
-24.02848486 43.02709612 0.14273996463758234 VAT 76
-131.7754006 -38.48560139 14.598607327398124 LBR 77
-100.1089282 -22.05428232 36.635262367418953 GHA 78
38.9391053 104.7718895 27.972298945107518 ROU 79
79.55734131 126.2438535 38.017095393994964 UKR 80
8.036209065 -86.8154261 22.819205598105199 BDI 81
64.08685252 -67.11164916 46.5542406551113 KEN 82
-129.2578158 -5.812869085 23.625512441898575 GIN 83
16.93160561 -101.7172019 28.693573347859068 MWI 84
-2.378644918 99.72815163 9.130896023358769 SVN 85
12.0945396 -126.9665025 9.5742239410731038 LSO 86
-123.5539793 -24.12330892 33.699632998247999 CIV 87
82.96741443 -41.83389118 26.714119015999053 SOM 88
9.409187141 -27.63919892 20.88447149161146 SSD 89
264.5592299 -138.0508355 7.3160324182542684 TLS 90
-21.05676447 97.40773001 1.2443781621195815 LIE 91
-52.52026118 125.5499934 21.43952368190336 BEL 92
-42.77457257 -64.91629935 15.498300193355377 COG 93
34.2364926 -81.09690776 51.503024119408458 TZA 94
7.848203569 112.8924318 20.317769221632126 CZE 95
224.8669391 -96.47336605 36.735232949191008 MYS 96
26.64498907 121.8328246 15.098083179099644 SVK 97
7.669906054 -49.19146645 43.713866559415592 UGA 98
267.7249966 132.8669293 32.078087891570178 PRK 99
-33.05605204 108.9194904 5.0748022272783357 LUX 100
-90.74114238 -4.162855793 23.22454234302446 BEN 101
9.061915477 55.76786868 20.168303373972602 GRC 102
-29.06320458 91.81598517 18.601158916192968 CHE 103
-133.3301718 14.46257805 26.432728327444451 SEN 104
33.140593 14.01133696 21.116832849381122 JOR 105
-49.00852581 141.1604655 26.324593283299887 NLD 106
89.60164962 -10.68708568 13.515899445744749 OMN 107
-26.34926973 69.45507328 48.120519234662289 ITA 108
241.9631445 -35.47390571 17.328067322333666 LAO 109
82.5839394 87.85974402 10.453205380069374 ARM 110
-9.835836016 69.24280467 1.1942482260115264 MCO 111
88.71297418 0.2923999915 19.347453128436602 ARE 112
34.04328026 32.19771031 14.534966062107987 PSE 113
83.26691381 173.0979398 20.43077159041167 SWE 114
51.60706786 99.95528905 11.625204021819526 MDA 115
-71.56086151 78.54879893 43.233246755155612 ESP 116
-51.68911801 -6.609426428 93.824250225672941 NGA 117
1.058733518 62.89331032 10.55503888936032 ALB 118
15.84581061 -131.0275676 6.900410717382937 SWZ 119
84.66718673 110.2440383 12.109364060164401 GEO 120
-32.60544856 36.71701818 16.460338010442232 LBY 121
260.5982023 -116.2294342 20.1571877413366 PNG 122
47.26889681 139.2772935 40.170840382954083 POL 123
-4.612999699 108.8101224 18.771797818654669 AUT 124
238.0278403 -24.56771506 17.166224104648915 HKG 125
84.51883005 163.7750755 7.2136660185443509 EST 126
73.51924646 166.4848191 14.673779446007559 NOR 127
0.3656803517 75.35291894 4.9631652484305366 MNE 128
51.61285362 24.88659997 42.306690389331351 IRQ 129
-136.0686011 2.844344029 9.1975944702771741 GNB 130
-92.63889756 31.86438679 30.269287604609637 MLI 131
104.2064715 115.2308481 27.770536099467865 KAZ 132
