-0.5548960724 91.43315536 28.537990747697954 HRV 0
109.1281845 74.65698518 30.116439969779236 UZB 1
56.62213306 70.35462781 26.454962073330357 BGR 2
-50.35109435 4.355210496 5.010715041841995 ESH 3
-23.38143812 -30.6011284 26.365837860205033 GNQ 4
43.84247485 70.91067484 30.47898970651816 SRB 5
-49.81633729 -9.670433627 31.090669201158288 BFA 6
-34.72001273 -45.58555135 43.502415068040477 TGO 7
96.65527797 69.17233872 12.526787604604987 TKM 8
96.18322313 114.5752599 18.282244620986376 LVA 9
-18.48078784 131.3070336 52.072878208319693 DEU 10
146.3660624 -34.71154041 39.968109165848851 THA 11
95.57038687 81.65745084 37.850803455379669 AZE 12
154.8058437 69.22530405 41.471046144172696 CHN 13
-23.01353291 -42.51091777 10.405531284211813 GAB 14
111.8034247 41.46841177 59.564842129320823 PAK 15
15.24601112 -27.74687228 80.600898744385262 RWA 16
73.66322471 58.77134028 37.933628069635212 SYR 17
-7.26459165 -71.73264331 17.759786582576918 ZMB 18
3.802453211 150.2226053 40.995335909946881 DNK 19
132.1278034 71.73985107 49.508552474614177 NPL 20
-22.60657542 17.3694283 30.19449566864866 TUN 21
136.6167445 0.8150991168 122.91581205230848 BGD 22
124.9670465 85.6493324 19.964414229695002 KGZ 23
-1.200972403 15.04177068 35.893126739560699 EGY 24
-31.5130379 10.38495247 14.768864773242742 DZA 25
-24.24515743 7.210175476 15.645952703424003 NER 26
104.2994142 60.67739624 27.128522113639942 AFG 27
76.91785072 -10.53715093 27.243963154759381 YEM 28
-111.5986125 68.2204506 35.673863070504133 PRT 29
-7.654349106 -31.32248 22.6523670540011 COD 30
91.44228014 25.29106905 52.448210139348106 KWT 31
-173.2764562 3.715314402 233.79832081313785 GIB 32
163.0094011 -30.55612353 33.047935450320651 KHM 33
163.6702699 -56.31058438 40.995335909946881 IDN 34
116.5049992 63.65965066 28.838830780073092 TJK 35
-73.90954586 -35.04634893 37.223745108606629 SLE 36
70.30333592 74.86504824 35.297989136289736 TUR 37
95.88423837 105.1972817 23.064262010133788 BLR 38
48.63945913 84.9396884 35.563724298623939 HUN 39
39.88889159 57.7669177 30.658656886243435 MKD 40
174.6159343 -39.14068652 31.241717875899614 BRN 41
4.225177434 -101.2844672 23.800896448749473 ZAF 42
0.16853971 -2.973554662 12.836137584002028 TCD 43
-30.14349469 83.34583101 79.847831307310187 SMR 44
-76.36660476 99.59299985 36.671622460846834 FRA 45
27.16607645 -91.86749837 22.126718509430216 MOZ 46
32.40677419 -5.524007145 35.695850045208161 ETH 47
40.40823629 3.714770882 18.7483789493274 ERI 48
-68.81804711 83.12265807 44.022346995388965 AND 49
17.73206801 94.67860131 26.691171778635322 BIH 50
-23.66170296 -56.40400682 18.282244620986376 AGO 51
111.0993827 101.2328475 14.392183230905879 FIN 52
11.98110863 1.287205884 17.13012441233149 SDN 53
122.3853839 28.39884088 15.342118873751685 BTN 54
168.1472547 14.85998379 30.837277289131155 MMR 55
130.0708342 97.02046569 5.010715041841995 MNG 56
239.5570937 10.79563189 77.676184739690541 KOR 57
-3.375997742 -14.21990631 10.253617564201088 CAF 58
22.28660092 17.76112223 69.430504277759582 ISR 59
360.2905825 -32.28011643 493.32646259444425 MAC 60
175.6863236 -12.59811119 59.893242689085007 VNM 61
-47.75456078 12.02073973 31.040156301507803 MAR 62
19.68625727 71.45119928 77.138977564123607 LBN 63
66.70330868 1.106019872 14.005374311799255 SAU 64
96.18058495 52.25113689 24.990862782419555 IRN 65
63.62265234 -9.846167524 23.602276316123458 DJI 66
87.098464 114.1326432 22.23284246843593 LTU 67
116.9892157 104.1677679 10.02143008368399 RUS 68
3.154171762 -90.64628091 22.126718509430216 ZWE 69
-51.67956776 1.904280265 7.3043095919396075 MRT 70
-8.401674152 -85.73788465 7.3043095919396075 BWA 71
97.32255007 2.627653855 51.846374837059365 QAT 72
-95.87478238 -29.12262147 55.825077668920258 GMB 73
101.9060766 -26.53131889 73.918662026558764 IND 74
-14.51676834 -22.75397884 26.246534814389989 CMR 75
-51.17399178 44.81014164 115.70168529502678 VAT 76
-70.69439721 -51.90802349 25.302870654904186 LBR 77
-48.5958969 -32.55096824 41.300421687918899 GHA 78
63.32837255 88.10644093 31.367036140219717 ROU 79
104.5531708 94.67958538 26.866966248128421 UKR 80
11.97202524 -62.87485256 76.567267362310048 BDI 81
58.29635225 -34.58274995 33.190077764145322 KEN 82
-67.35135532 -22.55695334 25.611077762325817 GIN 83
38.02467024 -74.34776107 50.247879156700158 MWI 84
0.5581606294 109.8805366 34.602062231627954 SVN 85
14.68539656 -95.4562486 29.537729546485483 LSO 86
-60.86702982 -43.56007187 32.133102598504621 CIV 87
69.29329054 -17.31064835 18.15303985978268 SOM 88
19.88886807 -6.964267467 14.116972684234538 SSD 89
180.0181635 -54.53053352 32.254957804817671 TLS 90
-34.7632945 112.8194419 53.043217378827713 LIE 91
-69.67331826 126.7614833 66.25000983482235 BEL 92
-15.65796759 -35.46098665 14.282735382207104 COG 93
37.06791498 -56.47703676 29.431286931659752 TZA 94
19.30883332 117.0812453 39.314959185470592 CZE 95
147.1304692 -52.64614502 34.465743662657282 MYS 96
53.30050275 100.4745937 36.650220870193635 SVK 97
44.41281224 -21.27190678 52.493069628779978 UGA 98
168.7346857 85.77330327 49.698362317631073 PRK 99
-43.54567662 135.1343235 53.777719491839861 LUX 100
-34.49265231 -9.938417702 37.181565213916137 BEN 101
26.68386503 39.68797322 30.19449566864866 GRC 102
-55.08267159 99.2417573 50.310298906426482 CHE 103
-70.00748661 -9.169032614 32.400579122170356 SEN 104
54.99489079 0.9898549697 38.098737133147701 JOR 105
-32.93791563 162.544386 77.138977564123607 NLD 106
83.85810073 -3.15111397 13.078350216409746 OMN 107
-9.463557143 63.57793536 47.585307427602821 ITA 108
179.7434538 14.28219804 19.406415909645048 LAO 109
86.16854431 68.74207587 33.308066325960112 ARM 110
74.62369064 -215.0927748 454.27700509530524 MCO 111
77.29869104 6.539407041 39.034563641451086 ARE 112
57.71895564 32.03593062 100.72191597272028 PSE 113
105.0162072 104.8888385 17.221485723821072 SWE 114
74.74680016 97.48988526 34.465743662657282 MDA 115
-80.86311381 60.97569916 32.881326144031945 ESP 116
-14.89153986 -4.998037419 52.865418384560847 NGA 117
12.01868344 39.9970837 34.283142411464119 ALB 118
29.28538159 -111.2536077 28.289469405125189 SWZ 119
87.23475226 92.96035245 24.706687068839141 GEO 120
-10.8839729 7.741835194 6.6285529456622623 LBY 121
172.9644428 -65.13536984 16.090950024469048 PNG 122
68.81103731 113.0608342 39.034563641451086 POL 123
-14.97113255 111.8788221 35.142049008662916 AUT 124
225.6360225 -146.3301961 284.83502099345412 HKG 125
95.50632736 122.8623326 18.7483789493274 EST 126
95.83143833 96.76497587 13.078350216409746 NOR 127
8.021241159 52.22627004 23.030218800419412 MNE 128
85.57136579 44.12667485 34.533970209790922 IRQ 129
-79.33732663 -19.46326194 29.484556272860946 GNB 130
-46.65906044 0.5120403984 14.715643465829876 MLI 131
107.9121823 87.33208836 9.1196390321201388 KAZ 132
