75.74930731 85.41290112 12.557061120706921 HRV 0
205.5625728 62.81728733 37.190267079057826 UZB 1
107.7092628 80.82459775 16.219054210516582 BGR 2
-145.2919739 45.38036588 4.8067563876665504 ESH 3
-70.32078271 -109.494752 8.2122012116535252 GNQ 4
91.65701704 80.38374167 16.768756670155742 SRB 5
-164.1235812 -30.59009768 30.241677316167273 BFA 6
-167.8621489 -79.58042941 18.870849556599598 TGO 7
182.3366325 51.35887547 16.009163623128554 TKM 8
179.1126064 156.8069231 8.4843270967260729 LVA 9
44.46820908 158.9175226 57.238547839388026 DEU 10
233.1200499 -198.5524057 53.143183431408069 THA 11
178.1928647 68.50995783 20.237889446289813 AZE 12
322.371706 -22.92301282 236.80474093456917 CHN 13
-71.63354143 -118.1591371 9.789922219419763 GAB 14
196.7039586 -126.1361856 97.25798843362314 PAK 15
16.78260996 -180.8940983 23.545605091055275 RWA 16
101.2140977 -4.314576686 30.225840536078788 SYR 17
-26.21321659 -200.8928718 28.444318200884272 ZMB 18
14.51637764 187.8758664 15.2478088008267 DNK 19
104.0100972 -128.1285624 34.860711515510097 NPL 20
-57.00906554 11.8736566 22.136663020574257 TUN 21
166.334778 -208.2259511 82.479617937764189 BGD 22
231.3328245 66.46624572 16.276737746062985 KGZ 23
-7.882033272 12.15484395 66.584789381892961 EGY 24
-108.2702331 16.24703472 42.35386041920701 DZA 25
-103.7280199 -38.14924927 32.710506560757047 NER 26
191.8392127 11.98914525 40.760695937709116 AFG 27
111.8172212 -94.05094063 36.810586215824081 YEM 28
-115.1107145 93.91801656 20.076669064768613 PRT 29
-40.16673176 -157.5859306 63.422018311371339 COD 30
126.1397586 -69.63411756 13.020670410425378 KWT 31
-71.86773934 60.41934899 1.1329633457435904 GIB 32
311.9752896 -204.2573248 25.816605213989654 KHM 33
267.3255804 -267.2367228 104.48136402769953 IDN 34
211.9975679 35.74470506 19.974416800942763 TJK 35
-222.297016 -4.817368758 18.595133539528913 SLE 36
123.4823515 48.26703549 58.098497280179103 TUR 37
170.8811814 132.7524487 19.3284881314313 BLR 38
105.6697782 98.33231225 19.987163229818361 HUN 39
87.39100999 66.33132052 9.0569604257762002 MKD 40
289.1457557 -158.0022472 4.2198916596449774 BRN 41
-50.79780629 -233.6193789 48.747317566996678 ZAF 42
-50.26541448 -64.16280777 26.813465849264972 TCD 43
-15.38849591 84.01469376 1.1508063858912092 SMR 44
-26.45083214 107.2548853 50.468822644874962 FRA 45
27.61968349 -236.8528516 36.514378401015769 MOZ 46
25.51109298 -94.87963513 70.546041612587103 ETH 47
39.21201485 -57.02927758 12.142968576167476 ERI 48
-45.03024768 73.74089412 1.7770982283583625 AND 49
79.3972402 74.41826607 11.238449618691737 BIH 50
-86.86924054 -173.5792088 37.985730249503682 AGO 51
200.6042452 171.5198093 14.769275929636084 FIN 52
-16.48871285 -58.57315158 43.500575062320337 SDN 53
243.1898524 -148.6570289 5.565028320431276 BTN 54
264.7308693 -161.868289 46.332917598525327 MMR 55
294.2078945 103.369622 11.644467007726591 MNG 56
425.9609957 77.9751846 45.13134315363525 KOR 57
-40.43238944 -104.8941641 15.029101654374699 CAF 58
52.0607357 -3.017728551 18.996217189388506 ISR 59
266.0085528 -136.7845735 5.2620541529842972 MAC 60
371.121516 -181.3264917 62.357436562825313 VNM 61
-118.510008 65.51147103 38.579420067195542 MAR 62
59.35461965 11.57218686 14.511818404630572 LBN 63
85.48209223 -67.80714199 38.121459497544961 SAU 64
145.9517898 -4.238891277 59.22384170286221 IRN 65
53.30287606 -69.55852943 6.6859618848297169 DJI 66
172.7804933 147.0694823 10.340522835179389 LTU 67
253.7637814 118.6061947 75.375622048486363 RUS 68
-15.64846056 -224.9901498 25.603029953893035 ZWE 69
-159.093145 32.85989037 13.83031670550182 MRT 70
-44.78946533 -204.0351761 10.258426419874205 BWA 71
109.6618159 -69.50215176 10.336581335956653 QAT 72
-219.1265546 8.973565446 10.444430594358346 GMB 73
115.6728399 -355.2894284 237.05012914518309 IND 74
-60.3326592 -91.77809518 33.567875577731229 CMR 75
-15.7511153 45.89045514 0.14273996463758234 VAT 76
-224.5204833 -20.82251201 14.598607327398124 LBR 77
-185.8226501 -59.39375062 36.635262367418953 GHA 78
128.9702369 94.30226215 27.972298945107518 ROU 79
163.286381 105.7090469 38.017095393994964 UKR 80
-2.914056512 -191.9539406 22.819205598105199 BDI 81
54.88043978 -143.73738 46.5542406551113 KEN 82
-201.9935263 -1.626704018 23.625512441898575 GIN 83
17.25959306 -206.8478862 28.693573347859068 MWI 84
76.60885263 95.93540281 9.130896023358769 SVN 85
-2.292050027 -207.9000704 9.5742239410731038 LSO 86
-202.7139368 -29.61186918 33.699632998247999 CIV 87
72.82335039 -96.71874822 26.714119015999053 SOM 88
-9.275229402 -122.6440639 20.88447149161146 SSD 89
336.1333291 -232.037969 7.3160324182542684 TLS 90
57.69126015 114.9629233 1.2443781621195815 LIE 91
-32.59135631 142.9972116 21.43952368190336 BEL 92
-62.28788472 -126.1715401 15.498300193355377 COG 93
53.17978851 -191.5575318 51.503024119408458 TZA 94
81.95686136 134.8706106 20.317769221632126 CZE 95
282.0966266 -198.386633 36.735232949191008 MYS 96
110.8453476 114.6089194 15.098083179099644 SVK 97
11.21137183 -148.6304457 43.713866559415592 UGA 98
360.6575383 106.2483349 32.078087891570178 PRK 99
-10.44047502 129.8396533 5.0748022272783357 LUX 100
-155.7841736 -58.53216105 23.22454234302446 BEN 101
85.31256824 52.1410864 20.168303373972602 GRC 102
40.38262357 117.1622017 18.601158916192968 CHE 103
-198.5769071 25.03018898 26.432728327444451 SEN 104
62.41585617 -19.57280407 21.116832849381122 JOR 105
-38.44511 166.9869638 26.324593283299887 NLD 106
135.5673764 -80.67009158 13.515899445744749 OMN 107
29.15655538 63.75923624 48.120519234662289 ITA 108
294.2383056 -172.7961433 17.328067322333666 LAO 109
164.3586472 62.86762571 10.453205380069374 ARM 110
-4.220669324 80.68421513 1.1942482260115264 MCO 111
140.4476029 -62.9254512 19.347453128436602 ARE 112
73.21251914 14.38444372 14.534966062107987 PSE 113
188.8464821 183.9843724 20.43077159041167 SWE 114
142.3204241 80.393325 11.625204021819526 MDA 115
-83.67845432 84.82098345 43.233246755155612 ESP 116
-121.1379608 -108.4669216 93.824250225672941 NGA 117
72.94843787 60.55577117 10.55503888936032 ALB 118
4.563905603 -239.5763981 6.900410717382937 SWZ 119
173.4821071 83.53824028 12.109364060164401 GEO 120
-65.08225132 -23.66592484 16.460338010442232 LBY 121
329.8499208 -177.590878 20.1571877413366 PNG 122
139.66388 137.8257196 40.170840382954083 POL 123
77.19117082 110.3912063 18.771797818654669 AUT 124
300.7616702 -157.3235268 17.166224104648915 HKG 125
186.9442013 159.5941437 7.2136660185443509 EST 126
179.5257205 168.6309113 14.673779446007559 NOR 127
74.97797793 67.88559829 4.9631652484305366 MNE 128
116.8344298 -44.3576003 42.306690389331351 IRQ 129
-213.961006 17.01973864 9.1975944702771741 GNB 130
-149.7078565 4.519589813 30.269287604609637 MLI 131
196.0871565 92.98859165 27.770536099467865 KAZ 132
