18.06113009 44.88279602 44.533807217745306 HRV 0
64.91339887 43.55091904 46.996992309527926 UZB 1
27.30218564 39.82881452 41.283221069846888 BGR 2
-12.12337123 26.31993715 7.8192686958681321 ESH 3
12.98558253 0.3766445563 41.144141883759261 GNQ 4
22.4809127 42.96813988 47.562754637560218 SRB 5
0.1651824867 14.03723202 48.517286333017566 BFA 6
4.772977279 1.721322166 67.885934341846365 TGO 7
60.97099996 35.5005605 19.54817173967033 TKM 8
26.40608723 58.37482832 28.529617402176342 LVA 9
8.448401064 52.03159146 81.260223955657779 DEU 10
98.99259847 12.45836835 62.370616214222537 THA 11
44.63484605 38.95681057 59.066540424000038 AZE 12
104.2527069 36.13476546 64.715963728167878 CHN 13
9.56347364 -3.744179266 16.237930984916545 GAB 14
67.53496623 33.48461379 92.95150523365362 PAK 15
28.23883513 -5.592372488 125.77847256289328 RWA 16
35.91276864 39.87065236 59.195789025863917 SYR 17
33.07711041 -13.93835161 27.714316641600973 ZMB 18
11.60193637 61.97532637 63.973613362656039 DNK 19
83.98318396 23.6153217 77.258569148282902 NPL 20
11.48778574 32.60316039 47.118798973368882 TUN 21
86.98236078 24.03907415 191.81129906251886 BGD 22
69.85936653 44.15664435 31.15465914825036 KGZ 23
28.5219891 26.87539611 56.011567205046987 EGY 24
3.963052701 27.24424832 23.046954582448855 DZA 25
8.435616079 16.56076696 24.415658677317786 NER 26
64.08182827 34.8745784 42.334317948036556 AFG 27
47.05484258 17.61806082 42.514464795643661 YEM 28
-7.083815952 42.10665349 55.669404154608429 PRT 29
26.51697497 0.5266705272 35.349235211658097 COD 30
47.02601139 28.97451104 81.845933020002008 KWT 31
0.7330257748 34.6233706 364.84451337081953 GIB 32
107.9395073 13.42867898 51.571619014831185 KHM 33
123.6597819 -7.588379572 63.973613362656039 IDN 34
72.76274951 36.57026952 45.003270962534728 TJK 35
-10.91367899 8.645716334 58.088009882856824 SLE 36
33.16631998 39.25121716 55.08284928911408 TUR 37
30.87893364 50.2148323 35.992001226004987 BLR 38
17.40197224 46.15398405 55.497531548808638 HUN 39
22.10185691 39.11189025 47.843126988086951 MKD 40
119.6057689 0.7673939594 48.752999233091558 BRN 41
21.3517367 -26.75340297 37.141526305373105 ZAF 42
16.01304467 13.74702642 20.030915338092207 TCD 43
14.89157869 44.81689872 124.60330363242798 SMR 44
-0.1783041816 42.00226642 57.226417215971679 FRA 45
33.586569 -15.61189817 34.528955635735002 MOZ 46
39.89119394 11.67193732 55.703715038700238 ETH 47
38.75073466 19.59326224 29.257024475064838 ERI 48
-0.5987808655 39.74476416 68.697293081976909 AND 49
17.66713315 43.72315837 41.651828571755829 BIH 50
18.17726722 -12.87701003 28.529617402176342 AGO 51
31.37868495 66.74988706 22.459139436763884 FIN 52
33.93453437 17.04909009 26.731722809052243 SDN 53
90.66803162 27.72739263 23.941523083243005 BTN 54
96.98828136 21.70000341 48.121865833357347 MMR 55
103.3275972 49.804411 7.8192686958681321 MNG 56
129.3559608 35.97475513 121.21442841543978 KOR 57
18.1386553 2.134671117 16.000868173434725 CAF 58
32.93233405 28.64625715 108.3469652742113 ISR 59
112.427617 22.74534519 769.84065818877934 MAC 60
109.5546068 17.81584645 93.463977444750384 VNM 61
-9.534683585 28.6451597 48.438460470505902 MAR 62
32.06563971 35.88014265 120.37611148541555 LBN 63
46.27741742 22.36021032 21.855520422871578 SAU 64
52.94116562 30.94982856 38.998480138170763 IRN 65
44.71862509 7.580847253 36.831577690765926 DJI 66
26.34333606 54.56588468 34.694563087686532 LTU 67
75.84769911 57.49825946 15.638537391736264 RUS 68
27.34947101 -18.82650361 34.528955635735002 ZWE 69
-13.61667506 22.63810746 11.398444904619073 MRT 70
23.69553308 -21.67714148 11.398444904619073 BWA 71
52.42979868 24.67374688 80.906763280762021 QAT 72
-17.26962114 11.37009924 87.115567062965226 GMB 73
76.76216452 23.83097296 115.3507783217006 IND 74
12.84347718 6.402154314 40.957968340926769 CMR 75
15.71035418 40.25500829 180.55358533300256 VAT 76
-9.96474047 3.814172256 39.48537140414976 LBR 77
-3.694700711 9.213488775 64.44970263401359 GHA 78
29.91318521 42.54149064 48.948559581871748 ROU 79
33.9941922 45.54977057 41.926157520964892 UKR 80
24.07133995 -4.886237174 119.48395225328625 BDI 81
38.20294629 0.3960958296 51.7934334536032 KEN 82
-11.19047636 9.799511943 39.966331539934984 GIN 83
38.60413192 -11.88173698 78.412295499309153 MWI 84
13.25509529 45.11890081 53.996848705407075 SVN 85
31.03571726 -25.33835668 46.09390916489771 LSO 86
-7.863121753 5.267823593 50.144013609131548 CIV 87
49.86923582 14.32099313 28.327992137877231 SOM 88
30.29841858 13.03488534 22.029670749283277 SSD 89
124.6448269 -9.039318504 50.334169822804569 TLS 90
7.350344781 47.52413859 82.774447501992341 LIE 91
4.739123178 49.28277941 103.3837733091176 BEL 92
13.4643029 -0.07534304791 22.288345023189358 COG 93
33.51028992 -5.574415173 45.927804447494381 TZA 94
14.21364262 54.26802218 61.351369429556172 CZE 95
112.5330914 1.929401969 53.784122276120684 MYS 96
18.81698901 48.35234337 57.19301982928323 SVK 97
34.36623945 0.4996316762 81.915936681853537 UGA 98
127.9043399 39.5250959 77.554769221780816 PRK 99
8.924409622 47.9635864 83.920645066883992 LUX 100
1.48948668 12.58441174 58.022187754200388 BEN 101
20.4097387 38.17491611 47.118798973368882 GRC 102
3.457943246 53.58253347 78.509702115123986 CHE 103
-14.91987829 15.97342659 50.561413279819419 SEN 104
33.33555119 27.21181126 59.453443296950098 JOR 105
7.54332918 50.98645572 120.37611148541555 NLD 106
57.47700776 26.02531177 20.408890465097933 OMN 107
13.99841242 40.90408309 74.257326877469239 ITA 108
104.1172701 13.57179814 30.283897438618197 LAO 109
39.82778296 43.75778837 51.977555731593327 ARM 110
9.161650994 42.64537397 708.90360667738537 MCO 111
57.37109062 27.3066092 60.913809504175333 ARE 112
36.25965309 34.02491958 157.1775121867293 PSE 113
31.24607173 63.62808667 26.87429300851052 SWE 114
28.82400729 45.79926129 53.784122276120684 MDA 115
-4.036428302 39.55824656 51.311623600559329 ESP 116
6.842541387 13.0586391 82.496990472722388 NGA 117
20.44909285 39.22841583 53.499171279035693 ALB 118
29.4086161 -24.99175732 44.145987288253025 SWZ 119
42.17751643 46.46800304 38.555021222074046 GEO 120
19.91263492 27.87169998 10.343920201829693 LBY 121
148.8080785 -9.244565606 25.110081248375081 PNG 122
15.36967923 49.36330508 60.913809504175333 POL 123
7.091443492 49.19094449 54.839503230079146 AUT 124
120.4106964 24.69167874 444.48777161398789 HKG 125
29.77509415 62.12367921 29.257024475064838 EST 126
32.3782055 58.16080657 20.408890465097933 NOR 127
16.26898811 37.52114757 35.938876471991861 MNE 128
44.22508906 31.69982239 53.890590454769722 IRQ 129
-18.32934157 11.09439869 46.010931763381734 GNB 130
-3.822940827 12.74222818 22.963902223747191 MLI 131
68.92964116 50.07053615 14.23128383993285 KAZ 132
