1.045829925 89.88125746 28.537990747697954 HRV 0
108.9005326 74.76262675 30.116439969779236 UZB 1
56.62213306 70.35462781 26.454962073330357 BGR 2
-50.33485746 4.407194193 5.010715041841995 ESH 3
-23.21538941 -30.52994522 26.365837860205033 GNQ 4
43.34339519 71.1409129 30.47898970651816 SRB 5
-49.29888493 -9.509073094 31.090669201158288 BFA 6
-34.61329614 -45.40021563 43.502415068040477 TGO 7
96.65527797 69.17233872 12.526787604604987 TKM 8
96.17191511 114.6285256 18.282244620986376 LVA 9
-18.48078784 131.3070336 52.072878208319693 DEU 10
146.3660624 -34.71154041 39.968109165848851 THA 11
95.30708691 81.48216919 37.850803455379669 AZE 12
154.8058437 69.22530405 41.471046144172696 CHN 13
-22.92335262 -42.60237136 10.405531284211813 GAB 14
111.1026751 41.07852172 59.564842129320823 PAK 15
15.52448817 -29.10377496 80.600898744385262 RWA 16
73.50140391 58.7812253 37.933628069635212 SYR 17
-5.312049791 -73.01703133 17.759786582576918 ZMB 18
3.802453211 150.2226053 40.995335909946881 DNK 19
131.6581877 71.63337441 49.508552474614177 NPL 20
-22.74809681 16.61160837 30.19449566864866 TUN 21
136.5273867 1.299967814 122.91581205230848 BGD 22
124.9705574 85.64051115 19.964414229695002 KGZ 23
-0.6028177586 14.15449975 35.893126739560699 EGY 24
-31.52499066 10.27382193 14.768864773242742 DZA 25
-23.24846908 6.187275876 15.645952703424003 NER 26
104.1679627 60.00348069 27.128522113639942 AFG 27
76.90363364 -10.56724111 27.243963154759381 YEM 28
-111.5986125 68.2204506 35.673863070504133 PRT 29
-7.219628962 -32.6507477 22.6523670540011 COD 30
90.7700765 25.46231778 52.448210139348106 KWT 31
-173.2764562 3.715314402 233.79832081313785 GIB 32
163.0094011 -30.55612353 33.047935450320651 KHM 33
163.6769684 -56.35874186 40.995335909946881 IDN 34
116.0721494 63.74720346 28.838830780073092 TJK 35
-73.89195062 -35.02735961 37.223745108606629 SLE 36
70.17575504 74.77124726 35.297989136289736 TUR 37
95.88423837 105.1972817 23.064262010133788 BLR 38
48.73816857 84.84147181 35.563724298623939 HUN 39
39.94927907 57.93459746 30.658656886243435 MKD 40
174.6159343 -39.14068652 31.241717875899614 BRN 41
4.259167708 -101.2763653 23.800896448749473 ZAF 42
0.03669879283 -3.045435275 12.836137584002028 TCD 43
-30.37850802 83.2356242 79.847831307310187 SMR 44
-76.35135283 99.54995775 36.671622460846834 FRA 45
29.01052401 -93.33528483 22.126718509430216 MOZ 46
33.10655657 -6.284571026 35.695850045208161 ETH 47
40.42138943 3.647261351 18.7483789493274 ERI 48
-68.80483 83.21817205 44.022346995388965 AND 49
17.83283226 94.0993356 26.691171778635322 BIH 50
-23.66170296 -56.40400682 18.282244620986376 AGO 51
111.0593747 101.2264857 14.392183230905879 FIN 52
11.49959607 1.082606208 17.13012441233149 SDN 53
122.184666 28.58449711 15.342118873751685 BTN 54
168.0227291 14.8317932 30.837277289131155 MMR 55
130.0708342 97.02046569 5.010715041841995 MNG 56
239.7254846 10.77442172 77.676184739690541 KOR 57
-3.125818502 -15.74383868 10.253617564201088 CAF 58
22.74917348 16.76344068 69.430504277759582 ISR 59
359.7833991 -31.56471753 493.32646259444425 MAC 60
175.6863236 -12.59811119 59.893242689085007 VNM 61
-47.85432918 12.05355608 31.040156301507803 MAR 62
19.34659707 71.00008099 77.138977564123607 LBN 63
66.55298679 1.216193064 14.005374311799255 SAU 64
95.73862863 52.00460072 24.990862782419555 IRN 65
63.60352928 -9.790207909 23.602276316123458 DJI 66
87.14234181 114.1327696 22.23284246843593 LTU 67
116.9892157 104.1677679 10.02143008368399 RUS 68
3.154171762 -90.64628091 22.126718509430216 ZWE 69
-51.67956776 1.904280265 7.3043095919396075 MRT 70
-8.401674152 -85.73788465 7.3043095919396075 BWA 71
97.13275319 2.894433266 51.846374837059365 QAT 72
-95.72672951 -29.06567491 55.825077668920258 GMB 73
102.344069 -26.21959251 73.918662026558764 IND 74
-13.59830396 -23.80649922 26.246534814389989 CMR 75
-50.69337426 44.65711779 115.70168529502678 VAT 76
-70.63517774 -51.85320291 25.302870654904186 LBR 77
-48.62420068 -32.7017777 41.300421687918899 GHA 78
63.36452605 87.98334112 31.367036140219717 ROU 79
104.6129974 94.66385724 26.866966248128421 UKR 80
13.73801161 -64.10601322 76.567267362310048 BDI 81
58.31547334 -35.51313239 33.190077764145322 KEN 82
-67.40340631 -22.60778499 25.611077762325817 GIN 83
38.49416917 -77.76324752 50.247879156700158 MWI 84
0.4517814304 109.8934771 34.602062231627954 SVN 85
14.64546268 -95.48429915 29.537729546485483 LSO 86
-60.90091254 -43.53333157 32.133102598504621 CIV 87
69.25105577 -17.19135099 18.15303985978268 SOM 88
19.93371703 -7.858257224 14.116972684234538 SSD 89
179.9045786 -54.50130915 32.254957804817671 TLS 90
-34.66152278 112.5556283 53.043217378827713 LIE 91
-69.67331826 126.7614833 66.25000983482235 BEL 92
-16.24072258 -36.47931337 14.282735382207104 COG 93
37.59684682 -59.17389082 29.431286931659752 TZA 94
19.30883332 117.0812453 39.314959185470592 CZE 95
147.2795966 -52.59322739 34.465743662657282 MYS 96
53.3046766 100.2808261 36.650220870193635 SVK 97
44.42918101 -22.39615068 52.493069628779978 UGA 98
168.7346857 85.77330327 49.698362317631073 PRK 99
-43.31904131 134.7482663 53.777719491839861 LUX 100
-34.08077831 -9.816099468 37.181565213916137 BEN 101
26.49490682 38.65662081 30.19449566864866 GRC 102
-55.12846494 99.19544961 50.310298906426482 CHE 103
-70.05849732 -9.234439029 32.400579122170356 SEN 104
54.9204404 0.8803716052 38.098737133147701 JOR 105
-33.03656762 162.0647513 77.138977564123607 NLD 106
83.85115015 -3.139933998 13.078350216409746 OMN 107
-9.630467965 63.8167014 47.585307427602821 ITA 108
179.7434538 14.28219804 19.406415909645048 LAO 109
85.98765179 68.64278916 33.308066325960112 ARM 110
75.29043514 -215.2602661 454.27700509530524 MCO 111
77.1777952 6.407593523 39.034563641451086 ARE 112
57.28844511 32.45373094 100.72191597272028 PSE 113
105.0262852 104.8726846 17.221485723821072 SWE 114
74.70842299 97.30009521 34.465743662657282 MDA 115
-80.86311381 60.97569916 32.881326144031945 ESP 116
-14.27415816 -6.173035003 52.865418384560847 NGA 117
11.56493837 39.08598744 34.283142411464119 ALB 118
29.28538159 -111.2536077 28.289469405125189 SWZ 119
87.09320825 92.75399034 24.706687068839141 GEO 120
-11.39409657 7.426009252 6.6285529456622623 LBY 121
172.9417183 -65.09419787 16.090950024469048 PNG 122
68.81103731 113.0608342 39.034563641451086 POL 123
-14.96954587 111.8905407 35.142049008662916 AUT 124
225.2349988 -146.8678084 284.83502099345412 HKG 125
95.50682527 122.8583606 18.7483789493274 EST 126
95.83480389 96.76515415 13.078350216409746 NOR 127
8.483507422 51.48730931 23.030218800419412 MNE 128
85.13812395 44.0201386 34.533970209790922 IRQ 129
-79.29516732 -19.48371632 29.484556272860946 GNB 130
-46.49189126 0.4785496719 14.715643465829876 MLI 131
107.9053319 87.34634117 9.1196390321201388 KAZ 132
