20.79934412 93.87228787 12.557061120706921 HRV 0
135.6850783 76.17122236 37.190267079057826 UZB 1
37.44468323 79.38006409 16.219054210516582 BGR 2
-127.3460769 48.37199875 4.8067563876665504 ESH 3
-57.55173286 -74.75819666 8.2122012116535252 GNQ 4
31.88183365 92.01204643 16.768756670155742 SRB 5
-128.7714757 4.328754813 30.241677316167273 BFA 6
-118.2094641 -43.61759843 18.870849556599598 TGO 7
123.4559423 58.13284491 16.009163623128554 TKM 8
106.7627978 153.4322755 8.4843270967260729 LVA 9
-16.74884023 135.3357519 57.238547839388026 DEU 10
234.1553468 -138.6528026 53.143183431408069 THA 11
113.5565722 68.74502178 20.237889446289813 AZE 12
245.3644909 6.719228794 236.80474093456917 CHN 13
-51.31115925 -82.11530469 9.789922219419763 GAB 14
153.3144534 -95.25132047 97.25798843362314 PAK 15
16.32436312 -129.968698 23.545605091055275 RWA 16
57.710208 45.64272698 30.225840536078788 SYR 17
-17.45194651 -148.3632336 28.444318200884272 ZMB 18
7.066294461 151.7035868 15.2478088008267 DNK 19
108.4159668 -124.7877015 34.860711515510097 NPL 20
-49.52301199 48.97618301 22.136663020574257 TUN 21
159.1863522 -167.3083044 82.479617937764189 BGD 22
157.2039874 87.6564238 16.276737746062985 KGZ 23
-0.435425368 24.24806617 66.584789381892961 EGY 24
-82.4513377 42.52163888 42.35386041920701 DZA 25
-67.16322649 16.64013751 32.710506560757047 NER 26
127.7932966 22.43066527 40.760695937709116 AFG 27
73.66231973 -46.27972211 36.810586215824081 YEM 28
-109.6886241 85.20168522 20.076669064768613 PRT 29
-14.25007456 -110.9773213 63.422018311371339 COD 30
73.52112459 -0.7500050491 13.020670410425378 KWT 31
-71.24880976 61.14799095 1.1329633457435904 GIB 32
287.4766286 -117.2561655 25.816605213989654 KHM 33
268.3514251 -194.0924327 104.48136402769953 IDN 34
144.4290101 54.84192608 19.974416800942763 TJK 35
-179.4030959 -13.42177795 18.595133539528913 SLE 36
66.79464742 80.67003824 58.098497280179103 TUR 37
102.5834723 135.2407055 19.3284881314313 BLR 38
42.25471373 107.8194349 19.987163229818361 HUN 39
27.0429531 68.25783182 9.0569604257762002 MKD 40
275.2053669 -97.3548324 4.2198916596449774 BRN 41
-36.32214873 -181.6611552 48.747317566996678 ZAF 42
-26.44359068 -26.57212239 26.813465849264972 TCD 43
-20.7327988 86.9287514 1.1508063858912092 SMR 44
-49.20954972 102.2964634 50.468822644874962 FRA 45
42.39077442 -171.0881115 36.514378401015769 MOZ 46
27.54680076 -57.05718544 70.546041612587103 ETH 47
43.69013344 -28.74618349 12.142968576167476 ERI 48
-44.16906667 75.07288921 1.7770982283583625 AND 49
23.01250722 84.18233474 11.238449618691737 BIH 50
-58.23786969 -125.2845272 37.985730249503682 AGO 51
128.1105979 168.4277922 14.769275929636084 FIN 52
1.951624616 -19.28105598 43.500575062320337 SDN 53
192.534303 -78.16928825 5.565028320431276 BTN 54
256.616488 -105.2607209 46.332917598525327 MMR 55
216.5342946 110.1535259 11.644467007726591 MNG 56
343.5433908 66.50087891 45.13134315363525 KOR 57
-15.34033294 -66.27167084 15.029101654374699 CAF 58
34.26839349 20.20152295 18.996217189388506 ISR 59
233.6087393 -89.58385693 5.2620541529842972 MAC 60
320.6331483 -104.313678 62.357436562825313 VNM 61
-116.7253351 62.14102694 38.579420067195542 MAR 62
28.83851323 46.83624978 14.511818404630572 LBN 63
60.93151905 -18.63107962 38.121459497544961 SAU 64
101.8199815 -8.582844808 59.22384170286221 IRN 65
55.42204679 -42.72892225 6.6859618848297169 DJI 66
102.5386515 146.8154671 10.340522835179389 LTU 67
184.1979609 122.5865043 75.375622048486363 RUS 68
-2.909578048 -164.3823911 25.603029953893035 ZWE 69
-136.4486957 36.40542807 13.83031670550182 MRT 70
-21.24095989 -163.3864759 10.258426419874205 BWA 71
78.65402336 -26.67637939 10.336581335956653 QAT 72
-178.0451546 9.814489133 10.444430594358346 GMB 73
102.2533136 -281.3524871 237.05012914518309 IND 74
-34.75848541 -67.84560567 33.567875577731229 CMR 75
-23.63744528 43.35310764 0.14273996463758234 VAT 76
-173.371444 -37.05716784 14.598607327398124 LBR 77
-132.0771848 -26.36503213 36.635262367418953 GHA 78
63.36929673 115.0488656 27.972298945107518 ROU 79
99.9983318 112.8736256 38.017095393994964 UKR 80
2.233356831 -142.2232058 22.819205598105199 BDI 81
63.43707793 -100.4124322 46.5542406551113 KEN 82
-164.2847306 -0.08463377454 23.625512441898575 GIN 83
22.34371481 -153.874445 28.693573347859068 MWI 84
15.47187417 104.1596598 9.130896023358769 SVN 85
6.880217641 -154.3310771 9.5742239410731038 LSO 86
-160.2108685 -22.9309269 33.699632998247999 CIV 87
72.09492913 -71.56790656 26.714119015999053 SOM 88
-0.3872627144 -79.92101631 20.88447149161146 SSD 89
313.1769386 -182.684119 7.3160324182542684 TLS 90
-3.055124181 106.4581013 1.2443781621195815 LIE 91
-48.04176877 131.6351934 21.43952368190336 BEL 92
-37.23093332 -87.27680292 15.498300193355377 COG 93
50.22571997 -136.9846335 51.503024119408458 TZA 94
27.71593006 124.8403163 20.317769221632126 CZE 95
271.4194402 -137.6975218 36.735232949191008 MYS 96
47.50254732 120.9541669 15.098083179099644 SVK 97
27.96716694 -104.5311307 43.713866559415592 UGA 98
290.5816244 110.0458227 32.078087891570178 PRK 99
-29.65301495 113.3208844 5.0748022272783357 LUX 100
-108.5731933 -2.827738433 23.22454234302446 BEN 101
18.50036569 56.12002127 20.168303373972602 GRC 102
-21.42772816 105.3769581 18.601158916192968 CHE 103
-165.2915814 24.90926394 26.432728327444451 SEN 104
44.55298137 7.824032939 21.116832849381122 JOR 105
-47.15930032 151.4484844 26.324593283299887 NLD 106
97.45220607 -54.05126612 13.515899445744749 OMN 107
-23.52037401 63.37506449 48.120519234662289 ITA 108
289.3944074 -94.92632453 17.328067322333666 LAO 109
103.9848982 60.14578265 10.453205380069374 ARM 110
-6.826521028 74.18121348 1.1942482260115264 MCO 111
96.67637685 -41.1481549 19.347453128436602 ARE 112
40.5432254 32.21576317 14.534966062107987 PSE 113
115.2134213 174.0614524 20.43077159041167 SWE 114
78.35382455 108.765152 11.625204021819526 MDA 115
-85.18859885 91.88621071 43.233246755155612 ESP 116
-73.92936061 -34.66122415 93.824250225672941 NGA 117
19.6164843 70.91403273 10.55503888936032 ALB 118
19.02795071 -178.509159 6.900410717382937 SWZ 119
109.3327215 81.8069224 12.109364060164401 GEO 120
-33.01974322 14.54791412 16.460338010442232 LBY 121
311.4349911 -151.9944079 20.1571877413366 PNG 122
72.07527707 143.6418196 40.170840382954083 POL 123
14.53197023 115.5278375 18.771797818654669 AUT 124
275.8355325 -88.99159184 17.166224104648915 HKG 125
113.3738507 160.6306221 7.2136660185443509 EST 126
104.7193791 163.2915771 14.673779446007559 NOR 127
20.33714564 78.2779461 4.9631652484305366 MNE 128
74.94184503 21.84837199 42.306690389331351 IRQ 129
-170.4174035 11.66641428 9.1975944702771741 GNB 130
-120.5537776 26.95511965 30.269287604609637 MLI 131
128.2932689 100.9719106 27.770536099467865 KAZ 132
