-1.675293845 90.66107296 12.557061120706921 HRV 0
109.5865996 90.04185761 37.190267079057826 UZB 1
15.44493859 67.3395281 16.219054210516582 BGR 2
-101.1519529 39.83691216 4.8067563876665504 ESH 3
-50.62678569 -63.23937502 8.2122012116535252 GNQ 4
9.212994801 76.49045325 16.768756670155742 SRB 5
-97.53355846 12.29748346 30.241677316167273 BFA 6
-86.05686795 -34.38808688 18.870849556599598 TGO 7
87.22054604 74.88435699 16.009163623128554 TKM 8
79.68715747 161.6930231 8.4843270967260729 LVA 9
-23.87837675 128.6908411 57.238547839388026 DEU 10
211.8433118 -69.18936874 53.143183431408069 THA 11
91.65700119 97.05455034 20.237889446289813 AZE 12
215.789727 57.9125731 236.80474093456917 CHN 13
-50.19836126 -69.37778257 9.789922219419763 GAB 14
127.7462326 -11.03555932 97.25798843362314 PAK 15
11.01130991 -71.37730971 23.545605091055275 RWA 16
39.47846078 46.23003706 30.225840536078788 SYR 17
-2.339971009 -100.6825502 28.444318200884272 ZMB 18
-4.719892514 143.6257131 15.2478088008267 DNK 19
170.6392603 -21.64929282 34.860711515510097 NPL 20
-40.95201977 50.81333466 22.136663020574257 TUN 21
166.8338634 -63.37572226 82.479617937764189 BGD 22
126.0120882 82.93062474 16.276737746062985 KGZ 23
-5.617097935 29.53811929 66.584789381892961 EGY 24
-72.72402664 48.99628274 42.35386041920701 DZA 25
-51.4305889 35.51722986 32.710506560757047 NER 26
108.6947738 51.04330157 40.760695937709116 AFG 27
76.65593286 -21.46377465 36.810586215824081 YEM 28
-92.02581689 72.71203614 20.076669064768613 PRT 29
-17.99696221 -74.22058834 63.422018311371339 COD 30
78.42367901 3.71797483 13.020670410425378 KWT 31
-65.17089692 62.56404 1.1329633457435904 GIB 32
237.7297707 -75.67256116 25.816605213989654 KHM 33
227.3050507 -143.6010614 104.48136402769953 IDN 34
121.0311214 71.83421253 19.974416800942763 TJK 35
-140.5875817 -19.84654078 18.595133539528913 SLE 36
38.81514475 75.84943926 58.098497280179103 TUR 37
78.53726998 146.168203 19.3284881314313 BLR 38
23.88717418 110.1740097 19.987163229818361 HUN 39
6.734652859 66.18993796 9.0569604257762002 MKD 40
228.9624427 -55.73958266 4.2198916596449774 BRN 41
-11.58627893 -134.2579734 48.747317566996678 ZAF 42
-11.31001528 -1.207715968 26.813465849264972 TCD 43
-22.55405402 85.72624519 1.1508063858912092 SMR 44
-50.11979118 101.5006059 50.468822644874962 FRA 45
26.58397334 -121.1901302 36.514378401015769 MOZ 46
42.8364486 -33.63758367 70.546041612587103 ETH 47
45.78655829 -6.075767987 12.142968576167476 ERI 48
-43.05508625 69.37814512 1.7770982283583625 AND 49
2.059255736 82.57475293 11.238449618691737 BIH 50
-24.0082998 -107.9604436 37.985730249503682 AGO 51
93.31940905 166.8709292 14.769275929636084 FIN 52
12.8337909 -2.575315307 43.500575062320337 SDN 53
183.2978503 -16.6383405 5.565028320431276 BTN 54
220.3357931 -36.98740374 46.332917598525327 MMR 55
187.7290787 136.6006293 11.644467007726591 MNG 56
311.0467272 71.53379391 45.13134315363525 KOR 57
-24.01911104 -40.97581051 15.029101654374699 CAF 58
23.05835254 30.21412853 18.996217189388506 ISR 59
229.4733662 -22.2202314 5.2620541529842972 MAC 60
259.2992523 -55.54224056 62.357436562825313 VNM 61
-99.32290478 54.36697186 38.579420067195542 MAR 62
20.07325036 44.4132678 14.511818404630572 LBN 63
61.92368207 -0.9604522848 38.121459497544961 SAU 64
85.77105817 26.74001499 59.22384170286221 IRN 65
61.77690489 -15.98940516 6.6859618848297169 DJI 66
76.5866213 156.0371176 10.340522835179389 LTU 67
162.1110543 150.5881073 75.375622048486363 RUS 68
6.113002289 -116.7125602 25.603029953893035 ZWE 69
-107.0285539 29.3296004 13.83031670550182 MRT 70
-5.432199643 -113.3926149 10.258426419874205 BWA 71
78.79976154 -4.326429027 10.336581335956653 QAT 72
-142.592731 2.095281297 10.444430594358346 GMB 73
111.5064884 -155.3934995 237.05012914518309 IND 74
-47.68526799 -49.32543708 33.567875577731229 CMR 75
-24.02845698 43.02705914 0.14273996463758234 VAT 76
-131.7616348 -38.51872298 14.598607327398124 LBR 77
-99.89048714 -21.94379827 36.635262367418953 GHA 78
38.99914881 104.7218106 27.972298945107518 ROU 79
79.58593075 126.3439698 38.017095393994964 UKR 80
8.104440074 -86.6207992 22.819205598105199 BDI 81
63.95579187 -66.66889798 46.5542406551113 KEN 82
-129.0680772 -5.547061666 23.625512441898575 GIN 83
16.75846745 -101.6949981 28.693573347859068 MWI 84
-2.417125876 99.74689663 9.130896023358769 SVN 85
12.11137948 -126.8506822 9.5742239410731038 LSO 86
-123.3658558 -24.08569008 33.699632998247999 CIV 87
82.93074378 -41.78503495 26.714119015999053 SOM 88
9.220468596 -27.39502979 20.88447149161146 SSD 89
264.4698546 -137.9154185 7.3160324182542684 TLS 90
-21.08357017 97.38284211 1.2443781621195815 LIE 91
-52.52026118 125.5499934 21.43952368190336 BEL 92
-42.74814434 -65.01048574 15.498300193355377 COG 93
34.49706355 -81.13683703 51.503024119408458 TZA 94
7.848203569 112.8924318 20.317769221632126 CZE 95
224.6441089 -96.4407545 36.735232949191008 MYS 96
26.69262653 121.5829119 15.098083179099644 SVK 97
7.811977083 -49.08514508 43.713866559415592 UGA 98
267.8268845 131.5563886 32.078087891570178 PRK 99
-33.05075606 108.9228642 5.0748022272783357 LUX 100
-90.4597927 -4.130216697 23.22454234302446 BEN 101
9.061915477 55.76786868 20.168303373972602 GRC 102
-29.06965749 91.81522627 18.601158916192968 CHE 103
-133.07159 14.48464854 26.432728327444451 SEN 104
33.2105523 14.05267574 21.116832849381122 JOR 105
-49.00852581 141.1604655 26.324593283299887 NLD 106
89.68287882 -10.71942181 13.515899445744749 OMN 107
-26.35809012 69.40282171 48.120519234662289 ITA 108
241.8304086 -35.34714632 17.328067322333666 LAO 109
82.52526704 87.89354183 10.453205380069374 ARM 110
-9.842069722 69.23216252 1.1942482260115264 MCO 111
88.68097297 0.2370313048 19.347453128436602 ARE 112
34.22040588 32.21096834 14.534966062107987 PSE 113
83.26726082 173.067124 20.43077159041167 SWE 114
51.60706786 99.95528905 11.625204021819526 MDA 115
-71.48480403 78.52371596 43.233246755155612 ESP 116
-51.39188376 -6.849905821 93.824250225672941 NGA 117
1.03217877 62.9315677 10.55503888936032 ALB 118
15.77161131 -130.9743372 6.900410717382937 SWZ 119
84.50787058 110.3101816 12.109364060164401 GEO 120
-32.57744373 36.47355784 16.460338010442232 LBY 121
260.4787399 -116.0407729 20.1571877413366 PNG 122
47.23284746 139.2241965 40.170840382954083 POL 123
-4.663189377 108.8224692 18.771797818654669 AUT 124
237.6662054 -24.58184594 17.166224104648915 HKG 125
84.51619203 163.7731443 7.2136660185443509 EST 126
73.56124756 166.4473697 14.673779446007559 NOR 127
0.3696281863 75.37472376 4.9631652484305366 MNE 128
51.83738955 24.91774563 42.306690389331351 IRQ 129
-136.0590219 2.927234097 9.1975944702771741 GNB 130
-92.48286632 31.91082002 30.269287604609637 MLI 131
104.2064715 115.2308481 27.770536099467865 KAZ 132
