19.52903582 46.34343414 44.533807217745306 HRV 0
63.85003319 43.83016453 46.996992309527926 UZB 1
22.47094357 40.50330067 41.283221069846888 BGR 2
-11.32824632 26.87932583 7.8192686958681321 ESH 3
16.07936463 0.6563173014 41.144141883759261 GNQ 4
19.36602373 42.54174127 47.562754637560218 SRB 5
2.115123617 13.50560422 48.517286333017566 BFA 6
0.5150034367 -0.7669131025 67.885934341846365 TGO 7
56.55262644 34.68797722 19.54817173967033 TKM 8
30.42470659 58.83881197 28.529617402176342 LVA 9
9.567495549 56.63549244 81.260223955657779 DEU 10
98.60393868 10.07838438 62.370616214222537 THA 11
46.78035417 39.52815484 59.066540424000038 AZE 12
106.5195763 37.47372786 64.715963728167878 CHN 13
8.586376471 -4.525002683 16.237930984916545 GAB 14
66.8502363 38.7771729 92.95150523365362 PAK 15
29.68719276 -5.652678165 125.77847256289328 RWA 16
38.37766691 39.81549134 59.195789025863917 SYR 17
30.24961349 -17.87466939 27.714316641600973 ZMB 18
13.34233942 58.40962169 63.973613362656039 DNK 19
82.50487152 21.37369505 77.258569148282902 NPL 20
10.61657744 26.48647052 47.118798973368882 TUN 21
89.90883594 26.75715714 191.81129906251886 BGD 22
70.71796891 46.3959499 31.15465914825036 KGZ 23
26.07205885 24.51315932 56.011567205046987 EGY 24
6.581709597 21.85085225 23.046954582448855 DZA 25
12.2410629 19.19330097 24.415658677317786 NER 26
65.32986075 40.12995361 42.334317948036556 AFG 27
50.16721684 17.224041 42.514464795643661 YEM 28
-6.841925633 38.73882806 55.669404154608429 PRT 29
22.82443559 -0.2190602951 35.349235211658097 COD 30
48.70552811 26.74650635 81.845933020002008 KWT 31
-4.075035605 32.09132907 364.84451337081953 GIB 32
105.4888077 10.32274447 51.571619014831185 KHM 33
122.0797064 -9.119334447 63.973613362656039 IDN 34
71.62533189 34.60657408 45.003270962534728 TJK 35
-16.24504359 4.928563561 58.088009882856824 SLE 36
33.86504856 39.76247242 55.08284928911408 TUR 37
33.10497165 44.07882759 35.992001226004987 BLR 38
19.88424412 48.1700394 55.497531548808638 HUN 39
22.45598633 37.96556446 47.843126988086951 MKD 40
117.632777 -1.182769366 48.752999233091558 BRN 41
23.65658922 -35.65654015 37.141526305373105 ZAF 42
13.8269576 17.0702496 20.030915338092207 TCD 43
15.19662257 44.93586396 124.60330363242798 SMR 44
4.728471909 44.69434996 57.226417215971679 FRA 45
34.3970019 -14.04498914 34.528955635735002 MOZ 46
37.06837392 12.46503414 55.703715038700238 ETH 47
37.6035384 25.92668009 29.257024475064838 ERI 48
-1.512341046 42.78969268 68.697293081976909 AND 49
18.24205588 42.63107636 41.651828571755829 BIH 50
21.58464711 -11.13839758 28.529617402176342 AGO 51
38.52267435 63.5174251 22.459139436763884 FIN 52
34.7304816 14.21817761 26.731722809052243 SDN 53
89.1973085 21.69068551 23.941523083243005 BTN 54
96.75889144 22.16038947 48.121865833357347 MMR 55
94.12958265 50.70641228 7.8192686958681321 MNG 56
126.6001447 35.62520048 121.21442841543978 KOR 57
14.39611553 1.900089353 16.000868173434725 CAF 58
32.26444019 27.86465984 108.3469652742113 ISR 59
108.2365364 24.90446432 769.84065818877934 MAC 60
111.019465 13.87061509 93.463977444750384 VNM 61
-10.55484531 26.67118598 48.438460470505902 MAR 62
32.56234495 36.02080787 120.37611148541555 LBN 63
52.29689794 20.54979824 21.855520422871578 SAU 64
54.54978611 32.63586176 38.998480138170763 IRN 65
46.26567397 0.9866244636 36.831577690765926 DJI 66
24.04692232 53.25573278 34.694563087686532 LTU 67
70.86010398 53.63459866 15.638537391736264 RUS 68
28.52247137 -18.03367891 34.528955635735002 ZWE 69
-15.04262754 24.09520823 11.398444904619073 MRT 70
25.41334684 -25.51098192 11.398444904619073 BWA 71
56.03652729 28.24428288 80.906763280762021 QAT 72
-16.33402455 12.6163777 87.115567062965226 GMB 73
81.3244171 17.15900003 115.3507783217006 IND 74
13.96964543 4.240643505 40.957968340926769 CMR 75
19.80946187 39.14115809 180.55358533300256 VAT 76
-9.933429714 7.444493472 39.48537140414976 LBR 77
-4.875871221 13.04114258 64.44970263401359 GHA 78
31.6274731 42.92697429 48.948559581871748 ROU 79
38.98826203 41.31714927 41.926157520964892 UKR 80
24.66721445 -9.601318973 119.48395225328625 BDI 81
43.58117255 3.18363264 51.7934334536032 KEN 82
-6.101229385 8.127886081 39.966331539934984 GIN 83
42.95178837 -11.63750689 78.412295499309153 MWI 84
13.19948044 46.01079059 53.996848705407075 SVN 85
28.16492138 -24.82940944 46.09390916489771 LSO 86
-5.442010236 6.732032193 50.144013609131548 CIV 87
50.34964888 13.76106711 28.327992137877231 SOM 88
32.74386575 13.70625189 22.029670749283277 SSD 89
123.8038786 -6.929312754 50.334169822804569 TLS 90
9.1504508 50.33124089 82.774447501992341 LIE 91
9.335474933 47.97201284 103.3837733091176 BEL 92
13.47116045 1.851991155 22.288345023189358 COG 93
39.84131381 -7.927014871 45.927804447494381 TZA 94
20.42794951 51.49387521 61.351369429556172 CZE 95
117.6179284 -2.748925042 53.784122276120684 MYS 96
20.46799802 49.96827023 57.19301982928323 SVK 97
27.72022117 1.464440026 81.915936681853537 UGA 98
128.9478993 46.69456139 77.554769221780816 PRK 99
12.30097731 47.91539503 83.920645066883992 LUX 100
4.66272127 15.63137121 58.022187754200388 BEN 101
21.97079509 35.88766495 47.118798973368882 GRC 102
8.286903467 45.91758987 78.509702115123986 CHE 103
-16.51564138 15.87140766 50.561413279819419 SEN 104
36.67001992 32.99541842 59.453443296950098 JOR 105
5.446370394 53.59346236 120.37611148541555 NLD 106
62.53248462 28.60979156 20.408890465097933 OMN 107
17.08258356 41.72810251 74.257326877469239 ITA 108
105.1420806 12.65608159 30.283897438618197 LAO 109
39.31937738 48.65109843 51.977555731593327 ARM 110
8.990484326 35.96531024 708.90360667738537 MCO 111
61.13840452 27.38466166 60.913809504175333 ARE 112
39.64898343 37.11420461 157.1775121867293 PSE 113
36.05368005 73.3943025 26.87429300851052 SWE 114
34.08064583 47.72766812 53.784122276120684 MDA 115
-4.998069677 38.72488614 51.311623600559329 ESP 116
8.354878691 13.93466422 82.496990472722388 NGA 117
20.29675825 34.41837306 53.499171279035693 ALB 118
29.48599276 -19.20889361 44.145987288253025 SWZ 119
42.74392779 51.58570774 38.555021222074046 GEO 120
21.76964546 26.36225513 10.343920201829693 LBY 121
146.6865715 -14.10788984 25.110081248375081 PNG 122
21.82578155 53.20040887 60.913809504175333 POL 123
12.17605031 52.99918014 54.839503230079146 AUT 124
123.6138133 25.65110998 444.48777161398789 HKG 125
27.62399619 61.75824636 29.257024475064838 EST 126
34.94373999 56.2878597 20.408890465097933 NOR 127
11.78703886 26.93329352 35.938876471991861 MNE 128
40.8513981 28.27767545 53.890590454769722 IRQ 129
-17.18022842 8.466386569 46.010931763381734 GNB 130
1.605462629 14.26938306 22.963902223747191 MLI 131
69.83092324 52.94997061 14.23128383993285 KAZ 132
