-77.22691169 -3.087672198 4.7472542821757884 ECU 0
-50.96079675 9.975311476 0.87865139884746146 SUR 1
-47.42024446 -4.747616649 16.374576927854349 BRA 2
-57.14773946 -26.75031049 7.5305872859570888 ARG 3
-84.75097619 14.36523575 2.9546166451499345 NIC 4
-94.14163672 26.93520787 0.71337910523848391 BLZ 5
-61.98047706 -16.03086097 3.9176719172431178 BOL 6
-88.87482119 17.97928265 3.6227725255447951 HND 7
-55.39000855 -18.46206569 2.9155880831169001 PRY 8
-109.6161586 93.62055059 6.9315283928660048 CAN 9
-47.67442288 -24.12523955 2.0592961534022747 URY 10
-94.77128265 14.44127593 2.8081764469030146 SLV 11
-106.396638 34.84988653 12.615243031416425 MEX 12
-83.92541922 8.933236321 2.5411245245006104 CRI 13
-79.42679381 6.705322067 2.3528189967205462 PAN 14
-96.91800204 21.9924036 4.7343943900960257 GTM 15
-58.33060552 11.2604277 5.9773144476431224 VEN 16
-68.28453506 -22.92910676 4.9314512791066454 CHL 17
-71.42772295 -12.31778853 6.5237829189637537 PER 18
-101.8835217 66.85071128 20.523724091066036 USA 19
-69.07752231 3.297079197 8.0329855948055844 COL 20
-49.46067359 10.52922307 0.6220745687835374 GUF 21
-52.54620018 10.93342307 1.0040882470144172 GUY 22
