74.31707482 83.35273241 12.557061120706921 HRV 0
205.7177916 63.653229 37.190267079057826 UZB 1
105.620111 80.91664753 16.219054210516582 BGR 2
-145.3111996 45.34847191 4.8067563876665504 ESH 3
-69.03787047 -109.0675982 8.2122012116535252 GNQ 4
90.1674904 77.79935066 16.768756670155742 SRB 5
-165.2386181 -31.28384231 30.241677316167273 BFA 6
-166.7627242 -80.1996116 18.870849556599598 TGO 7
183.1421362 51.53219569 16.009163623128554 TKM 8
178.0757376 156.2345451 8.4843270967260729 LVA 9
42.80811253 161.3947419 57.238547839388026 DEU 10
233.2016944 -197.7681223 53.143183431408069 THA 11
177.7253386 67.94019403 20.237889446289813 AZE 12
324.084307 -14.12004084 236.80474093456917 CHN 13
-71.39931137 -117.5105817 9.789922219419763 GAB 14
192.1269734 -117.42787 97.25798843362314 PAK 15
17.52746953 -180.7422277 23.545605091055275 RWA 16
99.79886264 -3.792506683 30.225840536078788 SYR 17
-25.82904173 -200.3671322 28.444318200884272 ZMB 18
14.51637764 187.8758664 15.2478088008267 DNK 19
103.9686718 -127.7108158 34.860711515510097 NPL 20
-57.00906554 11.8736566 22.136663020574257 TUN 21
165.9692339 -209.6779191 82.479617937764189 BGD 22
231.5666138 68.13393691 16.276737746062985 KGZ 23
-9.333743742 12.22666795 66.584789381892961 EGY 24
-107.9676812 16.97146256 42.35386041920701 DZA 25
-102.8822327 -36.83336154 32.710506560757047 NER 26
190.6910798 13.05080441 40.760695937709116 AFG 27
110.4129159 -93.8647904 36.810586215824081 YEM 28
-115.1143742 93.80898598 20.076669064768613 PRT 29
-38.59974462 -154.6841949 63.422018311371339 COD 30
122.5828482 -68.45490175 13.020670410425378 KWT 31
-71.86773934 60.41934899 1.1329633457435904 GIB 32
311.7285716 -204.3639771 25.816605213989654 KHM 33
266.6781165 -265.9064256 104.48136402769953 IDN 34
212.6610352 36.82133602 19.974416800942763 TJK 35
-222.0574123 -4.860424846 18.595133539528913 SLE 36
121.9511593 48.8318437 58.098497280179103 TUR 37
168.1325796 132.4895431 19.3284881314313 BLR 38
102.9624565 97.98632261 19.987163229818361 HUN 39
85.80389961 66.25782711 9.0569604257762002 MKD 40
288.8092782 -157.6845802 4.2198916596449774 BRN 41
-49.39340331 -233.6395292 48.747317566996678 ZAF 42
-51.10651366 -63.20375235 26.813465849264972 TCD 43
-16.12839685 84.22483057 1.1508063858912092 SMR 44
-26.93332273 107.3112683 50.468822644874962 FRA 45
28.16972239 -235.3463968 36.514378401015769 MOZ 46
23.1102295 -93.48382388 70.546041612587103 ETH 47
37.58331935 -55.63251137 12.142968576167476 ERI 48
-45.03024768 73.74089412 1.7770982283583625 AND 49
77.55033114 72.50584774 11.238449618691737 BIH 50
-84.51985137 -169.8418275 37.985730249503682 AGO 51
200.541146 171.6275115 14.769275929636084 FIN 52
-17.964054 -57.87515795 43.500575062320337 SDN 53
243.839109 -148.8378735 5.565028320431276 BTN 54
264.7924962 -162.1397501 46.332917598525327 MMR 55
294.2078945 103.369622 11.644467007726591 MNG 56
426.0541384 79.4934105 45.13134315363525 KOR 57
-39.52906131 -103.109011 15.029101654374699 CAF 58
50.59855825 -2.843558492 18.996217189388506 ISR 59
266.0413247 -137.0863912 5.2620541529842972 MAC 60
371.121516 -181.3264917 62.357436562825313 VNM 61
-118.2589556 65.80468826 38.579420067195542 MAR 62
57.9022903 11.49971952 14.511818404630572 LBN 63
84.57555192 -67.28547484 38.121459497544961 SAU 64
145.1490559 -3.501491584 59.22384170286221 IRN 65
51.98319417 -67.74421878 6.6859618848297169 DJI 66
170.0960209 146.5666103 10.340522835179389 LTU 67
250.6088706 119.2726446 75.375622048486363 RUS 68
-15.05345576 -224.4004964 25.603029953893035 ZWE 69
-158.6048368 33.30806484 13.83031670550182 MRT 70
-44.6110916 -203.9261902 10.258426419874205 BWA 71
108.7068023 -69.60833319 10.336581335956653 QAT 72
-218.8994048 9.188857027 10.444430594358346 GMB 73
113.8108825 -353.5276986 237.05012914518309 IND 74
-59.67932669 -91.28417631 33.567875577731229 CMR 75
-16.46122492 45.67519468 0.14273996463758234 VAT 76
-223.2673569 -20.78647622 14.598607327398124 LBR 77
-184.0552343 -60.07219185 36.635262367418953 GHA 78
127.4579613 93.82549255 27.972298945107518 ROU 79
159.5312085 103.7604729 38.017095393994964 UKR 80
-1.944290739 -191.6722249 22.819205598105199 BDI 81
54.48779101 -140.3300264 46.5542406551113 KEN 82
-200.9935627 -2.16510361 23.625512441898575 GIN 83
18.3842244 -205.7199598 28.693573347859068 MWI 84
75.51192254 95.12670566 9.130896023358769 SVN 85
-2.426562062 -207.2397211 9.5742239410731038 LSO 86
-201.3823447 -31.01746542 33.699632998247999 CIV 87
70.72394088 -95.31717352 26.714119015999053 SOM 88
-10.4236283 -121.7485044 20.88447149161146 SSD 89
336.147118 -232.0353545 7.3160324182542684 TLS 90
55.82473214 115.2045535 1.2443781621195815 LIE 91
-33.2952206 142.5661861 21.43952368190336 BEL 92
-61.36373092 -124.3808875 15.498300193355377 COG 93
53.05980768 -189.050088 51.503024119408458 TZA 94
81.1590421 135.1280218 20.317769221632126 CZE 95
282.4799415 -197.7078061 36.735232949191008 MYS 96
108.5772435 117.2422207 15.098083179099644 SVK 97
12.33367913 -148.9544823 43.713866559415592 UGA 98
359.9335758 114.9012735 32.078087891570178 PRK 99
-10.54121858 129.8513388 5.0748022272783357 LUX 100
-153.6417388 -57.24721444 23.22454234302446 BEN 101
84.47673434 51.78013346 20.168303373972602 GRC 102
39.98737742 123.4793539 18.601158916192968 CHE 103
-197.6061004 24.57155964 26.432728327444451 SEN 104
60.89505887 -19.3211517 21.116832849381122 JOR 105
-38.98069647 166.806287 26.324593283299887 NLD 106
133.5582084 -79.9757814 13.515899445744749 OMN 107
27.73670637 64.61293163 48.120519234662289 ITA 108
294.2114069 -172.683689 17.328067322333666 LAO 109
163.2933032 62.98542768 10.453205380069374 ARM 110
-4.220669324 80.68421513 1.1942482260115264 MCO 111
138.537315 -61.68551653 19.347453128436602 ARE 112
71.37920946 14.8864135 14.534966062107987 PSE 113
188.9314584 183.8457851 20.43077159041167 SWE 114
140.8537049 80.33348326 11.625204021819526 MDA 115
-83.87247047 84.75119226 43.233246755155612 ESP 116
-119.7965474 -106.7259039 93.824250225672941 NGA 117
71.13111981 58.33125231 10.55503888936032 ALB 118
4.849802712 -238.0188023 6.900410717382937 SWZ 119
172.0965865 83.2211097 12.109364060164401 GEO 120
-65.97741629 -23.90437254 16.460338010442232 LBY 121
329.8499208 -177.590878 20.1571877413366 PNG 122
137.1208897 137.0876221 40.170840382954083 POL 123
75.31348708 111.3522429 18.771797818654669 AUT 124
300.6921324 -157.4874748 17.166224104648915 HKG 125
186.9442013 159.5941437 7.2136660185443509 EST 126
179.5257205 168.6309113 14.673779446007559 NOR 127
73.27879077 65.94331444 4.9631652484305366 MNE 128
115.9300917 -42.23061583 42.306690389331351 IRQ 129
-213.4354803 16.84791133 9.1975944702771741 GNB 130
-149.7078565 4.519589813 30.269287604609637 MLI 131
194.6030358 92.71434273 27.770536099467865 KAZ 132
