34.12684944 94.25254764 37.490194851673259 HRV 0
88.51770702 55.08948984 39.56379454628641 UZB 1
59.14832689 65.37479494 34.753732023085263 BGR 2
-62.83115301 -1.92213984 6.5825476266236391 ESH 3
-5.149629037 -30.97231579 34.636650055205656 GNQ 4
51.02981608 75.14055251 40.04007405712975 SRB 5
-26.64848476 -8.912470052 40.843633902795517 BFA 6
-18.22112663 -25.60251591 57.148873297983101 TGO 7
84.19173702 51.67465873 16.456369066559098 TKM 8
63.90876727 106.1324833 24.017279955913629 LVA 9
9.089708965 124.2863568 68.407841595324427 DEU 10
114.7055065 -20.71138885 52.505875894626271 THA 11
80.32258101 63.68684594 49.724383520204178 AZE 12
121.1908032 45.5107492 54.480275587488016 CHN 13
-0.7696698171 -32.81439471 13.669686798526666 GAB 14
92.84738524 36.87906978 78.249991650779748 PAK 15
22.21891077 -21.43635706 105.8849386371303 RWA 16
70.92196475 47.17337008 49.833189741160915 SYR 17
25.28482008 -46.75218902 23.330929825837512 ZMB 18
18.10883375 132.5406757 53.8553377797869 DNK 19
104.9907072 45.85118088 65.039101578911939 NPL 20
-9.475079614 8.119961722 39.666335870438125 TUN 21
113.3206298 25.18374973 161.47379768018232 BGD 22
98.59907865 54.69011734 26.227136527863653 KGZ 23
17.79462529 4.246689047 47.152594840983397 EGY 24
-37.07026274 1.477022961 19.401772990326847 DZA 25
-11.94127978 -13.71294594 20.553998376313377 NER 26
88.50362484 47.20458081 35.638583986867758 AFG 27
62.68842159 2.514762078 35.790238220822438 YEM 28
-110.3563383 71.36802529 46.864549415869277 PRT 29
9.298461464 -24.75963751 29.758284744507812 COD 30
78.93276321 24.8356648 68.900913001532132 KWT 31
-116.8435511 14.76263943 307.139513807068 GIB 32
124.0599415 -21.94295415 43.414883354322512 KHM 33
125.7909072 -31.81482338 53.8553377797869 IDN 34
95.44545233 49.22975944 37.885406677643793 TJK 35
-45.84352932 -19.72248932 48.900620564650424 SLE 36
65.42908422 60.34871852 46.370765983183162 TUR 37
64.64769541 95.73370626 30.299388787198048 BLR 38
49.4097808 90.32028679 46.719860742619012 HUN 39
47.95473787 60.38656436 40.276101801195594 MKD 40
131.8679202 -19.10831416 41.04206568091908 BRN 41
22.37256577 -56.98825716 31.267101226462287 ZAF 42
4.846258945 -9.311836322 16.86276036114916 TCD 43
23.52666766 85.10210625 104.89563826199188 SMR 44
-75.4698124 119.1640179 48.175300207322664 FRA 45
45.27691822 -53.66828754 29.067743264776951 MOZ 46
44.43206077 -5.163609728 46.893433578497977 ETH 47
46.71134448 1.696594797 24.629637950947618 ERI 48
-82.5462332 111.5083591 57.831904890439311 AND 49
42.36460282 78.88046847 35.064039358876016 BIH 50
8.567114342 -30.96715297 24.017279955913629 AGO 51
75.15988374 76.7455779 18.906928607479859 FIN 52
21.83442468 -1.286215367 22.503746242314453 SDN 53
96.8900486 11.12332499 20.154853615995446 BTN 54
126.0202657 9.907832436 40.510754400530573 MMR 55
103.1587911 70.12496646 6.5825476266236391 MNG 56
262.3392014 -6.665919506 102.04275861503933 KOR 57
10.28149158 -16.09008118 13.470118615391556 CAF 58
36.38269649 6.505101438 91.210455460432556 ISR 59
193.1840399 19.04157603 648.08014592423012 MAC 60
126.6691167 -8.534907738 78.681409583590963 VNM 61
-61.97263164 2.656199548 40.777275396089074 MAR 62
56.18247181 49.14260452 101.33703262802861 LBN 63
58.98012 6.961544188 18.398779947825453 SAU 64
83.41917913 42.78710335 32.83035317754161 IRN 65
51.19861485 -1.434901759 31.006175096818232 DJI 66
57.80846882 105.1911084 29.207157701368857 LTU 67
96.46408634 88.16993654 13.165095253247278 RUS 68
28.06404441 -51.09205941 29.067743264776951 ZWE 69
-54.94327021 -8.838416709 9.5956296390926372 MRT 70
20.86533976 -48.78213328 9.5956296390926372 BWA 71
77.10536913 11.40207922 68.110285414926707 QAT 72
-64.03754358 -9.68947613 73.337084517291729 GMB 73
92.066753 0.647509034 97.106522566737226 IND 74
3.394779329 -22.4152972 34.479922327821242 CMR 75
22.99737668 26.32958731 151.99664071400809 VAT 76
-41.28169169 -27.14484735 33.240236131044512 LBR 77
-27.57347151 -19.89316462 54.256127217409372 GHA 78
63.55462785 74.86347626 41.206695566371444 ROU 79
80.13816127 74.82368003 35.294979545710106 UKR 80
34.21901119 -37.81820312 100.58598021322578 BDI 81
49.96951284 -13.02623795 43.601614897165426 KEN 82
-39.87953495 -14.21398859 33.645126041271965 GIN 83
49.10989899 -45.13831653 66.010350802989848 MWI 84
27.46393837 99.36249332 45.45653079791888 SVN 85
34.72595566 -51.52005113 38.803545980653695 LSO 86
-36.98605309 -21.09118845 42.21307268115654 CIV 87
57.03576516 0.9460070052 23.847544401784575 SOM 88
24.22039613 -4.543520281 18.545386089957795 SSD 89
135.2430429 -31.33294135 42.373153167156971 TLS 90
9.386401871 108.7786961 69.682570601166972 LIE 91
-60.87250356 128.0088419 87.03225814287967 BEL 92
5.19833518 -28.44266193 18.763147596052324 COG 93
50.83731574 -34.98922902 38.663712927737727 TZA 94
33.28220213 106.9366521 51.647836509575221 CZE 95
116.172562 -30.2171515 45.277449875306132 MYS 96
42.30387234 96.36712773 48.147185060365835 SVK 97
38.36996226 -15.5305503 68.959844655642485 UGA 98
169.190965 85.61177575 65.288453681601325 PRK 99
-17.62524658 125.182151 70.647481816509369 LUX 100
-18.61768464 -15.1371897 48.8452090787911 BEN 101
43.25999914 44.11024133 39.666335870438125 GRC 102
-2.678255899 114.503496 66.092351270385095 CHE 103
-53.37573936 -13.72458984 42.564455056991314 SEN 104
51.71935807 8.844511815 50.050092571412179 JOR 105
-3.907153413 135.1531422 101.33703262802861 NLD 106
68.55122775 4.696576712 17.180953707863122 OMN 107
23.01617985 68.64740236 62.512545585624721 ITA 108
128.6710833 3.966060074 25.494097333530512 LAO 109
73.20636774 56.09046195 43.756615794453971 ARM 110
-41.47047219 61.93531294 596.78109745800441 MCO 111
65.38701876 10.64209621 51.279482490759783 ARE 112
50.9577192 26.76437977 132.31780362658318 PSE 113
71.39226096 78.32475789 22.623767073491052 SWE 114
71.43904597 71.64720055 45.277449875306132 MDA 115
-102.8156679 76.02611173 43.196009663736234 ESP 116
-6.710458382 -20.85410721 69.448997081628505 NGA 117
41.98576901 52.36540914 45.037567658372453 ALB 118
39.7241527 -57.07487533 37.163713788580061 SWZ 119
72.2476564 64.0404822 32.457033171643772 GEO 120
-9.025767078 3.383494024 8.707892006642302 LBY 121
145.67996 -33.21886471 21.138588806030199 PNG 122
49.85955038 103.9642618 51.279482490759783 POL 123
19.70451601 103.944926 46.165908331444115 AUT 124
211.7551183 -79.7703794 374.18613426687835 HKG 125
68.16504669 108.3206023 24.629637950947618 EST 126
67.53632195 79.0020206 17.180953707863122 NOR 127
40.12608727 64.41404717 30.254666417748435 MNE 128
76.74996337 38.95430494 45.367078699168012 IRQ 129
-55.44981878 -21.4466389 38.733692555908085 GNB 130
-36.72933298 -3.729575913 19.331856463868863 MLI 131
87.77598017 74.90157159 11.980417518310691 KAZ 132
