74.50915108 83.50125406 12.557061120706921 HRV 0
204.5913174 64.08300918 37.190267079057826 UZB 1
106.0143749 80.55289629 16.219054210516582 BGR 2
-145.3111996 45.34847191 4.8067563876665504 ESH 3
-69.06209668 -109.0241872 8.2122012116535252 GNQ 4
90.25621173 78.0420116 16.768756670155742 SRB 5
-165.237633 -31.32933265 30.241677316167273 BFA 6
-167.5054399 -80.38728463 18.870849556599598 TGO 7
181.9047174 51.93627172 16.009163623128554 TKM 8
178.0757376 156.2345451 8.4843270967260729 LVA 9
43.53045746 160.8262098 57.238547839388026 DEU 10
233.2409824 -198.2104691 53.143183431408069 THA 11
177.2210222 68.83226468 20.237889446289813 AZE 12
320.2466065 -21.90502107 236.80474093456917 CHN 13
-71.07846436 -117.4953662 9.789922219419763 GAB 14
195.1645242 -124.2255672 97.25798843362314 PAK 15
17.48305911 -180.4354721 23.545605091055275 RWA 16
99.72954375 -3.795859043 30.225840536078788 SYR 17
-26.0550888 -200.0175015 28.444318200884272 ZMB 18
14.51637764 187.8758664 15.2478088008267 DNK 19
103.966007 -127.8143709 34.860711515510097 NPL 20
-57.00906554 11.8736566 22.136663020574257 TUN 21
166.2187328 -208.5598565 82.479617937764189 BGD 22
230.1628644 67.95315314 16.276737746062985 KGZ 23
-9.333743742 12.22666795 66.584789381892961 EGY 24
-107.9676812 16.97146256 42.35386041920701 DZA 25
-102.8822327 -36.83336154 32.710506560757047 NER 26
190.6198453 13.09126083 40.760695937709116 AFG 27
110.4307269 -93.75309342 36.810586215824081 YEM 28
-115.1150049 93.86131468 20.076669064768613 PRT 29
-39.1500121 -155.787 63.422018311371339 COD 30
122.7473965 -68.53699181 13.020670410425378 KWT 31
-71.86773934 60.41934899 1.1329633457435904 GIB 32
311.9571641 -204.4064429 25.816605213989654 KHM 33
266.9223494 -266.6151442 104.48136402769953 IDN 34
210.9973614 37.18382434 19.974416800942763 TJK 35
-222.051078 -4.804478679 18.595133539528913 SLE 36
122.2882383 48.49904284 58.098497280179103 TUR 37
168.8144125 132.2417195 19.3284881314313 BLR 38
103.6886839 97.91182377 19.987163229818361 HUN 39
85.78710357 66.19832196 9.0569604257762002 MKD 40
288.9819823 -157.7459621 4.2198916596449774 BRN 41
-49.76378513 -233.6961924 48.747317566996678 ZAF 42
-51.59157451 -63.05262566 26.813465849264972 TCD 43
-16.12839685 84.22483057 1.1508063858912092 SMR 44
-26.93332273 107.3112683 50.468822644874962 FRA 45
28.30409154 -235.5792254 36.514378401015769 MOZ 46
24.36661855 -93.42878171 70.546041612587103 ETH 47
37.64521988 -55.69941198 12.142968576167476 ERI 48
-45.03024768 73.74089412 1.7770982283583625 AND 49
77.89333246 72.50006984 11.238449618691737 BIH 50
-85.79608631 -170.9670323 37.985730249503682 AGO 51
200.5925273 171.572936 14.769275929636084 FIN 52
-17.94905444 -58.03612269 43.500575062320337 SDN 53
243.5484345 -148.7562033 5.565028320431276 BTN 54
264.895436 -161.9683287 46.332917598525327 MMR 55
294.2078945 103.369622 11.644467007726591 MNG 56
426.0541384 79.4934105 45.13134315363525 KOR 57
-39.48777671 -103.1061239 15.029101654374699 CAF 58
50.51586873 -2.899347027 18.996217189388506 ISR 59
266.0419338 -137.0368561 5.2620541529842972 MAC 60
371.121516 -181.3264917 62.357436562825313 VNM 61
-118.3926751 65.67753257 38.579420067195542 MAR 62
57.81016049 11.57531504 14.511818404630572 LBN 63
84.6142385 -66.6823847 38.121459497544961 SAU 64
144.863456 -3.568462574 59.22384170286221 IRN 65
51.92087164 -67.97631149 6.6859618848297169 DJI 66
170.6950867 146.4695688 10.340522835179389 LTU 67
252.2326772 120.0337707 75.375622048486363 RUS 68
-15.04656998 -224.3052681 25.603029953893035 ZWE 69
-158.6048368 33.30806484 13.83031670550182 MRT 70
-44.57278024 -203.9522197 10.258426419874205 BWA 71
108.7068023 -69.60833319 10.336581335956653 QAT 72
-218.9226203 9.144516532 10.444430594358346 GMB 73
114.5529164 -354.2344364 237.05012914518309 IND 74
-59.70475743 -91.11096038 33.567875577731229 CMR 75
-16.44624092 45.67991973 0.14273996463758234 VAT 76
-223.2685779 -20.81484045 14.598607327398124 LBR 77
-184.5596314 -59.64954123 36.635262367418953 GHA 78
127.3823386 93.89670809 27.972298945107518 ROU 79
161.2328239 105.1956313 38.017095393994964 UKR 80
-2.330410968 -191.5727436 22.819205598105199 BDI 81
55.17183724 -140.9626813 46.5542406551113 KEN 82
-200.9935627 -2.16510361 23.625512441898575 GIN 83
18.19559354 -205.7008453 28.693573347859068 MWI 84
75.51192254 95.12670566 9.130896023358769 SVN 85
-2.428110351 -207.241778 9.5742239410731038 LSO 86
-201.7725382 -30.30213305 33.699632998247999 CIV 87
71.38586528 -95.11808852 26.714119015999053 SOM 88
-9.505375354 -121.8648949 20.88447149161146 SSD 89
336.147118 -232.0353545 7.3160324182542684 TLS 90
55.92307095 115.1926303 1.2443781621195815 LIE 91
-33.00936019 142.6083957 21.43952368190336 BEL 92
-61.07499733 -124.5352467 15.498300193355377 COG 93
53.09629182 -188.7662484 51.503024119408458 TZA 94
81.1590421 135.1280218 20.317769221632126 CZE 95
282.3510591 -198.160687 36.735232949191008 MYS 96
109.2166443 115.9408281 15.098083179099644 SVK 97
12.13177115 -148.3158683 43.713866559415592 UGA 98
359.1214411 109.0313645 32.078087891570178 PRK 99
-10.53817898 129.8528554 5.0748022272783357 LUX 100
-154.1799945 -57.54046491 23.22454234302446 BEN 101
84.54830719 51.51386163 20.168303373972602 GRC 102
40.07951588 123.2738626 18.601158916192968 CHE 103
-197.6061004 24.57155964 26.432728327444451 SEN 104
60.97299909 -19.24382364 21.116832849381122 JOR 105
-38.98069647 166.806287 26.324593283299887 NLD 106
133.5582084 -79.9757814 13.515899445744749 OMN 107
27.83250878 64.88233774 48.120519234662289 ITA 108
294.1903864 -172.7770758 17.328067322333666 LAO 109
163.5100573 63.13929548 10.453205380069374 ARM 110
-4.220669324 80.68421513 1.1942482260115264 MCO 111
138.537315 -61.68551653 19.347453128436602 ARE 112
71.47991727 14.82447541 14.534966062107987 PSE 113
188.8685944 183.9208028 20.43077159041167 SWE 114
140.8799029 80.30629348 11.625204021819526 MDA 115
-83.75016324 84.810024 43.233246755155612 ESP 116
-120.1796636 -107.443351 93.824250225672941 NGA 117
71.35459361 58.35423345 10.55503888936032 ALB 118
4.872631955 -238.2389994 6.900410717382937 SWZ 119
172.611362 83.78472434 12.109364060164401 GEO 120
-65.97741629 -23.90437254 16.460338010442232 LBY 121
329.8499208 -177.590878 20.1571877413366 PNG 122
137.9949828 137.0576236 40.170840382954083 POL 123
75.61385139 111.695942 18.771797818654669 AUT 124
300.7266317 -157.424831 17.166224104648915 HKG 125
186.9442013 159.5941437 7.2136660185443509 EST 126
179.5257205 168.6309113 14.673779446007559 NOR 127
73.50025288 66.01009704 4.9631652484305366 MNE 128
115.3427732 -42.81871898 42.306690389331351 IRQ 129
-213.4113055 16.88403162 9.1975944702771741 GNB 130
-149.7078565 4.519589813 30.269287604609637 MLI 131
194.5360981 93.85398524 27.770536099467865 KAZ 132
