34.17775751 94.02487096 37.490194851673259 HRV 0
88.46103871 55.06611582 39.56379454628641 UZB 1
59.05359305 65.29142961 34.753732023085263 BGR 2
-62.73311272 -1.870585814 6.5825476266236391 ESH 3
-5.087561102 -30.86846594 34.636650055205656 GNQ 4
50.9793623 75.00931841 40.04007405712975 SRB 5
-26.62015076 -8.8156296 40.843633902795517 BFA 6
-18.15326272 -25.46547198 57.148873297983101 TGO 7
84.10879561 51.68544764 16.456369066559098 TKM 8
63.84239697 106.0841187 24.017279955913629 LVA 9
9.109144643 124.2393047 68.407841595324427 DEU 10
114.6669991 -20.66806403 52.505875894626271 THA 11
80.1677651 63.4779791 49.724383520204178 AZE 12
121.1929882 45.48364437 54.480275587488016 CHN 13
-0.7091203007 -32.71295911 13.669686798526666 GAB 14
92.76830496 36.74470489 78.249991650779748 PAK 15
22.22650379 -21.37361244 105.8849386371303 RWA 16
70.89412896 47.01304391 49.833189741160915 SYR 17
25.28188571 -46.70028462 23.330929825837512 ZMB 18
18.13779499 132.5082221 53.8553377797869 DNK 19
104.8449185 45.85753933 65.039101578911939 NPL 20
-9.39154807 8.226376173 39.666335870438125 TUN 21
113.3064057 25.21662699 161.47379768018232 BGD 22
98.57826282 54.62822591 26.227136527863653 KGZ 23
17.89243981 4.253111887 47.152594840983397 EGY 24
-36.97640124 1.542763852 19.401772990326847 DZA 25
-11.88043862 -13.61993314 20.553998376313377 NER 26
88.42057809 47.08655835 35.638583986867758 AFG 27
62.68318623 2.519865591 35.790238220822438 YEM 28
-110.3154836 71.3942579 46.864549415869277 PRT 29
9.322345426 -24.6966412 29.758284744507812 COD 30
78.82411208 24.8217164 68.900913001532132 KWT 31
-116.7707095 14.78023198 307.139513807068 GIB 32
124.0108372 -21.90139514 43.414883354322512 KHM 33
125.7368491 -31.79261228 53.8553377797869 IDN 34
95.31376751 49.23688393 37.885406677643793 TJK 35
-45.76395106 -19.65498522 48.900620564650424 SLE 36
65.35735731 60.2357048 46.370765983183162 TUR 37
64.64376872 95.72492669 30.299388787198048 BLR 38
49.3226965 90.17000786 46.719860742619012 HUN 39
47.93803227 60.33967312 40.276101801195594 MKD 40
131.8249735 -19.11586085 41.04206568091908 BRN 41
22.36566177 -56.9133736 31.267101226462287 ZAF 42
4.940070091 -9.196387646 16.86276036114916 TCD 43
23.56656031 84.8849961 104.89563826199188 SMR 44
-75.43016169 119.1539453 48.175300207322664 FRA 45
45.24838967 -53.58695728 29.067743264776951 MOZ 46
44.43206077 -5.163609728 46.893433578497977 ETH 47
46.56696078 1.706886692 24.629637950947618 ERI 48
-82.48052624 111.4930404 57.831904890439311 AND 49
42.29261217 78.85547306 35.064039358876016 BIH 50
8.546128674 -30.91770737 24.017279955913629 AGO 51
75.08725088 76.6378817 18.906928607479859 FIN 52
21.90352183 -1.290924314 22.503746242314453 SDN 53
96.80255006 11.0812071 20.154853615995446 BTN 54
125.9917663 9.948250204 40.510754400530573 MMR 55
103.1574345 70.1243394 6.5825476266236391 MNG 56
262.2185041 -6.614330535 102.04275861503933 KOR 57
10.30746663 -16.04927446 13.470118615391556 CAF 58
36.21458689 6.470775249 91.210455460432556 ISR 59
193.126455 19.0367624 648.08014592423012 MAC 60
126.6679389 -8.539960244 78.681409583590963 VNM 61
-61.86915831 2.704554135 40.777275396089074 MAR 62
56.17841075 48.98983054 101.33703262802861 LBN 63
58.98109965 6.958310898 18.398779947825453 SAU 64
83.31613662 42.70843847 32.83035317754161 IRN 65
51.08459974 -1.373185581 31.006175096818232 DJI 66
57.74689606 105.147372 29.207157701368857 LTU 67
96.39162821 88.11122561 13.165095253247278 RUS 68
28.04558548 -51.04340838 29.067743264776951 ZWE 69
-54.848151 -8.779758403 9.5956296390926372 MRT 70
20.87240766 -48.74966757 9.5956296390926372 BWA 71
77.10536913 11.40207922 68.110285414926707 QAT 72
-63.9567281 -9.64723691 73.337084517291729 GMB 73
91.98024348 0.615438322 97.106522566737226 IND 74
3.46939959 -22.32526062 34.479922327821242 CMR 75
22.86201998 26.28241872 151.99664071400809 VAT 76
-41.20841869 -27.0784471 33.240236131044512 LBR 77
-27.51330025 -19.77241103 54.256127217409372 GHA 78
63.3878179 74.79625375 41.206695566371444 ROU 79
80.06392235 74.71107676 35.294979545710106 UKR 80
34.23109968 -37.7649085 100.58598021322578 BDI 81
49.96951284 -13.02623795 43.601614897165426 KEN 82
-39.80272188 -14.15011161 33.645126041271965 GIN 83
49.09252149 -45.07636954 66.010350802989848 MWI 84
27.37768763 99.15093384 45.45653079791888 SVN 85
34.71237282 -51.45009563 38.803545980653695 LSO 86
-36.90645408 -21.01922963 42.21307268115654 CIV 87
57.03874898 0.9489568749 23.847544401784575 SOM 88
24.30023068 -4.563926791 18.545386089957795 SSD 89
135.1785233 -31.339139 42.373153167156971 TLS 90
9.46051911 108.7326174 69.682570601166972 LIE 91
-60.8753499 128.0133273 87.03225814287967 BEL 92
5.183856889 -28.39444091 18.763147596052324 COG 93
50.81281572 -34.93860476 38.663712927737727 TZA 94
32.81529573 106.9903571 51.647836509575221 CZE 95
116.1339284 -30.16667884 45.277449875306132 MYS 96
42.32984615 96.34493881 48.147185060365835 SVK 97
38.36572023 -15.47875919 68.959844655642485 UGA 98
169.190965 85.61177575 65.288453681601325 PRK 99
-17.62524658 125.182151 70.647481816509369 LUX 100
-18.55365063 -15.04000813 48.8452090787911 BEN 101
43.24483359 44.02438056 39.666335870438125 GRC 102
-2.558530096 114.5219647 66.092351270385095 CHE 103
-53.28474677 -13.66247851 42.564455056991314 SEN 104
51.56119095 8.733438625 50.050092571412179 JOR 105
-3.904460815 135.1491313 101.33703262802861 NLD 106
68.55122775 4.696576712 17.180953707863122 OMN 107
22.95590521 68.44344755 62.512545585624721 ITA 108
128.6814723 3.969749551 25.494097333530512 LAO 109
73.17272825 55.99961229 43.756615794453971 ARM 110
-41.48475089 61.96341647 596.78109745800441 MCO 111
65.3866718 10.63889753 51.279482490759783 ARE 112
50.79718507 26.64490997 132.31780362658318 PSE 113
71.33748131 78.2735661 22.623767073491052 SWE 114
71.26272566 71.60293416 45.277449875306132 MDA 115
-102.7361229 76.04403615 43.196009663736234 ESP 116
-6.643761531 -20.76317743 69.448997081628505 NGA 117
41.97337699 52.300376 45.037567658372453 ALB 118
39.68886101 -57.00909569 37.163713788580061 SWZ 119
72.11393096 64.01511748 32.457033171643772 GEO 120
-8.934711818 3.492859788 8.707892006642302 LBY 121
145.67996 -33.21886471 21.138588806030199 PNG 122
49.82110022 103.9294979 51.279482490759783 POL 123
19.83664705 104.0654421 46.165908331444115 AUT 124
211.7692105 -79.76014074 374.18613426687835 HKG 125
68.09934244 108.2700942 24.629637950947618 EST 126
67.47111118 78.96808795 17.180953707863122 NOR 127
40.11989007 64.37907283 30.254666417748435 MNE 128
76.63275966 38.91216505 45.367078699168012 IRQ 129
-55.34611357 -21.38058968 38.733692555908085 GNB 130
-36.64120076 -3.666678228 19.331856463868863 MLI 131
87.67064268 74.79216962 11.980417518310691 KAZ 132
