33.30659258 96.22855685 12.557061120706921 HRV 0
163.1562459 78.71797959 37.190267079057826 UZB 1
50.97197873 65.11363695 16.219054210516582 BGR 2
-133.8820798 53.60986305 4.8067563876665504 ESH 3
-49.93056992 -84.26101203 8.2122012116535252 GNQ 4
45.31548788 78.67084628 16.768756670155742 SRB 5
-138.1086531 -7.304569895 30.241677316167273 BFA 6
-137.2935662 -51.95763935 18.870849556599598 TGO 7
150.5300648 60.06995518 16.009163623128554 TKM 8
132.997957 155.8836939 8.4843270967260729 LVA 9
-0.9910604899 137.0206904 57.238547839388026 DEU 10
235.6460025 -163.3490463 53.143183431408069 THA 11
137.5903581 68.54166672 20.237889446289813 AZE 12
271.5814989 9.450038429 236.80474093456917 CHN 13
-53.71493524 -93.67421392 9.789922219419763 GAB 14
184.1478724 -104.6834971 97.25798843362314 PAK 15
25.93070207 -153.3034757 23.545605091055275 RWA 16
72.10546243 20.17626965 30.225840536078788 SYR 17
-10.08875871 -174.8987151 28.444318200884272 ZMB 18
15.32788067 163.5278203 15.2478088008267 DNK 19
105.8556688 -124.2039344 34.860711515510097 NPL 20
-47.69664011 38.55786213 22.136663020574257 TUN 21
176.5340987 -190.5249856 82.479617937764189 BGD 22
189.590588 81.53093806 16.276737746062985 KGZ 23
-10.43570778 12.20007906 66.584789381892961 EGY 24
-89.71138406 37.17845884 42.35386041920701 DZA 25
-79.49718267 -3.768450644 32.710506560757047 NER 26
152.4538134 28.91330831 40.760695937709116 AFG 27
86.18340056 -53.91587747 36.810586215824081 YEM 28
-116.0872917 85.44352035 20.076669064768613 PRT 29
-17.22078349 -130.7057552 63.422018311371339 COD 30
95.99129886 -31.18000015 13.020670410425378 KWT 31
-72.35171606 59.83894112 1.1329633457435904 GIB 32
303.4779458 -143.1975091 25.816605213989654 KHM 33
268.3192657 -222.6527794 104.48136402769953 IDN 34
172.9103607 56.09379227 19.974416800942763 TJK 35
-199.8346412 -8.620734089 18.595133539528913 SLE 36
81.72447368 58.64456794 58.098497280179103 TUR 37
125.9342802 131.3898109 19.3284881314313 BLR 38
63.84646277 106.220202 19.987163229818361 HUN 39
39.62255876 65.63566466 9.0569604257762002 MKD 40
282.2203053 -122.5286834 4.2198916596449774 BRN 41
-28.80120294 -204.3684507 48.747317566996678 ZAF 42
-36.03758276 -41.38585797 26.813465849264972 TCD 43
-22.3157778 86.62214723 1.1508063858912092 SMR 44
-48.5203302 96.52210919 50.468822644874962 FRA 45
52.52385576 -191.9174623 36.514378401015769 MOZ 46
29.0048445 -74.49814383 70.546041612587103 ETH 47
40.00445175 -41.33651376 12.142968576167476 ERI 48
-45.75920142 74.26742865 1.7770982283583625 AND 49
36.24366038 86.30994897 11.238449618691737 BIH 50
-63.9573731 -145.1847813 37.985730249503682 AGO 51
152.2242845 168.3389832 14.769275929636084 FIN 52
-5.178177513 -35.86392959 43.500575062320337 SDN 53
229.5834007 -99.10158863 5.565028320431276 BTN 54
255.3440945 -125.6369919 46.332917598525327 MMR 55
245.6343218 112.1083462 11.644467007726591 MNG 56
379.4165529 79.42622338 45.13134315363525 KOR 57
-22.23329397 -80.62966603 15.029101654374699 CAF 58
37.00317731 19.57835464 18.996217189388506 ISR 59
235.0413258 -103.2685243 5.2620541529842972 MAC 60
339.7043173 -130.6100075 62.357436562825313 VNM 61
-115.302769 60.38955226 38.579420067195542 MAR 62
30.27869216 34.43143598 14.511818404630572 LBN 63
60.4589648 -34.82883359 38.121459497544961 SAU 64
128.2742352 -9.654021586 59.22384170286221 IRN 65
53.9212912 -52.54752023 6.6859618848297169 DJI 66
125.6954312 144.6590103 10.340522835179389 LTU 67
209.1485992 125.1529585 75.375622048486363 RUS 68
2.492664297 -194.2152434 25.603029953893035 ZWE 69
-145.8327133 39.46018507 13.83031670550182 MRT 70
-27.4704672 -174.9144154 10.258426419874205 BWA 71
82.51184402 -32.64179174 10.336581335956653 QAT 72
-196.4646698 7.087165812 10.444430594358346 GMB 73
122.4854633 -316.637833 237.05012914518309 IND 74
-38.44161256 -67.12512843 33.567875577731229 CMR 75
-24.53536758 42.65260058 0.14273996463758234 VAT 76
-201.9893949 -30.63767141 14.598607327398124 LBR 77
-152.3033951 -33.06371756 36.635262367418953 GHA 78
81.77212406 96.0035086 27.972298945107518 ROU 79
121.3994549 100.2960006 38.017095393994964 UKR 80
10.01142507 -165.3608062 22.819205598105199 BDI 81
64.42811987 -111.1613432 46.5542406551113 KEN 82
-183.1187554 0.5628741033 23.625512441898575 GIN 83
28.21759969 -177.8402778 28.693573347859068 MWI 84
38.54016733 109.2298433 9.130896023358769 SVN 85
5.900120271 -178.7548319 9.5742239410731038 LSO 86
-180.5211894 -23.73961331 33.699632998247999 CIV 87
74.12442728 -78.09563091 26.714119015999053 SOM 88
-1.666304167 -98.36181004 20.88447149161146 SSD 89
324.8582459 -202.7682067 7.3160324182542684 TLS 90
21.25826373 113.5942658 1.2443781621195815 LIE 91
-51.96490718 129.6629048 21.43952368190336 BEL 92
-44.84963722 -100.6212019 15.498300193355377 COG 93
63.7476413 -154.90289 51.503024119408458 TZA 94
44.44757639 138.9269979 20.317769221632126 CZE 95
276.6049683 -160.4564658 36.735232949191008 MYS 96
72.06069771 119.3576365 15.098083179099644 SVK 97
27.39316387 -122.9438808 43.713866559415592 UGA 98
315.7635717 112.2200578 32.078087891570178 PRK 99
-31.99931837 114.3430853 5.0748022272783357 LUX 100
-126.9255806 -33.06457035 23.22454234302446 BEN 101
36.01433565 52.13656043 20.168303373972602 GRC 102
5.980735665 105.2779803 18.601158916192968 CHE 103
-183.3870903 26.67993694 26.432728327444451 SEN 104
45.22536808 4.405475273 21.116832849381122 JOR 105
-51.91381646 150.2533214 26.324593283299887 NLD 106
107.8362168 -55.31523869 13.515899445744749 OMN 107
7.799398863 63.49846969 48.120519234662289 ITA 108
292.8700464 -122.3348488 17.328067322333666 LAO 109
127.8457118 59.96581111 10.453205380069374 ARM 110
-4.771666021 80.24399334 1.1942482260115264 MCO 111
106.5752567 -39.95175479 19.347453128436602 ARE 112
42.97497007 35.8350343 14.534966062107987 PSE 113
140.8286532 178.3281599 20.43077159041167 SWE 114
98.88234373 90.94386159 11.625204021819526 MDA 115
-88.09464578 88.96863082 43.233246755155612 ESP 116
-92.05266187 -72.01828659 93.824250225672941 NGA 117
32.34912094 69.65630223 10.55503888936032 ALB 118
25.9921998 -198.8052372 6.900410717382937 SWZ 119
133.7177555 81.72701602 12.109364060164401 GEO 120
-44.2347057 0.700804358 16.460338010442232 LBY 121
323.711382 -161.8498662 20.1571877413366 PNG 122
96.20581031 137.6559142 40.170840382954083 POL 123
38.70440606 122.3795071 18.771797818654669 AUT 124
280.4372549 -113.064187 17.166224104648915 HKG 125
138.6487681 159.5885456 7.2136660185443509 EST 126
131.3682836 165.95553 14.673779446007559 NOR 127
33.65760364 79.67211807 4.9631652484305366 MNE 128
85.24271111 -10.33361234 42.306690389331351 IRQ 129
-191.3527653 13.76569344 9.1975944702771741 GNB 130
-137.9867878 18.8908833 30.269287604609637 MLI 131
151.9551879 103.8185359 27.770536099467865 KAZ 132
