-77.01047644 -18.76541073 23.901803645853672 ECU 0
-28.22499141 -12.09107609 5.5857618140890297 SUR 1
-34.56517614 -25.96361554 14.222054495628539 BRA 2
-42.56508433 -50.09480158 11.409749219480975 ARG 3
-98.88694719 24.3865849 21.358283266398406 NIC 4
-136.8653914 59.0469895 11.871868067177079 BLZ 5
-47.8155175 -37.48460507 9.4497965835249929 BOL 6
-109.6248002 50.62340536 27.167237012560403 HND 7
-32.80014965 -40.89884385 11.596806754993013 PRY 8
-127.3086151 106.3513862 5.7751631902776213 CAN 9
-21.27069212 -48.80156101 12.360259421742416 URY 10
-148.6098129 -14.67164587 48.937974891289677 SLV 11
-168.6715154 66.18021886 22.701323131687296 MEX 12
-104.476503 -3.986657977 28.216248640152315 CRI 13
-67.93390815 6.172665322 21.658414371124419 PAN 14
-152.8776442 34.94607677 36.274099698178354 GTM 15
-40.0537629 3.729949399 15.968259686840874 VEN 16
-67.00638378 -51.13544096 14.33507922275045 CHL 17
-61.6322439 -35.24567836 14.447219752202678 PER 18
-138.0598111 91.15319597 17.012163728227698 USA 19
-52.80960568 -12.29154583 19.125943668285029 COL 20
-21.85254385 -10.99746996 5.3897087317528332 GUF 21
-32.64082313 -7.071888063 5.6812518390788114 GUY 22
