75.86597252 85.36405611 12.557061120706921 HRV 0
205.4862252 62.70915687 37.190267079057826 UZB 1
107.7434945 81.09644429 16.219054210516582 BGR 2
-145.2919739 45.38036588 4.8067563876665504 ESH 3
-70.39283757 -109.520075 8.2122012116535252 GNQ 4
91.68106708 80.66381453 16.768756670155742 SRB 5
-164.1510067 -30.60308228 30.241677316167273 BFA 6
-167.915319 -79.63334377 18.870849556599598 TGO 7
182.2079425 51.31154999 16.009163623128554 TKM 8
179.1126064 156.8069231 8.4843270967260729 LVA 9
44.4834483 158.9197369 57.238547839388026 DEU 10
233.1702597 -198.568847 53.143183431408069 THA 11
178.1179597 68.49452965 20.237889446289813 AZE 12
322.5362099 -22.89699358 236.80474093456917 CHN 13
-71.78111275 -118.1808699 9.789922219419763 GAB 14
196.9470642 -126.4854922 97.25798843362314 PAK 15
16.80395005 -180.9796893 23.545605091055275 RWA 16
101.210663 -4.317133726 30.225840536078788 SYR 17
-26.27967684 -200.8399095 28.444318200884272 ZMB 18
14.51637764 187.8758664 15.2478088008267 DNK 19
104.0100972 -128.1285624 34.860711515510097 NPL 20
-57.00906554 11.8736566 22.136663020574257 TUN 21
166.0495853 -208.5114752 82.479617937764189 BGD 22
231.2699358 66.37919122 16.276737746062985 KGZ 23
-7.882033272 12.15484395 66.584789381892961 EGY 24
-108.2702331 16.24703472 42.35386041920701 DZA 25
-103.7280199 -38.14924927 32.710506560757047 NER 26
191.7970691 11.550642 40.760695937709116 AFG 27
111.8172212 -94.05094063 36.810586215824081 YEM 28
-115.1107145 93.91801656 20.076669064768613 PRT 29
-40.35379699 -157.7256376 63.422018311371339 COD 30
126.0825007 -69.60999996 13.020670410425378 KWT 31
-71.86773934 60.41934899 1.1329633457435904 GIB 32
312.0166204 -204.2804164 25.816605213989654 KHM 33
267.3058234 -267.3738777 104.48136402769953 IDN 34
211.9801479 35.63226671 19.974416800942763 TJK 35
-222.310784 -4.813218598 18.595133539528913 SLE 36
123.5894308 48.54903335 58.098497280179103 TUR 37
170.7630015 132.7418342 19.3284881314313 BLR 38
105.6351356 98.60989672 19.987163229818361 HUN 39
87.39100999 66.33132052 9.0569604257762002 MKD 40
289.1426544 -158.024175 4.2198916596449774 BRN 41
-50.85684936 -233.7267566 48.747317566996678 ZAF 42
-50.16661591 -64.23627648 26.813465849264972 TCD 43
-15.38849591 84.01469376 1.1508063858912092 SMR 44
-26.45083214 107.2548853 50.468822644874962 FRA 45
27.75885982 -237.0288376 36.514378401015769 MOZ 46
25.61948974 -94.99141632 70.546041612587103 ETH 47
39.32356503 -57.11365915 12.142968576167476 ERI 48
-45.03024768 73.74089412 1.7770982283583625 AND 49
79.57297154 74.37858708 11.238449618691737 BIH 50
-87.07787819 -173.8845913 37.985730249503682 AGO 51
200.6106781 171.5183291 14.769275929636084 FIN 52
-16.3683872 -58.61302328 43.500575062320337 SDN 53
243.1300301 -148.761465 5.565028320431276 BTN 54
264.7910094 -161.8312652 46.332917598525327 MMR 55
294.2078945 103.369622 11.644467007726591 MNG 56
425.9609957 77.9751846 45.13134315363525 KOR 57
-40.58201292 -105.013942 15.029101654374699 CAF 58
52.04402168 -3.025998975 18.996217189388506 ISR 59
266.0109925 -136.722545 5.2620541529842972 MAC 60
371.121516 -181.3264917 62.357436562825313 VNM 61
-118.5326506 65.49736063 38.579420067195542 MAR 62
59.34614588 11.58854347 14.511818404630572 LBN 63
85.34214305 -67.7090602 38.121459497544961 SAU 64
145.698503 -4.159857485 59.22384170286221 IRN 65
53.4139696 -69.63702254 6.6859618848297169 DJI 66
172.6389337 147.0836399 10.340522835179389 LTU 67
253.5966483 118.5936165 75.375622048486363 RUS 68
-15.70036262 -224.9933595 25.603029953893035 ZWE 69
-159.093145 32.85989037 13.83031670550182 MRT 70
-44.87573982 -204.071339 10.258426419874205 BWA 71
109.6618159 -69.50215176 10.336581335956653 QAT 72
-219.1242002 8.974595478 10.444430594358346 GMB 73
116.6459311 -356.1327761 237.05012914518309 IND 74
-60.28005306 -91.85513617 33.567875577731229 CMR 75
-15.68158177 45.90668417 0.14273996463758234 VAT 76
-224.5737326 -20.83345079 14.598607327398124 LBR 77
-185.8724118 -59.42113233 36.635262367418953 GHA 78
128.9561447 94.30683243 27.972298945107518 ROU 79
163.2568975 105.8256933 38.017095393994964 UKR 80
-2.887122732 -192.1017607 22.819205598105199 BDI 81
54.78494631 -144.0190876 46.5542406551113 KEN 82
-201.9924253 -1.624468386 23.625512441898575 GIN 83
17.26897472 -207.0479636 28.693573347859068 MWI 84
76.61290546 95.90788766 9.130896023358769 SVN 85
-2.292050027 -207.9000704 9.5742239410731038 LSO 86
-202.7270226 -29.59139654 33.699632998247999 CIV 87
72.96127799 -96.76937727 26.714119015999053 SOM 88
-9.265424781 -122.6834957 20.88447149161146 SSD 89
336.1333291 -232.037969 7.3160324182542684 TLS 90
57.75502324 114.9544425 1.2443781621195815 LIE 91
-32.59135631 142.9972116 21.43952368190336 BEL 92
-62.50797251 -126.3086734 15.498300193355377 COG 93
53.2561877 -191.8307663 51.503024119408458 TZA 94
81.95686136 134.8706106 20.317769221632126 CZE 95
282.1096919 -198.4158779 36.735232949191008 MYS 96
110.8517561 114.8842202 15.098083179099644 SVK 97
11.05500384 -148.7098914 43.713866559415592 UGA 98
359.993249 102.6310941 32.078087891570178 PRK 99
-10.44047502 129.8396533 5.0748022272783357 LUX 100
-155.787905 -58.53913946 23.22454234302446 BEN 101
85.58751397 52.20171314 20.168303373972602 GRC 102
40.45909638 117.2306974 18.601158916192968 CHE 103
-198.5546016 25.03373368 26.432728327444451 SEN 104
62.42046417 -19.59244192 21.116832849381122 JOR 105
-38.44511 166.9869638 26.324593283299887 NLD 106
135.3971278 -80.65216001 13.515899445744749 OMN 107
29.28650946 63.60139189 48.120519234662289 ITA 108
294.2369265 -172.8040972 17.328067322333666 LAO 109
164.277793 62.8431356 10.453205380069374 ARM 110
-4.220669324 80.68421513 1.1942482260115264 MCO 111
140.3484553 -62.89717528 19.347453128436602 ARE 112
73.22176111 14.38100123 14.534966062107987 PSE 113
188.8374096 183.9918804 20.43077159041167 SWE 114
142.3165789 80.38626674 11.625204021819526 MDA 115
-83.64325064 84.78417025 43.233246755155612 ESP 116
-121.3841744 -108.7995651 93.824250225672941 NGA 117
73.15556674 60.54624375 10.55503888936032 ALB 118
4.534338611 -239.7127753 6.900410717382937 SWZ 119
173.3575434 83.5228531 12.109364060164401 GEO 120
-65.08225132 -23.66592484 16.460338010442232 LBY 121
329.8499208 -177.590878 20.1571877413366 PNG 122
139.6837459 137.8228659 40.170840382954083 POL 123
77.24259019 110.3572599 18.771797818654669 AUT 124
300.755849 -157.311295 17.166224104648915 HKG 125
186.9442013 159.5941437 7.2136660185443509 EST 126
179.5257205 168.6309113 14.673779446007559 NOR 127
75.15901299 67.83666669 4.9631652484305366 MNE 128
116.7203034 -44.24895972 42.306690389331351 IRQ 129
-213.965562 17.03731433 9.1975944702771741 GNB 130
-149.7078565 4.519589813 30.269287604609637 MLI 131
196.0377923 92.90775187 27.770536099467865 KAZ 132
