26.53542422 48.0216035 44.533807217745306 HRV 0
63.54355331 42.75622612 46.996992309527926 UZB 1
37.79250836 44.0737734 41.283221069846888 BGR 2
-26.82833894 9.405900265 7.8192686958681321 ESH 3
11.6137966 -0.7398301959 41.144141883759261 GNQ 4
33.25173786 45.91101229 47.562754637560218 SRB 5
1.109148778 6.868436886 48.517286333017566 BFA 6
3.977716241 -0.0889068677 67.885934341846365 TGO 7
61.42744719 41.20634583 19.54817173967033 TKM 8
32.98416244 61.23896266 28.529617402176342 LVA 9
11.20386944 65.14529484 81.260223955657779 DEU 10
96.20289783 5.114310296 62.370616214222537 THA 11
53.2933798 43.47092484 59.066540424000038 AZE 12
92.81878655 46.10258527 64.715963728167878 CHN 13
11.86450758 -3.109333505 16.237930984916545 GAB 14
68.42622521 30.91796623 92.95150523365362 PAK 15
26.45638831 0.1342859137 125.77847256289328 RWA 16
46.43793685 37.74607319 59.195789025863917 SYR 17
31.0519075 -16.2383486 27.714316641600973 ZMB 18
12.90292487 70.42045161 63.973613362656039 DNK 19
76.32592632 31.76002853 77.258569148282902 NPL 20
14.00498141 18.27964994 47.118798973368882 TUN 21
84.60711351 25.56650931 191.81129906251886 BGD 22
76.27489156 45.9148457 31.15465914825036 KGZ 23
27.33978629 16.44652758 56.011567205046987 EGY 24
3.724191498 11.50639305 23.046954582448855 DZA 25
8.094844084 7.726545424 24.415658677317786 NER 26
63.27392363 31.53426179 42.334317948036556 AFG 27
50.53955234 15.39455277 42.514464795643661 YEM 28
-42.74531518 45.88412948 55.669404154608429 PRT 29
20.26730627 -0.2846326373 35.349235211658097 COD 30
56.88175388 22.45923461 81.845933020002008 KWT 31
-51.40832474 30.16287936 364.84451337081953 GIB 32
104.4393364 -4.016757462 51.571619014831185 KHM 33
120.8500356 -7.510053793 63.973613362656039 IDN 34
69.99693829 39.98331709 45.003270962534728 TJK 35
-14.06789972 0.6100170028 58.088009882856824 SLE 36
45.61439001 42.04305882 55.08284928911408 TUR 37
37.06222016 55.43291314 35.992001226004987 BLR 38
31.33008102 51.38419355 55.497531548808638 HUN 39
33.96436239 42.03879271 47.843126988086951 MKD 40
118.8504979 -0.6686563474 48.752999233091558 BRN 41
20.20182474 -32.04630755 37.141526305373105 ZAF 42
19.48525522 12.23329314 20.030915338092207 TCD 43
18.60851803 48.32689993 124.60330363242798 SMR 44
-33.45268826 55.92145969 57.226417215971679 FRA 45
37.69013165 -17.42863297 34.528955635735002 MOZ 46
37.82922406 8.960662321 55.703715038700238 ETH 47
38.94338486 18.14796027 29.257024475064838 ERI 48
-35.94555553 51.68893154 68.697293081976909 AND 49
29.88540008 45.66566396 41.651828571755829 BIH 50
19.90186273 -11.71921769 28.529617402176342 AGO 51
46.2070937 64.37522274 22.459139436763884 FIN 52
28.91718806 13.32783545 26.731722809052243 SDN 53
76.6772989 23.44376219 23.941523083243005 BTN 54
91.88372363 19.2925147 48.121865833357347 MMR 55
90.49525226 50.70848176 7.8192686958681321 MNG 56
153.4603288 37.52677205 121.21442841543978 KOR 57
17.5225746 2.888086257 16.000868173434725 CAF 58
32.03171384 20.76809532 108.3469652742113 ISR 59
120.6135046 30.40695729 769.84065818877934 MAC 60
108.3866325 -0.08488822127 93.463977444750384 VNM 61
-25.88152322 11.4494131 48.438460470505902 MAR 62
38.59503996 37.62218789 120.37611148541555 LBN 63
50.53393474 18.32581428 21.855520422871578 SAU 64
58.22202591 28.7659443 38.998480138170763 IRN 65
46.33726794 10.32669716 36.831577690765926 DJI 66
30.37065869 60.21100975 34.694563087686532 LTU 67
76.0530161 67.5053039 15.638537391736264 RUS 68
29.4967355 -19.34278731 34.528955635735002 ZWE 69
-25.42313817 7.690829549 11.398444904619073 MRT 70
24.07650896 -24.25808443 11.398444904619073 BWA 71
62.24390419 25.87507278 80.906763280762021 QAT 72
-30.40641369 6.644431172 87.115567062965226 GMB 73
73.04882926 19.46841734 115.3507783217006 IND 74
14.48692289 1.85493235 40.957968340926769 CMR 75
21.25821523 23.22774228 180.55358533300256 VAT 76
-8.355382151 -1.533598965 39.48537140414976 LBR 77
-0.7573179059 2.300095177 64.44970263401359 GHA 78
36.52676479 47.59882951 48.948559581871748 ROU 79
43.21644254 49.21950774 41.926157520964892 UKR 80
25.34660296 -9.130091178 119.48395225328625 BDI 81
41.47024999 1.452024787 51.7934334536032 KEN 82
-10.91824141 2.688615062 39.966331539934984 GIN 83
38.2814976 -13.15112154 78.412295499309153 MWI 84
22.78021645 53.69407589 53.996848705407075 SVN 85
31.79657698 -27.7747685 46.09390916489771 LSO 86
-4.671613634 0.4503410506 50.144013609131548 CIV 87
53.15869597 11.54631195 28.327992137877231 SOM 88
29.90000827 10.82520875 22.029670749283277 SSD 89
125.2219521 -8.214037174 50.334169822804569 TLS 90
14.15205085 57.71419115 82.774447501992341 LIE 91
-20.16369613 67.32665477 103.3837733091176 BEL 92
15.97402978 -1.176956348 22.288345023189358 COG 93
40.92971774 -9.161954619 45.927804447494381 TZA 94
22.06344057 58.98891877 61.351369429556172 CZE 95
116.8828241 -4.107379901 53.784122276120684 MYS 96
28.18804181 54.72183686 57.19301982928323 SVK 97
30.83975482 6.730633781 81.915936681853537 UGA 98
139.4349132 56.27049237 77.554769221780816 PRK 99
2.264253577 65.71745515 83.920645066883992 LUX 100
4.568815973 4.725225921 58.022187754200388 BEN 101
32.4977495 35.28817634 47.118798973368882 GRC 102
8.002920437 59.82426584 78.509702115123986 CHE 103
-25.32764129 5.296229869 50.561413279819419 SEN 104
42.316887 19.15994379 59.453443296950098 JOR 105
2.762393893 74.24693389 120.37611148541555 NLD 106
67.95748188 18.80282004 20.408890465097933 OMN 107
20.78695895 39.3438807 74.257326877469239 ITA 108
101.2550408 6.688492272 30.283897438618197 LAO 109
49.72885711 41.23752517 51.977555731593327 ARM 110
-10.71259377 36.29609483 708.90360667738537 MCO 111
66.56310065 22.45290948 60.913809504175333 ARE 112
40.34830294 27.19506228 157.1775121867293 PSE 113
43.10364824 62.06443425 26.87429300851052 SWE 114
40.39065406 46.91894288 53.784122276120684 MDA 115
-38.96157923 48.01776006 51.311623600559329 ESP 116
9.948855625 3.923007379 82.496990472722388 NGA 117
31.19363859 39.02367974 53.499171279035693 ALB 118
32.77010115 -21.70957305 44.145987288253025 SWZ 119
48.37048927 44.57400804 38.555021222074046 GEO 120
19.93834194 15.55387118 10.343920201829693 LBY 121
146.6865715 -14.10788984 25.110081248375081 PNG 122
26.83360314 59.04330792 60.913809504175333 POL 123
19.00373668 55.71792432 54.839503230079146 AUT 124
159.400037 5.945995991 444.48777161398789 HKG 125
33.98816254 63.23232149 29.257024475064838 EST 126
40.55837206 61.44462745 20.408890465097933 NOR 127
29.85496115 42.66469757 35.938876471991861 MNE 128
54.59084255 29.72609168 53.890590454769722 IRQ 129
-25.42172955 0.9078747257 46.010931763381734 GNB 130
-0.7249376611 8.894454422 22.963902223747191 MLI 131
66.60737721 57.14026264 14.23128383993285 KAZ 132
