75.7706586 85.40518693 12.557061120706921 HRV 0
205.5693871 62.81803571 37.190267079057826 UZB 1
107.7090271 80.85567525 16.219054210516582 BGR 2
-145.2919739 45.38036588 4.8067563876665504 ESH 3
-70.32237291 -109.4956831 8.2122012116535252 GNQ 4
91.65546005 80.40717731 16.768756670155742 SRB 5
-164.1235812 -30.59009768 30.241677316167273 BFA 6
-167.858463 -79.58265078 18.870849556599598 TGO 7
182.3437405 51.35466628 16.009163623128554 TKM 8
179.1126064 156.8069231 8.4843270967260729 LVA 9
44.46820908 158.9175226 57.238547839388026 DEU 10
233.1225258 -198.5532725 53.143183431408069 THA 11
178.19568 68.50681205 20.237889446289813 AZE 12
322.3895324 -22.94499916 236.80474093456917 CHN 13
-71.6341653 -118.1612411 9.789922219419763 GAB 14
196.7371044 -126.2015264 97.25798843362314 PAK 15
16.7796279 -180.9023844 23.545605091055275 RWA 16
101.2140977 -4.314576686 30.225840536078788 SYR 17
-26.22009709 -200.887448 28.444318200884272 ZMB 18
14.51637764 187.8758664 15.2478088008267 DNK 19
104.0100972 -128.1285624 34.860711515510097 NPL 20
-57.00906554 11.8736566 22.136663020574257 TUN 21
166.3356089 -208.2642963 82.479617937764189 BGD 22
231.341569 66.47255095 16.276737746062985 KGZ 23
-7.882033272 12.15484395 66.584789381892961 EGY 24
-108.2702331 16.24703472 42.35386041920701 DZA 25
-103.7280199 -38.14924927 32.710506560757047 NER 26
191.8356721 11.9288513 40.760695937709116 AFG 27
111.8172212 -94.05094063 36.810586215824081 YEM 28
-115.1107145 93.91801656 20.076669064768613 PRT 29
-40.17981566 -157.6025634 63.422018311371339 COD 30
126.1410078 -69.63414547 13.020670410425378 KWT 31
-71.86773934 60.41934899 1.1329633457435904 GIB 32
311.9822742 -204.2571947 25.816605213989654 KHM 33
267.3180826 -267.2523428 104.48136402769953 IDN 34
212.0108221 35.74289464 19.974416800942763 TJK 35
-222.2978962 -4.816716835 18.595133539528913 SLE 36
123.46861 48.28719136 58.098497280179103 TUR 37
170.8693426 132.6934374 19.3284881314313 BLR 38
105.6751773 98.36482325 19.987163229818361 HUN 39
87.39100999 66.33132052 9.0569604257762002 MKD 40
289.1457557 -158.0022472 4.2198916596449774 BRN 41
-50.80115292 -233.616333 48.747317566996678 ZAF 42
-50.26498136 -64.1583608 26.813465849264972 TCD 43
-15.38849591 84.01469376 1.1508063858912092 SMR 44
-26.45083214 107.2548853 50.468822644874962 FRA 45
27.63427371 -236.864335 36.514378401015769 MOZ 46
25.5153551 -94.8805858 70.546041612587103 ETH 47
39.21298418 -57.02550322 12.142968576167476 ERI 48
-45.03024768 73.74089412 1.7770982283583625 AND 49
79.41138869 74.40759846 11.238449618691737 BIH 50
-86.89003723 -173.5901559 37.985730249503682 AGO 51
200.6047264 171.5181722 14.769275929636084 FIN 52
-16.49119729 -58.57180532 43.500575062320337 SDN 53
243.1898524 -148.6570289 5.565028320431276 BTN 54
264.7411507 -161.8694753 46.332917598525327 MMR 55
294.2078945 103.369622 11.644467007726591 MNG 56
425.9609957 77.9751846 45.13134315363525 KOR 57
-40.4327081 -104.8923389 15.029101654374699 CAF 58
52.05769979 -3.018138005 18.996217189388506 ISR 59
266.0081233 -136.7825837 5.2620541529842972 MAC 60
371.121516 -181.3264917 62.357436562825313 VNM 61
-118.5099987 65.51259558 38.579420067195542 MAR 62
59.35313999 11.57326971 14.511818404630572 LBN 63
85.48960551 -67.79718588 38.121459497544961 SAU 64
145.9199549 -4.232615406 59.22384170286221 IRN 65
53.30580677 -69.55356867 6.6859618848297169 DJI 66
172.7656646 147.0133779 10.340522835179389 LTU 67
253.7688551 118.5988668 75.375622048486363 RUS 68
-15.64679572 -224.9896081 25.603029953893035 ZWE 69
-159.093145 32.85989037 13.83031670550182 MRT 70
-44.79727755 -204.0361393 10.258426419874205 BWA 71
109.6618159 -69.50215176 10.336581335956653 QAT 72
-219.125508 8.972644793 10.444430594358346 GMB 73
115.6859706 -355.3482947 237.05012914518309 IND 74
-60.33274923 -91.7771348 33.567875577731229 CMR 75
-15.7485366 45.89104844 0.14273996463758234 VAT 76
-224.5213623 -20.82352143 14.598607327398124 LBR 77
-185.8247892 -59.39706949 36.635262367418953 GHA 78
128.9702369 94.30226215 27.972298945107518 ROU 79
163.2984286 105.7109359 38.017095393994964 UKR 80
-2.911612566 -191.9662291 22.819205598105199 BDI 81
54.87966683 -143.7478059 46.5542406551113 KEN 82
-201.9920332 -1.625309206 23.625512441898575 GIN 83
17.2665616 -206.8586299 28.693573347859068 MWI 84
76.61591283 95.92997534 9.130896023358769 SVN 85
-2.292050027 -207.9000704 9.5742239410731038 LSO 86
-202.7095793 -29.60708665 33.699632998247999 CIV 87
72.83088989 -96.71266717 26.714119015999053 SOM 88
-9.27642515 -122.6468503 20.88447149161146 SSD 89
336.1333291 -232.037969 7.3160324182542684 TLS 90
57.69126015 114.9629233 1.2443781621195815 LIE 91
-32.59135631 142.9972116 21.43952368190336 BEL 92
-62.28905784 -126.1764897 15.498300193355377 COG 93
53.18666508 -191.5570065 51.503024119408458 TZA 94
81.95686136 134.8706106 20.317769221632126 CZE 95
282.0965828 -198.3977747 36.735232949191008 MYS 96
110.8606107 114.641317 15.098083179099644 SVK 97
11.20248283 -148.6349694 43.713866559415592 UGA 98
360.6433791 106.0141012 32.078087891570178 PRK 99
-10.44047502 129.8396533 5.0748022272783357 LUX 100
-155.7841736 -58.53216105 23.22454234302446 BEN 101
85.31261301 52.13970251 20.168303373972602 GRC 102
40.38719974 117.1575767 18.601158916192968 CHE 103
-198.5718492 25.02663151 26.432728327444451 SEN 104
62.41649288 -19.57326361 21.116832849381122 JOR 105
-38.44511 166.9869638 26.324593283299887 NLD 106
135.567631 -80.67017728 13.515899445744749 OMN 107
29.17040054 63.73788115 48.120519234662289 ITA 108
294.2385966 -172.7991414 17.328067322333666 LAO 109
164.3620471 62.85855697 10.453205380069374 ARM 110
-4.220669324 80.68421513 1.1942482260115264 MCO 111
140.4476029 -62.9254512 19.347453128436602 ARE 112
73.21200086 14.38567425 14.534966062107987 PSE 113
188.8475695 183.9860352 20.43077159041167 SWE 114
142.3204241 80.393325 11.625204021819526 MDA 115
-83.67351827 84.82277106 43.233246755155612 ESP 116
-121.138498 -108.4686827 93.824250225672941 NGA 117
72.94798579 60.55678218 10.55503888936032 ALB 118
4.563905603 -239.5763981 6.900410717382937 SWZ 119
173.4816938 83.53312476 12.109364060164401 GEO 120
-65.08225132 -23.66592484 16.460338010442232 LBY 121
329.8499208 -177.590878 20.1571877413366 PNG 122
139.6648027 137.8256015 40.170840382954083 POL 123
77.20415231 110.4211953 18.771797818654669 AUT 124
300.7597737 -157.3234092 17.166224104648915 HKG 125
186.9442013 159.5941437 7.2136660185443509 EST 126
179.5257205 168.6309113 14.673779446007559 NOR 127
74.98838471 67.8765609 4.9631652484305366 MNE 128
116.8465582 -44.34603134 42.306690389331351 IRQ 129
-213.9603582 17.02042307 9.1975944702771741 GNB 130
-149.7078565 4.519589813 30.269287604609637 MLI 131
196.0882608 92.98929155 27.770536099467865 KAZ 132
