-94.93675688 10.02411082 1.2870201963151975 ECU 0
-89.90629668 9.843542208 0.30077178998940923 SUR 1
-90.47396431 8.633232957 0.76580293437999825 BRA 2
-91.39551749 6.540424676 0.61437111181820625 ARG 3
-99.49379381 18.84752889 1.1500614066522217 NIC 4
-107.0317638 27.82410004 0.63925443438645801 BLZ 5
-91.66003081 7.633922394 0.5088352006513458 BOL 6
-102.3352684 21.44772376 1.4628512237532525 HND 7
-90.38089451 7.248101671 0.62444344065346991 PRY 8
-107.4380178 33.43251146 0.31097032563033344 CAN 9
-89.2754046 6.586877394 0.66555243040151468 URY 10
-106.4631378 16.06958321 2.635121724915598 SLV 11
-109.7736711 28.36969648 1.2223789378600851 MEX 12
-99.24871799 14.43156515 1.5193364652389709 CRI 13
-94.89589711 13.50889993 1.1662223122913147 PAN 14
-107.5740013 23.59012221 1.9532207529788344 GTM 15
-90.93539619 11.28180152 0.85982936775297003 VEN 16
-93.40829801 6.431331871 0.77188888122502408 CHL 17
-92.92475122 7.901445405 0.777927217426298 PER 18
-108.3173657 31.59957423 0.91603958536610686 USA 19
-92.69833572 10.60894054 1.0298585052153477 COL 20
-89.32661486 9.954158984 0.29021508555592179 GUF 21
-90.28522415 10.31622349 0.30591356056578212 GUY 22
