-4.232780267 94.26170698 12.557061120706921 HRV 0
112.9360528 91.18141077 37.190267079057826 UZB 1
20.65609543 71.1384742 16.219054210516582 BGR 2
-109.7681512 40.76048099 4.8067563876665504 ESH 3
-52.92508476 -63.8275858 8.2122012116535252 GNQ 4
14.56854149 80.71059193 16.768756670155742 SRB 5
-109.0701952 8.638585021 30.241677316167273 BFA 6
-91.26320873 -36.55232298 18.870849556599598 TGO 7
88.90710555 78.07443418 16.009163623128554 TKM 8
80.37711656 163.1263555 8.4843270967260729 LVA 9
-24.59469117 129.3550175 57.238547839388026 DEU 10
207.1075114 -83.83762687 53.143183431408069 THA 11
94.33181876 99.56896235 20.237889446289813 AZE 12
218.2869312 55.65310129 236.80474093456917 CHN 13
-51.68556832 -70.37341561 9.789922219419763 GAB 14
129.5916632 -15.49160501 97.25798843362314 PAK 15
7.582664513 -79.18833198 23.545605091055275 RWA 16
40.3150764 48.27167243 30.225840536078788 SYR 17
-6.899726103 -107.7988049 28.444318200884272 ZMB 18
-4.52530129 143.7774271 15.2478088008267 DNK 19
163.0280853 -46.54353296 34.860711515510097 NPL 20
-46.59460006 52.72214573 22.136663020574257 TUN 21
160.3334955 -86.57991258 82.479617937764189 BGD 22
130.9144263 88.34187454 16.276737746062985 KGZ 23
-7.141556387 28.41302016 66.584789381892961 EGY 24
-77.62154279 50.75102102 42.35386041920701 DZA 25
-55.58603412 31.57999212 32.710506560757047 NER 26
112.8095341 54.02371362 40.760695937709116 AFG 27
75.4024878 -27.90541541 36.810586215824081 YEM 28
-96.91256909 73.67968583 20.076669064768613 PRT 29
-21.82777959 -80.53805646 63.422018311371339 COD 30
75.51673707 2.38633274 13.020670410425378 KWT 31
-67.16778742 61.1048941 1.1329633457435904 GIB 32
241.9743496 -78.02279836 25.816605213989654 KHM 33
234.7108737 -148.6304807 104.48136402769953 IDN 34
126.2326183 76.66403431 19.974416800942763 TJK 35
-146.441303 -21.16191135 18.595133539528913 SLE 36
44.74600771 79.0399161 58.098497280179103 TUR 37
79.6305929 146.6104444 19.3284881314313 BLR 38
26.14577309 105.7321066 19.987163229818361 HUN 39
10.30379725 67.31549735 9.0569604257762002 MKD 40
235.7617909 -61.15760897 4.2198916596449774 BRN 41
-17.16797213 -141.8690095 48.747317566996678 ZAF 42
-15.74856007 -5.018197594 26.813465849264972 TCD 43
-23.17018896 85.65522205 1.1508063858912092 SMR 44
-50.75599058 101.001811 50.468822644874962 FRA 45
30.17345056 -124.856086 36.514378401015769 MOZ 46
40.35481888 -39.86997173 70.546041612587103 ETH 47
43.63865384 -10.61133199 12.142968576167476 ERI 48
-43.45641094 70.23179703 1.7770982283583625 AND 49
4.55378089 86.26991132 11.238449618691737 BIH 50
-32.25633799 -114.3965993 37.985730249503682 AGO 51
97.59880978 170.8207804 14.769275929636084 FIN 52
11.11106011 -4.121880648 43.500575062320337 SDN 53
181.5669435 -22.26123873 5.565028320431276 BTN 54
222.648146 -50.15095248 46.332917598525327 MMR 55
188.2088242 137.889695 11.644467007726591 MNG 56
321.6484592 88.67870148 45.13134315363525 KOR 57
-22.86434423 -44.45636923 15.029101654374699 CAF 58
21.89515386 29.00625234 18.996217189388506 ISR 59
229.4793238 -33.58855075 5.2620541529842972 MAC 60
268.3687145 -63.48153947 62.357436562825313 VNM 61
-104.8798434 54.9071768 38.579420067195542 MAR 62
20.14602962 44.19330034 14.511818404630572 LBN 63
60.11568374 -5.568600289 38.121459497544961 SAU 64
91.23663394 28.19677171 59.22384170286221 IRN 65
59.01197008 -21.22164313 6.6859618848297169 DJI 66
77.44258521 156.8690166 10.340522835179389 LTU 67
162.4192504 152.6235384 75.375622048486363 RUS 68
1.101150241 -124.4288077 25.603029953893035 ZWE 69
-118.161977 26.39802769 13.83031670550182 MRT 70
-11.0802192 -120.6326917 10.258426419874205 BWA 71
76.43019572 -8.42089929 10.336581335956653 QAT 72
-148.2338396 1.848842782 10.444430594358346 GMB 73
106.9068956 -183.3682123 237.05012914518309 IND 74
-38.52788913 -50.31988384 33.567875577731229 CMR 75
-24.4274761 42.96350453 0.14273996463758234 VAT 76
-137.6142297 -41.81734272 14.598607327398124 LBR 77
-105.4427915 -23.96545029 36.635262367418953 GHA 78
42.56369479 108.519887 27.972298945107518 ROU 79
80.26650693 126.5756594 38.017095393994964 UKR 80
4.592462488 -94.56970251 22.819205598105199 BDI 81
62.15991755 -73.30405234 46.5542406551113 KEN 82
-134.49361 -6.501559653 23.625512441898575 GIN 83
12.79749347 -109.8690803 28.693573347859068 MWI 84
-2.070375384 102.8116217 9.130896023358769 SVN 85
12.994122 -128.2868702 9.5742239410731038 LSO 86
-129.4035973 -26.01280417 33.699632998247999 CIV 87
76.82963487 -49.37259104 26.714119015999053 SOM 88
9.157628915 -32.22246526 20.88447149161146 SSD 89
272.18182 -142.0893443 7.3160324182542684 TLS 90
-18.9581765 98.60983273 1.2443781621195815 LIE 91
-53.59674496 125.3347017 21.43952368190336 BEL 92
-43.95956275 -65.9893111 15.498300193355377 COG 93
33.51792618 -90.23647471 51.503024119408458 TZA 94
9.671425437 114.4083166 20.317769221632126 CZE 95
233.0848659 -99.75276847 36.735232949191008 MYS 96
27.58038168 121.4874518 15.098083179099644 SVK 97
1.956043045 -53.39410981 43.713866559415592 UGA 98
268.764336 138.6120798 32.078087891570178 PRK 99
-33.38587875 109.0755584 5.0748022272783357 LUX 100
-96.96637857 -5.428390155 23.22454234302446 BEN 101
10.95915264 55.73807869 20.168303373972602 GRC 102
-29.52860391 90.56359172 18.601158916192968 CHE 103
-138.7406604 15.1733432 26.432728327444451 SEN 104
33.93943033 9.806535998 21.116832849381122 JOR 105
-51.1349633 142.1039353 26.324593283299887 NLD 106
88.14016801 -14.55219066 13.515899445744749 OMN 107
-26.8347676 66.2756702 48.120519234662289 ITA 108
248.87811 -44.64007629 17.328067322333666 LAO 109
85.93965396 89.76244051 10.453205380069374 ARM 110
-10.13899429 69.16284902 1.1942482260115264 MCO 111
85.80867258 -3.667552815 19.347453128436602 ARE 112
33.15800541 30.86887747 14.534966062107987 PSE 113
86.9392073 177.5349772 20.43077159041167 SWE 114
56.19736946 102.4749165 11.625204021819526 MDA 115
-74.88904052 80.17027543 43.233246755155612 ESP 116
-57.39000242 -11.35349776 93.824250225672941 NGA 117
3.953129737 64.55874032 10.55503888936032 ALB 118
15.78708585 -133.3016138 6.900410717382937 SWZ 119
88.06320872 110.1821892 12.109364060164401 GEO 120
-36.25849197 32.25931599 16.460338010442232 LBY 121
268.8837708 -118.8530581 20.1571877413366 PNG 122
50.18454625 142.0995845 40.170840382954083 POL 123
-4.847862661 111.7599889 18.771797818654669 AUT 124
240.0861946 -36.7991421 17.166224104648915 HKG 125
86.58557125 167.7205053 7.2136660185443509 EST 126
77.03511469 170.4667503 14.673779446007559 NOR 127
3.564566379 79.69570688 4.9631652484305366 MNE 128
56.22465875 29.53948561 42.306690389331351 IRQ 129
-141.7275425 3.290595679 9.1975944702771741 GNB 130
-103.0490686 29.53251449 30.269287604609637 MLI 131
106.9361719 116.0284122 27.770536099467865 KAZ 132
