0.4570687463 96.80591139 28.537990747697954 HRV 0
97.18246206 68.52161981 30.116439969779236 UZB 1
54.38554146 68.91850618 26.454962073330357 BGR 2
-48.61405804 0.6634924545 5.010715041841995 ESH 3
-16.07388491 -31.51462605 26.365837860205033 GNQ 4
42.47424322 71.72624542 30.47898970651816 SRB 5
-46.80739695 -8.503039355 31.090669201158288 BFA 6
-30.15268777 -33.99675542 43.502415068040477 TGO 7
88.13134011 65.04603872 12.526787604604987 TKM 8
78.05637195 109.3573717 18.282244620986376 LVA 9
-16.59129289 129.1265345 52.072878208319693 DEU 10
132.1314062 -34.21420127 39.968109165848851 THA 11
87.45481648 77.62380717 37.850803455379669 AZE 12
138.2345299 63.18411198 41.471046144172696 CHN 13
-11.22419933 -36.83521338 10.405531284211813 GAB 14
98.77028289 40.69585521 59.564842129320823 PAK 15
19.21740098 -26.36599849 80.600898744385262 RWA 16
67.10125205 58.72088974 37.933628069635212 SYR 17
11.56590426 -64.5020512 17.759786582576918 ZMB 18
5.130077104 147.1607391 40.995335909946881 DNK 19
120.2035096 62.49791735 49.508552474614177 NPL 20
-16.36584592 7.747242518 30.19449566864866 TUN 21
133.0871905 30.78654261 122.91581205230848 BGD 22
108.1341796 68.9308658 19.964414229695002 KGZ 23
2.884414097 16.45554374 35.893126739560699 EGY 24
-29.7126938 6.380880722 14.768864773242742 DZA 25
-14.45914325 -1.373838557 15.645952703424003 NER 26
92.94365154 58.04463752 27.128522113639942 AFG 27
69.50259698 -3.630216965 27.243963154759381 YEM 28
-111.7157759 68.02841765 35.673863070504133 PRT 29
-0.2319976311 -31.86806425 22.6523670540011 COD 30
80.64213839 26.10137855 52.448210139348106 KWT 31
-173.2825897 3.417300663 233.79832081313785 GIB 32
147.5143078 -29.70049166 33.047935450320651 KHM 33
148.0027485 -50.13029505 40.995335909946881 IDN 34
103.9717596 59.18852763 28.838830780073092 TJK 35
-68.3442825 -33.55917935 37.223745108606629 SLE 36
66.64083332 73.04982284 35.297989136289736 TUR 37
78.79533721 101.1283539 23.064262010133788 BLR 38
47.33476187 83.72092119 35.563724298623939 HUN 39
39.16510089 60.22356353 30.658656886243435 MKD 40
159.3768006 -33.93896291 31.241717875899614 BRN 41
17.10188263 -80.25515418 23.800896448749473 ZAF 42
-0.4691959744 -4.171126169 12.836137584002028 TCD 43
-22.90253448 85.3736681 79.847831307310187 SMR 44
-70.35171892 101.0036358 36.671622460846834 FRA 45
49.00399029 -77.52489989 22.126718509430216 MOZ 46
35.75297572 -1.562357738 35.695850045208161 ETH 47
39.41095497 10.16415269 18.7483789493274 ERI 48
-67.14899384 85.36609246 44.022346995388965 AND 49
20.44590433 90.03016034 26.691171778635322 BIH 50
-3.885988899 -44.18433996 18.282244620986376 AGO 51
92.64046297 97.38421538 14.392183230905879 FIN 52
12.99927245 4.481772367 17.13012441233149 SDN 53
108.4368928 15.9303128 15.342118873751685 BTN 54
150.5385428 6.272067807 30.837277289131155 MMR 55
114.1019256 91.4390697 5.010715041841995 MNG 56
241.9448286 12.45681355 77.676184739690541 KOR 57
3.319851218 -12.11798074 10.253617564201088 CAF 58
23.45552221 17.81623607 69.430504277759582 ISR 59
338.9717142 -46.89335568 493.32646259444425 MAC 60
157.0751476 -13.74111265 59.893242689085007 VNM 61
-47.66809187 8.6503571 31.040156301507803 MAR 62
13.08523885 69.81551028 77.138977564123607 LBN 63
61.73685893 4.367954801 14.005374311799255 SAU 64
85.70623871 50.85382927 24.990862782419555 IRN 65
59.1707543 -3.700517256 23.602276316123458 DJI 66
70.22438343 108.0935475 22.23284246843593 LTU 67
101.1345874 98.87964911 10.02143008368399 RUS 68
16.09342121 -71.31324869 22.126718509430216 ZWE 69
-49.735269 -1.470831362 7.3043095919396075 MRT 70
10.68477203 -69.32844314 7.3043095919396075 BWA 71
93.82825721 7.756401997 51.846374837059365 QAT 72
-86.1413784 -29.6197399 55.825077668920258 GMB 73
95.76827092 -17.05603691 73.918662026558764 IND 74
-1.82342676 -17.19894248 26.246534814389989 CMR 75
-26.07866941 34.78059588 115.70168529502678 VAT 76
-60.98050922 -43.34052997 25.302870654904186 LBR 77
-42.8196026 -23.26202619 41.300421687918899 GHA 78
58.87798156 90.0326651 31.367036140219717 ROU 79
87.69927134 90.81994977 26.866966248128421 UKR 80
27.99064927 -55.86079811 76.567267362310048 BDI 81
57.98778737 -28.89449748 33.190077764145322 KEN 82
-58.3990971 -20.0784399 25.611077762325817 GIN 83
55.94515149 -64.53573782 50.247879156700158 MWI 84
1.125067887 109.1595685 34.602062231627954 SVN 85
34.57022683 -77.1984672 29.537729546485483 LSO 86
-53.93106199 -32.43549781 32.133102598504621 CIV 87
64.58992829 -11.16885212 18.15303985978268 SOM 88
18.83031113 -2.349932249 14.116972684234538 SSD 89
162.7744547 -48.51994651 32.254957804817671 TLS 90
-30.05554408 111.1106083 53.043217378827713 LIE 91
-61.37765072 127.1853669 66.25000983482235 BEL 92
-7.101192425 -34.12277833 14.282735382207104 COG 93
48.15124711 -50.8601385 29.431286931659752 TZA 94
19.22822762 113.9440904 39.314959185470592 CZE 95
133.2849198 -48.85322268 34.465743662657282 MYS 96
36.16785074 92.38461031 36.650220870193635 SVK 97
44.27419364 -19.23499907 52.493069628779978 UGA 98
156.0560486 85.87817815 49.698362317631073 PRK 99
-37.16152328 131.9056344 53.777719491839861 LUX 100
-33.21198053 -8.364945654 37.181565213916137 BEN 101
24.89156648 37.48302266 30.19449566864866 GRC 102
-46.06830243 98.64161976 50.310298906426482 CHE 103
-61.11935938 -8.396470661 32.400579122170356 SEN 104
50.43112047 8.603762953 38.098737133147701 JOR 105
-29.45472308 156.3485675 77.138977564123607 NLD 106
76.62560242 -0.1733069931 13.078350216409746 OMN 107
-10.51763355 62.79345745 47.585307427602821 ITA 108
161.3129386 7.9425761 19.406415909645048 LAO 109
78.79944845 66.6409053 33.308066325960112 ARM 110
78.8277516 -177.498677 454.27700509530524 MCO 111
70.91123731 9.454472429 39.034563641451086 ARE 112
50.56272346 37.168832 100.72191597272028 PSE 113
86.85274049 99.57755927 17.221485723821072 SWE 114
71.53442041 92.46409253 34.465743662657282 MDA 115
-80.99265122 59.69328736 32.881326144031945 ESP 116
-17.25407393 -15.8431429 52.865418384560847 NGA 117
12.32232656 38.71712498 34.283142411464119 ALB 118
43.39931698 -85.66336212 28.289469405125189 SWZ 119
75.35948013 80.92947308 24.706687068839141 GEO 120
-9.125294374 6.459073715 6.6285529456622623 LBY 121
157.6879285 -56.50447254 16.090950024469048 PNG 122
52.71926318 106.715404 39.034563641451086 POL 123
-13.00483994 108.3984184 35.142049008662916 AUT 124
220.9658289 -145.5524603 284.83502099345412 HKG 125
84.59130441 112.494261 18.7483789493274 EST 126
80.66328037 94.29554424 13.078350216409746 NOR 127
11.42183006 50.0524436 23.030218800419412 MNE 128
76.05468608 44.31220139 34.533970209790922 IRQ 129
-69.26893534 -19.40859258 29.484556272860946 GNB 130
-44.67129964 0.2077010026 14.715643465829876 MLI 131
93.89693906 85.89731619 9.1196390321201388 KAZ 132
