-79.22649205 -1.286087621 4.7472542821757884 ECU 0
-52.41625461 14.38722838 0.87865139884746146 SUR 1
-49.57031398 0.137841675 16.374576927854349 BRA 2
-57.57090531 -24.76183421 7.5305872859570888 ARG 3
-86.11628648 11.66820723 2.9546166451499345 NIC 4
-92.99698262 24.61195681 0.71337910523848391 BLZ 5
-63.39991492 -13.02749614 3.9176719172431178 BOL 6
-86.61703227 18.77183611 3.6227725255447951 HND 7
-57.10299158 -14.86581445 2.9155880831169001 PRY 8
-104.2531448 80.87286296 6.9315283928660048 CAN 9
-47.47927461 -20.94572968 2.0592961534022747 URY 10
-91.10000776 13.9597686 2.8081764469030146 SLV 11
-108.2110725 24.25668859 12.615243031416425 MEX 12
-83.44395768 7.339873077 2.5411245245006104 CRI 13
-79.76444447 9.102241037 2.3528189967205462 PAN 14
-95.01913813 19.31630059 4.7343943900960257 GTM 15
-61.15894247 15.92004224 5.9773144476431224 VEN 16
-66.35245881 -19.7637453 4.9314512791066454 CHL 17
-73.75205484 -9.967167118 6.5237829189637537 PER 18
-94.77420801 51.86489717 20.523724091066036 USA 19
-70.20936729 5.916107362 8.0329855948055844 COL 20
-51.11453449 13.82460297 0.6220745687835374 GUF 21
-54.31312431 15.28329037 1.0040882470144172 GUY 22
