-0.6797443123 91.3286702 28.537990747697954 HRV 0
109.1236377 74.6585456 30.116439969779236 UZB 1
56.62213306 70.35462781 26.454962073330357 BGR 2
-50.3512806 4.355323384 5.010715041841995 ESH 3
-23.37591204 -30.60626699 26.365837860205033 GNQ 4
43.83165954 70.91148793 30.47898970651816 SRB 5
-49.7889211 -9.669840254 31.090669201158288 BFA 6
-34.72241663 -45.58293924 43.502415068040477 TGO 7
96.65527797 69.17233872 12.526787604604987 TKM 8
96.18223849 114.5757295 18.282244620986376 LVA 9
-18.48078784 131.3070336 52.072878208319693 DEU 10
146.3660624 -34.71154041 39.968109165848851 THA 11
95.56488527 81.64978583 37.850803455379669 AZE 12
154.8058437 69.22530405 41.471046144172696 CHN 13
-23.01355763 -42.51090181 10.405531284211813 GAB 14
111.7906855 41.46425304 59.564842129320823 PAK 15
15.26124196 -27.86383304 80.600898744385262 RWA 16
73.66082983 58.77357399 37.933628069635212 SYR 17
-7.163155613 -71.81900418 17.759786582576918 ZMB 18
3.802453211 150.2226053 40.995335909946881 DNK 19
132.1144913 71.74157642 49.508552474614177 NPL 20
-22.60493623 17.33572949 30.19449566864866 TUN 21
136.6292504 0.7994378137 122.91581205230848 BGD 22
124.9670465 85.6493324 19.964414229695002 KGZ 23
-1.177409048 15.04409564 35.893126739560699 EGY 24
-31.51325807 10.38456157 14.768864773242742 DZA 25
-24.20456954 7.17256954 15.645952703424003 NER 26
104.2989053 60.65600997 27.128522113639942 AFG 27
76.91785072 -10.53715093 27.243963154759381 YEM 28
-111.5986125 68.2204506 35.673863070504133 PRT 29
-7.634079229 -31.41055362 22.6523670540011 COD 30
91.44029923 25.28866952 52.448210139348106 KWT 31
-173.2764562 3.715314402 233.79832081313785 GIB 32
163.0094011 -30.55612353 33.047935450320651 KHM 33
163.6692304 -56.31533973 40.995335909946881 IDN 34
116.4931515 63.66193067 28.838830780073092 TJK 35
-73.90940962 -35.04488979 37.223745108606629 SLE 36
70.30083234 74.86176733 35.297989136289736 TUR 37
95.88423837 105.1972817 23.064262010133788 BLR 38
48.64269494 84.94105128 35.563724298623939 HUN 39
39.88940692 57.76945008 30.658656886243435 MKD 40
174.6159343 -39.14068652 31.241717875899614 BRN 41
4.225806971 -101.2836425 23.800896448749473 ZAF 42
0.16853971 -2.973554662 12.836137584002028 TCD 43
-30.13756973 83.35021257 79.847831307310187 SMR 44
-76.36660476 99.59299985 36.671622460846834 FRA 45
27.26848322 -91.9646962 22.126718509430216 MOZ 46
32.41316413 -5.524712942 35.695850045208161 ETH 47
40.40834323 3.712460568 18.7483789493274 ERI 48
-68.81742521 83.12410033 44.022346995388965 AND 49
17.73106195 94.66080183 26.691171778635322 BIH 50
-23.66170296 -56.40400682 18.282244620986376 AGO 51
111.0988872 101.2303246 14.392183230905879 FIN 52
11.9394864 1.292795135 17.13012441233149 SDN 53
122.382691 28.40901211 15.342118873751685 BTN 54
168.1419581 14.86015953 30.837277289131155 MMR 55
130.0708342 97.02046569 5.010715041841995 MNG 56
239.5603361 10.79603831 77.676184739690541 KOR 57
-3.367235805 -14.27313121 10.253617564201088 CAF 58
22.32718662 17.70704786 69.430504277759582 ISR 59
360.2731889 -32.26421941 493.32646259444425 MAC 60
175.6863236 -12.59811119 59.893242689085007 VNM 61
-47.7565043 12.01854641 31.040156301507803 MAR 62
19.67568049 71.443956 77.138977564123607 LBN 63
66.70615854 1.106392448 14.005374311799255 SAU 64
96.15733853 52.25482301 24.990862782419555 IRN 65
63.62131736 -9.845087318 23.602276316123458 DJI 66
87.09922542 114.1326387 22.23284246843593 LTU 67
116.9892157 104.1677679 10.02143008368399 RUS 68
3.154171762 -90.64628091 22.126718509430216 ZWE 69
-51.67956776 1.904280265 7.3043095919396075 MRT 70
-8.401674152 -85.73788465 7.3043095919396075 BWA 71
97.3151046 2.63580744 51.846374837059365 QAT 72
-95.87290757 -29.11901292 55.825077668920258 GMB 73
101.9226243 -26.53204134 73.918662026558764 IND 74
-14.44891846 -22.79327849 26.246534814389989 CMR 75
-51.1715836 44.82680718 115.70168529502678 VAT 76
-70.69322269 -51.90774681 25.302870654904186 LBR 77
-48.59547277 -32.55290331 41.300421687918899 GHA 78
63.33034876 88.10175822 31.367036140219717 ROU 79
104.5541559 94.67952839 26.866966248128421 UKR 80
12.0681897 -62.98479593 76.567267362310048 BDI 81
58.30928419 -34.64242353 33.190077764145322 KEN 82
-67.35178118 -22.55801745 25.611077762325817 GIN 83
38.10062325 -74.48509905 50.247879156700158 MWI 84
0.557123519 109.8799084 34.602062231627954 SVN 85
14.68408313 -95.45577289 29.537729546485483 LSO 86
-60.86810963 -43.56012748 32.133102598504621 CIV 87
69.29114269 -17.3061106 18.15303985978268 SOM 88
19.89746289 -7.037611326 14.116972684234538 SSD 89
180.0159944 -54.53048684 32.254957804817671 TLS 90
-34.75673829 112.818744 53.043217378827713 LIE 91
-69.67331826 126.7614833 66.25000983482235 BEL 92
-15.67196231 -35.49995466 14.282735382207104 COG 93
37.07877896 -56.63647333 29.431286931659752 TZA 94
19.30883332 117.0812453 39.314959185470592 CZE 95
147.1332328 -52.64814908 34.465743662657282 MYS 96
53.30050275 100.4745937 36.650220870193635 SVK 97
44.40546391 -21.34013442 52.493069628779978 UGA 98
168.7346857 85.77330327 49.698362317631073 PRK 99
-43.53960534 135.1307248 53.777719491839861 LUX 100
-34.47093289 -9.9410626 37.181565213916137 BEN 101
26.66296807 39.64055574 30.19449566864866 GRC 102
-55.08374381 99.24090015 50.310298906426482 CHE 103
-70.01056635 -9.169534695 32.400579122170356 SEN 104
55.00866521 0.9989416368 38.098737133147701 JOR 105
-32.93837518 162.5392379 77.138977564123607 NLD 106
83.85810073 -3.15111397 13.078350216409746 OMN 107
-9.467570172 63.5825312 47.585307427602821 ITA 108
179.7434538 14.28219804 19.406415909645048 LAO 109
86.16164351 68.74481315 33.308066325960112 ARM 110
74.66744641 -215.1111584 454.27700509530524 MCO 111
77.30004558 6.540078257 39.034563641451086 ARE 112
57.71674245 32.03688286 100.72191597272028 PSE 113
105.0169909 104.887563 17.221485723821072 SWE 114
74.74842374 97.48751825 34.465743662657282 MDA 115
-80.86311381 60.97569916 32.881326144031945 ESP 116
-14.86851428 -5.043345694 52.865418384560847 NGA 117
12.00795641 39.97924828 34.283142411464119 ALB 118
29.28538159 -111.2536077 28.289469405125189 SWZ 119
87.23472083 92.95662888 24.706687068839141 GEO 120
-10.90109156 7.710417709 6.6285529456622623 LBY 121
172.9633 -65.13410909 16.090950024469048 PNG 122
68.81103731 113.0608342 39.034563641451086 POL 123
-14.96953093 111.878026 35.142049008662916 AUT 124
225.6197973 -146.3310261 284.83502099345412 HKG 125
95.50632736 122.8623326 18.7483789493274 EST 126
95.83364969 96.76394991 13.078350216409746 NOR 127
8.038490089 52.21347083 23.030218800419412 MNE 128
85.54762924 44.1399694 34.533970209790922 IRQ 129
-79.33655903 -19.46336685 29.484556272860946 GNB 130
-46.65299246 0.5095797046 14.715643465829876 MLI 131
107.912348 87.33360864 9.1196390321201388 KAZ 132
