-2.39388705 91.57531293 12.557061120706921 HRV 0
109.4794571 89.85648762 37.190267079057826 UZB 1
15.11360371 68.10554421 16.219054210516582 BGR 2
-101.8462355 39.76091363 4.8067563876665504 ESH 3
-51.2216228 -63.18351719 8.2122012116535252 GNQ 4
8.910349515 77.25478159 16.768756670155742 SRB 5
-98.29051589 12.08075411 30.241677316167273 BFA 6
-86.50781888 -34.53541767 18.870849556599598 TGO 7
87.22054604 74.88435699 16.009163623128554 TKM 8
79.49945436 161.6938731 8.4843270967260729 LVA 9
-23.87191844 128.6044587 57.238547839388026 DEU 10
211.5647591 -69.49552615 53.143183431408069 THA 11
91.48297758 96.71212096 20.237889446289813 AZE 12
215.7028509 57.50982681 236.80474093456917 CHN 13
-50.80627362 -69.34039244 9.789922219419763 GAB 14
126.4514324 -9.958402653 97.25798843362314 PAK 15
10.01862993 -72.26948064 23.545605091055275 RWA 16
36.18030525 46.94791661 30.225840536078788 SYR 17
-3.06805586 -101.339343 28.444318200884272 ZMB 18
-4.757148235 143.5831343 15.2478088008267 DNK 19
169.5455 -21.31906816 34.860711515510097 NPL 20
-40.68425457 50.97066957 22.136663020574257 TUN 21
166.4252043 -64.80239433 82.479617937764189 BGD 22
126.0038842 82.925998 16.276737746062985 KGZ 23
-6.882458959 28.77037317 66.584789381892961 EGY 24
-71.66862729 48.92111434 42.35386041920701 DZA 25
-51.28615011 34.10614732 32.710506560757047 NER 26
108.0909909 49.41188951 40.760695937709116 AFG 27
75.93936591 -22.79098144 36.810586215824081 YEM 28
-91.7466689 73.02359217 20.076669064768613 PRT 29
-18.98674552 -74.95495164 63.422018311371339 COD 30
77.48133885 2.147534576 13.020670410425378 KWT 31
-64.9626956 62.54681562 1.1329633457435904 GIB 32
237.8458922 -75.56941324 25.816605213989654 KHM 33
227.5601301 -143.7661022 104.48136402769953 IDN 34
121.0872599 71.82003127 19.974416800942763 TJK 35
-141.0910033 -20.28103258 18.595133539528913 SLE 36
38.54254997 76.53745318 58.098497280179103 TUR 37
78.32138394 146.1431926 19.3284881314313 BLR 38
23.55894662 110.9138584 19.987163229818361 HUN 39
7.131007495 65.12194146 9.0569604257762002 MKD 40
229.001841 -55.92963445 4.2198916596449774 BRN 41
-12.09819549 -134.2267293 48.747317566996678 ZAF 42
-11.77100584 -2.091131173 26.813465849264972 TCD 43
-22.56593962 85.7554708 1.1508063858912092 SMR 44
-50.19922713 101.3794598 50.468822644874962 FRA 45
26.51155041 -121.6305743 36.514378401015769 MOZ 46
42.19939542 -35.42065207 70.546041612587103 ETH 47
44.96946616 -7.786644251 12.142968576167476 ERI 48
-43.04596978 69.17334053 1.7770982283583625 AND 49
1.885476329 83.50485189 11.238449618691737 BIH 50
-25.49959615 -108.4567615 37.985730249503682 AGO 51
93.30021986 167.1631529 14.769275929636084 FIN 52
12.45562427 -2.695711703 43.500575062320337 SDN 53
182.9069546 -17.4031236 5.565028320431276 BTN 54
221.5143727 -37.6910533 46.332917598525327 MMR 55
187.5621595 135.9148825 11.644467007726591 MNG 56
310.5518587 71.13954062 45.13134315363525 KOR 57
-23.28756453 -42.15232455 15.029101654374699 CAF 58
21.74549043 29.61124972 18.996217189388506 ISR 59
230.359178 -22.85413512 5.2620541529842972 MAC 60
260.1633583 -56.17103872 62.357436562825313 VNM 61
-98.27345951 54.11140801 38.579420067195542 MAR 62
20.07325036 44.4132678 14.511818404630572 LBN 63
60.99009834 -2.589247322 38.121459497544961 SAU 64
85.08240106 25.07824507 59.22384170286221 IRN 65
60.99289466 -17.59071415 6.6859618848297169 DJI 66
76.30380984 156.0876275 10.340522835179389 LTU 67
161.6932497 149.914718 75.375622048486363 RUS 68
6.118330967 -116.9555717 25.603029953893035 ZWE 69
-107.7146731 29.32372461 13.83031670550182 MRT 70
-5.755168815 -114.0163425 10.258426419874205 BWA 71
78.28002624 -5.744362545 10.336581335956653 QAT 72
-143.1052052 2.386719848 10.444430594358346 GMB 73
110.8117276 -157.4798028 237.05012914518309 IND 74
-39.4011017 -49.10061377 33.567875577731229 CMR 75
-24.07691206 43.0516395 0.14273996463758234 VAT 76
-132.195614 -38.55614111 14.598607327398124 LBR 77
-100.3763785 -22.16494799 36.635262367418953 GHA 78
38.70718144 105.3745361 27.972298945107518 ROU 79
79.34031347 126.8089103 38.017095393994964 UKR 80
7.204389622 -87.58719263 22.819205598105199 BDI 81
64.29451023 -68.06376305 46.5542406551113 KEN 82
-129.7987737 -6.048884457 23.625512441898575 GIN 83
16.62205811 -102.0921489 28.693573347859068 MWI 84
-2.682347256 100.2472506 9.130896023358769 SVN 85
12.00331067 -127.1672487 9.5742239410731038 LSO 86
-123.8470094 -24.32615586 33.699632998247999 CIV 87
82.58169714 -43.04624015 26.714119015999053 SOM 88
9.85955597 -28.33279093 20.88447149161146 SSD 89
264.6410631 -138.174762 7.3160324182542684 TLS 90
-20.88469083 97.54203703 1.2443781621195815 LIE 91
-51.9736068 125.441531 21.43952368190336 BEL 92
-43.48627546 -65.01095384 15.498300193355377 COG 93
34.39931583 -81.94777647 51.503024119408458 TZA 94
7.834894059 113.2326723 20.317769221632126 CZE 95
224.8392415 -96.53578624 36.735232949191008 MYS 96
26.47927423 122.4781986 15.098083179099644 SVK 97
6.77761844 -49.87216858 43.713866559415592 UGA 98
267.4261306 131.0961038 32.078087891570178 PRK 99
-33.10876156 108.8157023 5.0748022272783357 LUX 100
-90.85944039 -4.334980226 23.22454234302446 BEN 101
9.319948033 55.54066092 20.168303373972602 GRC 102
-29.05919301 91.81898687 18.601158916192968 CHE 103
-133.9479709 14.31747199 26.432728327444451 SEN 104
32.8222939 14.26212697 21.116832849381122 JOR 105
-49.37653206 141.2479998 26.324593283299887 NLD 106
89.0255764 -12.17511462 13.515899445744749 OMN 107
-26.33874968 69.63475308 48.120519234662289 ITA 108
242.9102813 -35.8037705 17.328067322333666 LAO 109
81.61246176 88.43024392 10.453205380069374 ARM 110
-9.822688296 69.2082377 1.1942482260115264 MCO 111
87.91618961 -1.228346202 19.347453128436602 ARE 112
32.62991809 32.38156172 14.534966062107987 PSE 113
83.23596836 173.3327295 20.43077159041167 SWE 114
51.44338304 100.0597361 11.625204021819526 MDA 115
-71.08541013 77.95731355 43.233246755155612 ESP 116
-51.76954062 -8.245567431 93.824250225672941 NGA 117
0.9978739206 62.7686745 10.55503888936032 ALB 118
15.66437831 -131.2983188 6.900410717382937 SWZ 119
83.56419811 110.5881226 12.109364060164401 GEO 120
-34.01143824 35.01955778 16.460338010442232 LBY 121
260.454993 -116.3967026 20.1571877413366 PNG 122
46.97675887 139.4285554 40.170840382954083 POL 123
-4.758009532 109.3957781 18.771797818654669 AUT 124
238.6639823 -25.03131518 17.166224104648915 HKG 125
84.37404085 163.6713533 7.2136660185443509 EST 126
73.50452962 166.6187653 14.673779446007559 NOR 127
0.2195439058 75.79171241 4.9631652484305366 MNE 128
51.24637463 27.36630434 42.306690389331351 IRQ 129
-136.527859 2.655545337 9.1975944702771741 GNB 130
-92.94808895 31.64585508 30.269287604609637 MLI 131
104.2207453 115.2096155 27.770536099467865 KAZ 132
