75.83843369 85.37016881 12.557061120706921 HRV 0
205.4518084 62.72080226 37.190267079057826 UZB 1
107.7203839 80.92808483 16.219054210516582 BGR 2
-145.2919739 45.38036588 4.8067563876665504 ESH 3
-70.32996756 -109.4865529 8.2122012116535252 GNQ 4
91.65332835 80.60619224 16.768756670155742 SRB 5
-164.1300919 -30.5997592 30.241677316167273 BFA 6
-167.8931592 -79.63963824 18.870849556599598 TGO 7
182.1747221 51.32995207 16.009163623128554 TKM 8
179.1126064 156.8069231 8.4843270967260729 LVA 9
44.46820908 158.9175226 57.238547839388026 DEU 10
233.1358675 -198.6015964 53.143183431408069 THA 11
178.082789 68.50986938 20.237889446289813 AZE 12
322.5001726 -22.77126118 236.80474093456917 CHN 13
-71.69859586 -118.1516805 9.789922219419763 GAB 14
196.7246248 -126.1672089 97.25798843362314 PAK 15
16.80478339 -180.9595864 23.545605091055275 RWA 16
101.2140977 -4.314576686 30.225840536078788 SYR 17
-26.24421165 -200.8764557 28.444318200884272 ZMB 18
14.51637764 187.8758664 15.2478088008267 DNK 19
104.0100972 -128.1285624 34.860711515510097 NPL 20
-57.00906554 11.8736566 22.136663020574257 TUN 21
166.2413299 -208.327836 82.479617937764189 BGD 22
231.2401171 66.36449938 16.276737746062985 KGZ 23
-7.882033272 12.15484395 66.584789381892961 EGY 24
-108.2702331 16.24703472 42.35386041920701 DZA 25
-103.7280199 -38.14924927 32.710506560757047 NER 26
191.7947832 11.87369903 40.760695937709116 AFG 27
111.8172212 -94.05094063 36.810586215824081 YEM 28
-115.1107145 93.91801656 20.076669064768613 PRT 29
-40.27668246 -157.6781083 63.422018311371339 COD 30
126.1235854 -69.63858139 13.020670410425378 KWT 31
-71.86773934 60.41934899 1.1329633457435904 GIB 32
312.0045803 -204.2950745 25.816605213989654 KHM 33
267.2797357 -267.3758947 104.48136402769953 IDN 34
211.9079474 35.6401372 19.974416800942763 TJK 35
-222.3068299 -4.812732039 18.595133539528913 SLE 36
123.8236898 48.50519459 58.098497280179103 TUR 37
170.842698 132.7818578 19.3284881314313 BLR 38
105.6818237 98.46163868 19.987163229818361 HUN 39
87.39100999 66.33132052 9.0569604257762002 MKD 40
289.1442321 -158.0117677 4.2198916596449774 BRN 41
-50.82317873 -233.6271776 48.747317566996678 ZAF 42
-50.28243291 -64.12425982 26.813465849264972 TCD 43
-15.38849591 84.01469376 1.1508063858912092 SMR 44
-26.45083214 107.2548853 50.468822644874962 FRA 45
27.62288986 -236.9591052 36.514378401015769 MOZ 46
25.57200077 -94.93351458 70.546041612587103 ETH 47
39.25786549 -57.04330271 12.142968576167476 ERI 48
-45.03024768 73.74089412 1.7770982283583625 AND 49
79.51517113 74.37773628 11.238449618691737 BIH 50
-86.98972481 -173.7537573 37.985730249503682 AGO 51
200.6058124 171.5127581 14.769275929636084 FIN 52
-16.44918163 -58.5931411 43.500575062320337 SDN 53
243.1770049 -148.6616217 5.565028320431276 BTN 54
264.7355113 -161.867003 46.332917598525327 MMR 55
294.2078945 103.369622 11.644467007726591 MNG 56
425.9609957 77.9751846 45.13134315363525 KOR 57
-40.48671463 -104.8667417 15.029101654374699 CAF 58
52.05071272 -3.021466587 18.996217189388506 ISR 59
266.0211851 -136.7659413 5.2620541529842972 MAC 60
371.121516 -181.3264917 62.357436562825313 VNM 61
-118.5210629 65.51774254 38.579420067195542 MAR 62
59.34636183 11.58127386 14.511818404630572 LBN 63
85.40859316 -67.68723966 38.121459497544961 SAU 64
145.8302367 -4.237765537 59.22384170286221 IRN 65
53.3557719 -69.56399384 6.6859618848297169 DJI 66
172.7345397 147.1250066 10.340522835179389 LTU 67
253.667781 118.5165087 75.375622048486363 RUS 68
-15.64887733 -224.9835231 25.603029953893035 ZWE 69
-159.093145 32.85989037 13.83031670550182 MRT 70
-44.82994929 -204.0484827 10.258426419874205 BWA 71
109.6618159 -69.50215176 10.336581335956653 QAT 72
-219.1265527 8.971251508 10.444430594358346 GMB 73
115.8028239 -355.5680517 237.05012914518309 IND 74
-60.27818039 -91.78906923 33.567875577731229 CMR 75
-15.72640017 45.89733763 0.14273996463758234 VAT 76
-224.5320513 -20.83161741 14.598607327398124 LBR 77
-185.803265 -59.38344834 36.635262367418953 GHA 78
128.9632672 94.30577551 27.972298945107518 ROU 79
163.2981006 105.8312919 38.017095393994964 UKR 80
-2.886814371 -192.0411403 22.819205598105199 BDI 81
54.84073958 -143.8939005 46.5542406551113 KEN 82
-201.9877616 -1.624893476 23.625512441898575 GIN 83
17.32541078 -206.9111128 28.693573347859068 MWI 84
76.63880978 95.90556421 9.130896023358769 SVN 85
-2.292050027 -207.9000704 9.5742239410731038 LSO 86
-202.6864508 -29.56913092 33.699632998247999 CIV 87
72.91734015 -96.69658296 26.714119015999053 SOM 88
-9.274952787 -122.6701011 20.88447149161146 SSD 89
336.1333291 -232.037969 7.3160324182542684 TLS 90
57.71199955 114.9599473 1.2443781621195815 LIE 91
-32.59135631 142.9972116 21.43952368190336 BEL 92
-62.37914841 -126.2055632 15.498300193355377 COG 93
53.28692695 -191.6497453 51.503024119408458 TZA 94
81.95686136 134.8706106 20.317769221632126 CZE 95
282.1064689 -198.4124005 36.735232949191008 MYS 96
110.8591332 114.7477769 15.098083179099644 SVK 97
11.12917265 -148.6909994 43.713866559415592 UGA 98
360.3938136 104.7493497 32.078087891570178 PRK 99
-10.44047502 129.8396533 5.0748022272783357 LUX 100
-155.7841736 -58.53216105 23.22454234302446 BEN 101
85.44348706 52.13386195 20.168303373972602 GRC 102
40.39856643 117.1317346 18.601158916192968 CHE 103
-198.559858 25.02878278 26.432728327444451 SEN 104
62.42166637 -19.58408643 21.116832849381122 JOR 105
-38.44511 166.9869638 26.324593283299887 NLD 106
135.4787928 -80.61832394 13.515899445744749 OMN 107
29.21360829 63.6895762 48.120519234662289 ITA 108
294.2327982 -172.7985886 17.328067322333666 LAO 109
164.2428206 62.86244504 10.453205380069374 ARM 110
-4.220669324 80.68421513 1.1942482260115264 MCO 111
140.4136305 -62.97606538 19.347453128436602 ARE 112
73.21496337 14.38867226 14.534966062107987 PSE 113
188.8396576 183.9857134 20.43077159041167 SWE 114
142.3212652 80.38951507 11.625204021819526 MDA 115
-83.6488388 84.81254798 43.233246755155612 ESP 116
-121.2640272 -108.6174776 93.824250225672941 NGA 117
73.05645521 60.532747 10.55503888936032 ALB 118
4.573616415 -239.5880123 6.900410717382937 SWZ 119
173.3357988 83.54706403 12.109364060164401 GEO 120
-65.08225132 -23.66592484 16.460338010442232 LBY 121
329.8499208 -177.590878 20.1571877413366 PNG 122
139.6707317 137.8213241 40.170840382954083 POL 123
77.21861255 110.4145005 18.771797818654669 AUT 124
300.762061 -157.3153139 17.166224104648915 HKG 125
186.9442013 159.5941437 7.2136660185443509 EST 126
179.5257205 168.6309113 14.673779446007559 NOR 127
75.0943165 67.84002967 4.9631652484305366 MNE 128
116.858232 -44.32516477 42.306690389331351 IRQ 129
-213.9615173 17.02559827 9.1975944702771741 GNB 130
-149.7078565 4.519589813 30.269287604609637 MLI 131
196.0325131 92.92191081 27.770536099467865 KAZ 132
