27.50515291 49.24313288 44.533807217745306 HRV 0
65.162349 40.80859114 46.996992309527926 UZB 1
39.25527895 43.66246091 41.283221069846888 BGR 2
-27.87107065 8.527663802 7.8192686958681321 ESH 3
12.04371 -2.245784423 41.144141883759261 GNQ 4
34.77252339 45.76281917 47.562754637560218 SRB 5
0.2940908092 5.802299837 48.517286333017566 BFA 6
3.353536007 -0.7569070434 67.885934341846365 TGO 7
62.89837501 39.06655614 19.54817173967033 TKM 8
34.97672076 61.91194792 28.529617402176342 LVA 9
13.60613639 66.11625999 81.260223955657779 DEU 10
95.73249855 2.487389479 62.370616214222537 THA 11
55.02546796 42.41923934 59.066540424000038 AZE 12
94.5444008 44.66410843 64.715963728167878 CHN 13
12.19864268 -4.581149029 16.237930984916545 GAB 14
69.54456786 29.28499069 92.95150523365362 PAK 15
26.09169294 -0.08934222438 125.77847256289328 RWA 16
47.63889539 37.11426654 59.195789025863917 SYR 17
30.68456021 -16.92225426 27.714316641600973 ZMB 18
14.35529616 71.99869833 63.973613362656039 DNK 19
77.87918937 32.27401439 77.258569148282902 NPL 20
14.03164414 18.05176809 47.118798973368882 TUN 21
84.92585001 23.94075934 191.81129906251886 BGD 22
77.27332147 44.21386579 31.15465914825036 KGZ 23
27.60786678 15.4572407 56.011567205046987 EGY 24
2.877906671 10.58475981 23.046954582448855 DZA 25
7.5135466 6.370794695 24.415658677317786 NER 26
64.11133887 29.8583744 42.334317948036556 AFG 27
51.72100579 13.56053692 42.514464795643661 YEM 28
-44.63219441 47.73610267 55.669404154608429 PRT 29
19.60471266 -0.5434809431 35.349235211658097 COD 30
57.99604096 22.41113451 81.845933020002008 KWT 31
-53.97775217 30.65569399 364.84451337081953 GIB 32
104.792322 -8.291324704 51.571619014831185 KHM 33
120.5302085 -10.22292412 63.973613362656039 IDN 34
70.86550812 38.42286785 45.003270962534728 TJK 35
-14.18801395 -0.4738322653 58.088009882856824 SLE 36
46.26680702 41.59438067 55.08284928911408 TUR 37
38.5256711 55.8798509 35.992001226004987 BLR 38
32.41542389 51.1930772 55.497531548808638 HUN 39
35.15293785 41.90264503 47.843126988086951 MKD 40
120.0547827 -5.417728185 48.752999233091558 BRN 41
19.48694757 -32.48597274 37.141526305373105 ZAF 42
19.55669074 10.58679849 20.030915338092207 TCD 43
20.90956186 46.21792075 124.60330363242798 SMR 44
-34.22923578 58.18971472 57.226417215971679 FRA 45
37.1329893 -18.79721773 34.528955635735002 MOZ 46
38.36120495 8.036418581 55.703715038700238 ETH 47
39.11441988 17.03944479 29.257024475064838 ERI 48
-37.14538116 54.00589579 68.697293081976909 AND 49
30.89525006 46.28799192 41.651828571755829 BIH 50
19.2097727 -12.01221628 28.529617402176342 AGO 51
47.67544114 63.33747404 22.459139436763884 FIN 52
29.01882846 12.40517307 26.731722809052243 SDN 53
76.73368827 20.82969151 23.941523083243005 BTN 54
92.12189275 17.46529501 48.121865833357347 MMR 55
92.5471051 48.85670651 7.8192686958681321 MNG 56
158.8842926 34.40769058 121.21442841543978 KOR 57
17.51903437 2.445445888 16.000868173434725 CAF 58
33.31011535 19.38915848 108.3469652742113 ISR 59
123.5556162 27.55949875 769.84065818877934 MAC 60
109.054994 -4.115316881 93.463977444750384 VNM 61
-27.1128999 10.83157549 48.438460470505902 MAR 62
39.91488153 37.05589546 120.37611148541555 LBN 63
52.07618858 16.43701171 21.855520422871578 SAU 64
60.0192318 28.62616897 38.998480138170763 IRN 65
46.55466306 9.297656797 36.831577690765926 DJI 66
32.48519971 61.16222322 34.694563087686532 LTU 67
78.21396737 66.45053425 15.638537391736264 RUS 68
29.06099746 -19.99147951 34.528955635735002 ZWE 69
-27.15984064 7.362624512 11.398444904619073 MRT 70
23.53321285 -24.7854965 11.398444904619073 BWA 71
64.41748936 23.70313307 80.906763280762021 QAT 72
-32.29407678 6.420827438 87.115567062965226 GMB 73
73.43082717 16.15441382 115.3507783217006 IND 74
14.23105156 0.3726223543 40.957968340926769 CMR 75
22.56642631 23.92351072 180.55358533300256 VAT 76
-8.949671061 -2.296541801 39.48537140414976 LBR 77
-1.498038001 1.641606998 64.44970263401359 GHA 78
38.80993262 47.2889061 48.948559581871748 ROU 79
45.13771487 49.37805076 41.926157520964892 UKR 80
25.52663773 -9.942332872 119.48395225328625 BDI 81
41.84914469 0.7514452919 51.7934334536032 KEN 82
-10.67869163 1.6073996 39.966331539934984 GIN 83
37.17079608 -14.1932263 78.412295499309153 MWI 84
25.07823416 53.20354712 53.996848705407075 SVN 85
31.17348148 -28.47233966 46.09390916489771 LSO 86
-5.857224846 -0.06924984622 50.144013609131548 CIV 87
53.40143511 10.36585769 28.327992137877231 SOM 88
29.57716516 10.06279977 22.029670749283277 SSD 89
125.1371253 -10.96702242 50.334169822804569 TLS 90
16.20397212 58.28961996 82.774447501992341 LIE 91
-21.42246594 68.76446219 103.3837733091176 BEL 92
16.05838759 -2.709252529 22.288345023189358 COG 93
40.08406899 -10.14866422 45.927804447494381 TZA 94
23.2923219 60.03058543 61.351369429556172 CZE 95
116.3355954 -7.362349982 53.784122276120684 MYS 96
29.35611462 54.6176969 57.19301982928323 SVK 97
31.73597463 6.213965361 81.915936681853537 UGA 98
145.517306 53.80137003 77.554769221780816 PRK 99
2.392338522 67.13474633 83.920645066883992 LUX 100
4.342739942 4.301697161 58.022187754200388 BEN 101
33.34702724 35.35259897 47.118798973368882 GRC 102
9.791144961 60.70768276 78.509702115123986 CHE 103
-26.87158478 4.812651699 50.561413279819419 SEN 104
43.96148706 17.56454643 59.453443296950098 JOR 105
4.849616227 75.79722251 120.37611148541555 NLD 106
67.78745748 15.17025955 20.408890465097933 OMN 107
22.18934282 38.2920553 74.257326877469239 ITA 108
100.9888662 4.372377396 30.283897438618197 LAO 109
51.16836152 40.03141079 51.977555731593327 ARM 110
-11.09806702 36.78196668 708.90360667738537 MCO 111
66.61797193 18.25963417 60.913809504175333 ARE 112
41.87141354 26.01821826 157.1775121867293 PSE 113
44.59413121 61.12267725 26.87429300851052 SWE 114
42.85148946 46.25842831 53.784122276120684 MDA 115
-40.34076785 50.36783432 51.311623600559329 ESP 116
9.532605754 2.070267668 82.496990472722388 NGA 117
31.9759205 39.16372572 53.499171279035693 ALB 118
32.63290788 -22.42816329 44.145987288253025 SWZ 119
49.76863208 43.98247908 38.555021222074046 GEO 120
20.43746977 14.60352389 10.343920201829693 LBY 121
146.3380426 -17.35396463 25.110081248375081 PNG 122
28.2591226 59.87314009 60.913809504175333 POL 123
21.19144571 55.78916367 54.839503230079146 AUT 124
164.0698414 -0.2927620967 444.48777161398789 HKG 125
36.8025228 63.39081456 29.257024475064838 EST 126
42.61390867 61.244327 20.408890465097933 NOR 127
30.82996509 42.6101522 35.938876471991861 MNE 128
56.30375724 27.89970443 53.890590454769722 IRQ 129
-27.11750111 0.6845361242 46.010931763381734 GNB 130
0.181820873 8.698629919 22.963902223747191 MLI 131
69.0754888 56.90105435 14.23128383993285 KAZ 132
