-2.057090587 89.57317932 12.557061120706921 HRV 0
109.3459775 89.77457296 37.190267079057826 UZB 1
15.45212351 67.11955862 16.219054210516582 BGR 2
-99.04513215 39.180189 4.8067563876665504 ESH 3
-49.39904381 -62.81180623 8.2122012116535252 GNQ 4
9.267993419 76.1786113 16.768756670155742 SRB 5
-96.11562091 11.26892532 30.241677316167273 BFA 6
-84.5054852 -34.60207284 18.870849556599598 TGO 7
87.22054604 74.88435699 16.009163623128554 TKM 8
78.72430872 160.5461938 8.4843270967260729 LVA 9
-23.89524347 128.8911227 57.238547839388026 DEU 10
212.1526208 -66.9142072 53.143183431408069 THA 11
91.52018067 96.62404267 20.237889446289813 AZE 12
215.1608657 59.52757701 236.80474093456917 CHN 13
-49.37108813 -68.90767569 9.789922219419763 GAB 14
127.4152039 -8.541623746 97.25798843362314 PAK 15
12.27288625 -69.47398251 23.545605091055275 RWA 16
39.45224928 46.15839813 30.225840536078788 SYR 17
-0.8609319039 -98.30022945 28.444318200884272 ZMB 18
-4.794150839 143.596129 15.2478088008267 DNK 19
170.1198466 -18.80728974 34.860711515510097 NPL 20
-39.79340072 50.69355188 22.136663020574257 TUN 21
167.7804609 -58.86572508 82.479617937764189 BGD 22
125.7737886 82.97523628 16.276737746062985 KGZ 23
-5.301461623 29.63008634 66.584789381892961 EGY 24
-70.70083207 48.50135594 42.35386041920701 DZA 25
-49.60793727 35.15632838 32.710506560757047 NER 26
108.341958 52.44422984 40.760695937709116 AFG 27
77.26267124 -18.97729913 36.810586215824081 YEM 28
-91.1230784 73.03245162 20.076669064768613 PRT 29
-16.52711376 -72.07624165 63.422018311371339 COD 30
78.25232716 5.412001294 13.020670410425378 KWT 31
-64.80486681 62.62572734 1.1329633457435904 GIB 32
237.0611374 -75.3481052 25.816605213989654 KHM 33
226.1556243 -141.4842445 104.48136402769953 IDN 34
120.9676913 71.9195043 19.974416800942763 TJK 35
-138.1052698 -20.4374512 18.595133539528913 SLE 36
38.70517521 75.51713494 58.098497280179103 TUR 37
77.7243382 145.3578101 19.3284881314313 BLR 38
23.42171836 109.1698065 19.987163229818361 HUN 39
7.179813328 65.5598543 9.0569604257762002 MKD 40
227.7395065 -53.89975996 4.2198916596449774 BRN 41
-11.04889724 -131.5837354 48.747317566996678 ZAF 42
-10.09380598 -1.062726868 26.813465849264972 TCD 43
-22.56626855 85.71413676 1.1508063858912092 SMR 44
-50.4706931 100.8796764 50.468822644874962 FRA 45
27.03059611 -119.062702 36.514378401015769 MOZ 46
44.01851444 -32.19341625 70.546041612587103 ETH 47
46.09763946 -4.767037779 12.142968576167476 ERI 48
-43.03005612 69.12605065 1.7770982283583625 AND 49
2.005364327 82.1258422 11.238449618691737 BIH 50
-22.90696324 -105.2137023 37.985730249503682 AGO 51
92.05046875 165.5323964 14.769275929636084 FIN 52
15.03272523 -0.8182600087 43.500575062320337 SDN 53
182.8984254 -14.44026134 5.565028320431276 BTN 54
219.6783432 -34.69262437 46.332917598525327 MMR 55
186.7858673 137.0559815 11.644467007726591 MNG 56
308.9243645 70.84680892 45.13134315363525 KOR 57
-22.50443306 -41.0193212 15.029101654374699 CAF 58
23.14743433 30.36797659 18.996217189388506 ISR 59
228.5514831 -20.00849027 5.2620541529842972 MAC 60
257.1615581 -54.00446475 62.357436562825313 VNM 61
-97.1415172 53.54500092 38.579420067195542 MAR 62
20.07325036 44.4132678 14.511818404630572 LBN 63
61.90680635 0.6609787274 38.121459497544961 SAU 64
85.43678969 28.35233979 59.22384170286221 IRN 65
62.3747943 -14.23111945 6.6859618848297169 DJI 66
75.76025247 155.0323224 10.340522835179389 LTU 67
161.3736619 150.939567 75.375622048486363 RUS 68
6.880061844 -114.5200443 25.603029953893035 ZWE 69
-105.3057644 27.94637376 13.83031670550182 MRT 70
-4.449837451 -110.6726112 10.258426419874205 BWA 71
78.48311781 -2.366362119 10.336581335956653 QAT 72
-140.2420608 1.979960997 10.444430594358346 GMB 73
112.6680776 -149.7441782 237.05012914518309 IND 74
-46.56841064 -49.15782784 33.567875577731229 CMR 75
-24.02637301 43.02238407 0.14273996463758234 VAT 76
-129.487382 -39.43459131 14.598607327398124 LBR 77
-98.29383198 -22.33353677 36.635262367418953 GHA 78
38.77973475 104.6391219 27.972298945107518 ROU 79
78.83197911 126.3202788 38.017095393994964 UKR 80
9.299444053 -84.60742202 22.819205598105199 BDI 81
64.88222408 -65.07115492 46.5542406551113 KEN 82
-127.157752 -7.298689935 23.625512441898575 GIN 83
18.13203892 -99.29027915 28.693573347859068 MWI 84
-4.049139404 99.90250307 9.130896023358769 SVN 85
12.74020432 -124.6519909 9.5742239410731038 LSO 86
-121.466632 -25.49145142 33.699632998247999 CIV 87
82.48125724 -39.44726862 26.714119015999053 SOM 88
10.03311687 -25.83484381 20.88447149161146 SSD 89
263.0071915 -136.0052809 7.3160324182542684 TLS 90
-21.82782887 97.00992298 1.2443781621195815 LIE 91
-52.09108097 124.743648 21.43952368190336 BEL 92
-41.72150667 -64.73732053 15.498300193355377 COG 93
35.36957532 -78.94294575 51.503024119408458 TZA 94
6.899754773 111.7356384 20.317769221632126 CZE 95
223.3834081 -94.61023952 36.735232949191008 MYS 96
26.03531778 120.5395328 15.098083179099644 SVK 97
9.170778176 -47.32456929 43.713866559415592 UGA 98
267.1938991 132.318128 32.078087891570178 PRK 99
-33.70338204 108.6259341 5.0748022272783357 LUX 100
-88.66587474 -4.874956731 23.22454234302446 BEN 101
9.061915477 55.76786868 20.168303373972602 GRC 102
-29.38711271 91.76482546 18.601158916192968 CHE 103
-131.2846967 13.00399525 26.432728327444451 SEN 104
33.24839727 15.29730936 21.116832849381122 JOR 105
-49.22137801 140.3663062 26.324593283299887 NLD 106
90.25657616 -8.43252509 13.515899445744749 OMN 107
-26.28924902 69.75916657 48.120519234662289 ITA 108
240.9555651 -33.03026292 17.328067322333666 LAO 109
81.96844921 87.95557051 10.453205380069374 ARM 110
-9.848419785 69.15273411 1.1942482260115264 MCO 111
88.78421482 2.396263963 19.347453128436602 ARE 112
34.13660695 32.25718866 14.534966062107987 PSE 113
82.04414506 171.6281946 20.43077159041167 SWE 114
51.15742889 100.1276957 11.625204021819526 MDA 115
-70.43704715 76.96190286 43.233246755155612 ESP 116
-49.79312242 -6.92180647 93.824250225672941 NGA 117
0.9405366585 63.6627784 10.55503888936032 ALB 118
16.34127247 -128.7800143 6.900410717382937 SWZ 119
83.85456541 110.4049661 12.109364060164401 GEO 120
-32.13170066 36.17523401 16.460338010442232 LBY 121
258.9844513 -114.4213599 20.1571877413366 PNG 122
46.60617155 137.652994 40.170840382954083 POL 123
-5.812049987 109.0116805 18.771797818654669 AUT 124
237.1409898 -22.21196783 17.166224104648915 HKG 125
83.5596084 162.5127411 7.2136660185443509 EST 126
72.43540505 164.9918847 14.673779446007559 NOR 127
0.243812595 75.59215414 4.9631652484305366 MNE 128
51.80430722 25.44446387 42.306690389331351 IRQ 129
-133.7357484 1.412055638 9.1975944702771741 GNB 130
-90.90334631 30.70245543 30.269287604609637 MLI 131
104.2115254 115.2284165 27.770536099467865 KAZ 132
