25.26308705 65.24328072 37.490194851673259 HRV 0
72.85330911 45.64417389 39.56379454628641 UZB 1
43.60364902 54.07966629 34.753732023085263 BGR 2
-31.95133316 1.106081027 6.5825476266236391 ESH 3
4.672885199 -13.28221828 34.636650055205656 GNQ 4
39.00210088 57.59791658 40.04007405712975 SRB 5
-6.020520988 0.2618663492 40.843633902795517 BFA 6
-3.140356539 -15.59321607 57.148873297983101 TGO 7
69.73960534 42.42584514 16.456369066559098 TKM 8
48.46340606 81.19196017 24.017279955913629 LVA 9
10.0840331 93.72668252 68.407841595324427 DEU 10
96.46394862 -5.41512897 52.505875894626271 THA 11
65.5233556 53.78825363 49.724383520204178 AZE 12
99.83626717 46.38398412 54.480275587488016 CHN 13
7.861684727 -14.92114263 13.669686798526666 GAB 14
76.74192016 32.93663808 78.249991650779748 PAK 15
24.82026598 -8.97756361 105.8849386371303 RWA 16
56.01886119 43.51691234 49.833189741160915 SYR 17
30.03007231 -30.47982995 23.330929825837512 ZMB 18
15.99021107 100.5362597 53.8553377797869 DNK 19
85.61310556 40.26037679 65.039101578911939 NPL 20
9.77653841 15.21501623 39.666335870438125 TUN 21
91.94220884 24.28643161 161.47379768018232 BGD 22
80.9594997 46.01436875 26.227136527863653 KGZ 23
24.4868934 10.2608946 47.152594840983397 EGY 24
-6.577109611 6.658713487 19.401772990326847 DZA 25
1.795944642 0.728428059 20.553998376313377 NER 26
73.0941094 40.26256805 35.638583986867758 AFG 27
56.33012067 10.45533097 35.790238220822438 YEM 28
-70.65392206 73.14784813 46.864549415869277 PRT 29
15.08561321 -10.45713066 29.758284744507812 COD 30
65.63581944 26.02353638 68.900913001532132 KWT 31
-88.90400753 25.93509441 307.139513807068 GIB 32
103.5896447 -13.36078016 43.414883354322512 KHM 33
116.9701265 -22.08965765 53.8553377797869 IDN 34
78.38850643 42.11272882 37.885406677643793 TJK 35
-24.96031248 -8.912673501 48.900620564650424 SLE 36
53.95078045 50.6264255 46.370765983183162 TUR 37
49.02295418 74.11769436 30.299388787198048 BLR 38
39.49157184 65.03165535 46.719860742619012 HUN 39
38.25453586 51.7059723 40.276101801195594 MKD 40
122.3542194 -17.53123765 41.04206568091908 BRN 41
21.20118345 -38.85767993 31.267101226462287 ZAF 42
18.90702952 8.490918657 16.86276036114916 TCD 43
23.10558083 53.33928119 104.89563826199188 SMR 44
-55.91980581 90.15972493 48.175300207322664 FRA 45
42.87566161 -34.15164581 29.067743264776951 MOZ 46
41.1508401 3.456657513 46.893433578497977 ETH 47
41.31522614 8.621100635 24.629637950947618 ERI 48
-60.60253357 84.10201232 57.831904890439311 AND 49
32.7846799 58.30453517 35.064039358876016 BIH 50
14.31065916 -15.33400532 24.017279955913629 AGO 51
63.01245126 67.50668178 18.906928607479859 FIN 52
27.40030604 5.678523594 22.503746242314453 SDN 53
81.91543382 15.76836044 20.154853615995446 BTN 54
102.056783 13.54508243 40.510754400530573 MMR 55
90.9091548 61.21914027 6.5825476266236391 MNG 56
205.5339501 25.33750411 102.04275861503933 KOR 57
15.32201969 -4.671526595 13.470118615391556 CAF 58
34.1071153 12.95939033 91.210455460432556 ISR 59
151.3544516 23.24027574 648.08014592423012 MAC 60
105.9158492 -4.141940874 78.681409583590963 VNM 61
-30.98030726 4.583047845 40.777275396089074 MAR 62
44.84529756 43.82119022 101.33703262802861 LBN 63
53.5696909 13.34575165 18.398779947825453 SAU 64
68.95521995 37.27319985 32.83035317754161 IRN 65
46.15568919 7.634454725 31.006175096818232 DJI 66
44.6165022 80.29198656 29.207157701368857 LTU 67
85.44965204 79.56514989 13.165095253247278 RUS 68
28.51113926 -33.99231634 29.067743264776951 ZWE 69
-30.75914351 -0.1231367323 9.5956296390926372 MRT 70
22.92548707 -33.03342202 9.5956296390926372 BWA 71
68.65303115 16.47282537 68.110285414926707 QAT 72
-38.17144811 -0.9141747498 73.337084517291729 GMB 73
77.71518094 8.066972681 97.106522566737226 IND 74
12.31407698 -6.696423488 34.479922327821242 CMR 75
20.69939686 25.19376686 151.99664071400809 VAT 76
-21.06757864 -13.46502181 33.240236131044512 LBR 77
-10.23138148 -11.24233345 54.256127217409372 GHA 78
44.36625096 60.34590224 41.206695566371444 ROU 79
57.3046275 59.54275751 35.294979545710106 UKR 80
32.63067744 -21.67277116 100.58598021322578 BDI 81
45.54481881 -3.634388899 43.601614897165426 KEN 82
-19.93695508 -4.858839607 33.645126041271965 GIN 83
44.95072961 -27.59958952 66.010350802989848 MWI 84
23.66716899 71.17518091 45.45653079791888 SVN 85
31.11116055 -38.19714788 38.803545980653695 LSO 86
-17.12487359 -9.619282248 42.21307268115654 CIV 87
52.62970084 7.791154597 23.847544401784575 SOM 88
28.93301808 3.08304246 18.545386089957795 SSD 89
128.4786522 -22.3302849 42.373153167156971 TLS 90
13.00805402 82.31765771 69.682570601166972 LIE 91
-47.5500973 96.09444732 87.03225814287967 BEL 92
11.82745061 -12.9531389 18.763147596052324 COG 93
46.65132737 -20.22527968 38.663712927737727 TZA 94
28.10436468 80.09001148 51.647836509575221 CZE 95
110.1460328 -19.87483406 45.277449875306132 MYS 96
37.14451354 71.74673085 48.147185060365835 SVK 97
36.66370466 -3.767667888 68.959844655642485 UGA 98
162.0977548 73.83450277 65.288453681601325 PRK 99
-13.24567595 97.25618091 70.647481816509369 LUX 100
-2.962107145 -7.798631437 48.8452090787911 BEN 101
35.72754261 39.07609632 39.666335870438125 GRC 102
3.166057675 86.74515517 66.092351270385095 CHE 103
-30.1283686 -4.019617411 42.564455056991314 SEN 104
44.38224809 14.4084758 50.050092571412179 JOR 105
1.573759488 105.6920786 101.33703262802861 NLD 106
63.02806186 11.64873885 17.180953707863122 OMN 107
20.86203085 40.79306853 62.512545585624721 ITA 108
105.4205006 7.127845816 25.494097333530512 LAO 109
60.46160763 48.99358378 43.756615794453971 ARM 110
-27.8997117 50.43092595 596.78109745800441 MCO 111
59.87048707 15.70297224 51.279482490759783 ARE 112
41.63115301 27.28073567 132.31780362658318 PSE 113
60.44114446 65.74339769 22.623767073491052 SWE 114
50.59611306 58.2397697 45.277449875306132 MDA 115
-65.09601602 77.74384856 43.196009663736234 ESP 116
5.042997026 -4.872231306 69.448997081628505 NGA 117
33.82008398 45.61918482 45.037567658372453 ALB 118
37.01069432 -38.32997485 37.163713788580061 SWZ 119
58.6516641 54.22588803 32.457033171643772 GEO 120
19.32300825 11.99586211 8.707892006642302 LBY 121
146.5249554 -24.95051581 21.138588806030199 PNG 122
38.72945958 78.85072916 51.279482490759783 POL 123
20.42159122 77.83279862 46.165908331444115 AUT 124
198.7349681 -33.46993397 374.18613426687835 HKG 125
48.10866493 84.87953093 24.629637950947618 EST 126
57.88457837 67.34685333 17.180953707863122 NOR 127
32.6332782 50.98660585 30.254666417748435 MNE 128
63.68913491 34.7988 45.367078699168012 IRQ 129
-32.40093958 -9.458194744 38.733692555908085 GNB 130
-9.699418474 2.665929785 19.331856463868863 MLI 131
75.02034903 66.74936928 11.980417518310691 KAZ 132
