-1.441030225 95.36286198 12.557061120706921 HRV 0
112.5555071 89.37652077 37.190267079057826 UZB 1
15.82859527 70.94545006 16.219054210516582 BGR 2
-112.3572902 41.55062502 4.8067563876665504 ESH 3
-55.45937292 -69.75082554 8.2122012116535252 GNQ 4
9.546822285 80.70919342 16.768756670155742 SRB 5
-108.6263797 10.4641897 30.241677316167273 BFA 6
-96.38905497 -37.09727112 18.870849556599598 TGO 7
87.19206174 75.37971674 16.009163623128554 TKM 8
82.47383211 162.1035003 8.4843270967260729 LVA 9
-23.38002553 129.6834688 57.238547839388026 DEU 10
210.9929877 -80.73342239 53.143183431408069 THA 11
92.97688032 93.64588218 20.237889446289813 AZE 12
218.0785094 49.36896222 236.80474093456917 CHN 13
-54.27951743 -75.92286973 9.789922219419763 GAB 14
127.8749267 -24.45565909 97.25798843362314 PAK 15
4.828856948 -84.21651211 23.545605091055275 RWA 16
37.58915675 46.92806591 30.225840536078788 SYR 17
-10.51517197 -115.8330058 28.444318200884272 ZMB 18
-3.375243572 145.1605016 15.2478088008267 DNK 19
172.9440433 -34.11975036 34.860711515510097 NPL 20
-47.91807382 54.58464302 22.136663020574257 TUN 21
163.7690473 -83.61997521 82.479617937764189 BGD 22
129.9987872 82.75086473 16.276737746062985 KGZ 23
-7.005837662 26.76082291 66.584789381892961 EGY 24
-80.16351997 53.10868874 42.35386041920701 DZA 25
-62.70890189 32.91927155 32.710506560757047 NER 26
109.4535762 40.59687895 40.760695937709116 AFG 27
73.14304235 -33.1297587 36.810586215824081 YEM 28
-96.04007154 72.69684142 20.076669064768613 PRT 29
-25.36576438 -87.39146075 63.422018311371339 COD 30
74.37739616 -7.687815531 13.020670410425378 KWT 31
-67.44438074 61.90014506 1.1329633457435904 GIB 32
242.2037963 -75.55491768 25.816605213989654 KHM 33
232.5883975 -154.131731 104.48136402769953 IDN 34
122.8474291 72.27731334 19.974416800942763 TJK 35
-153.5892229 -17.9949456 18.595133539528913 SLE 36
40.89952948 77.5696586 58.098497280179103 TUR 37
81.35556778 145.5864399 19.3284881314313 BLR 38
24.94537068 114.0739404 19.987163229818361 HUN 39
6.799246927 66.73616646 9.0569604257762002 MKD 40
234.7071342 -64.20425971 4.2198916596449774 BRN 41
-18.12014459 -152.1888867 48.747317566996678 ZAF 42
-19.044014 -6.403537788 26.813465849264972 TCD 43
-22.78636422 85.69354935 1.1508063858912092 SMR 44
-49.95811814 102.1261417 50.468822644874962 FRA 45
26.39993296 -131.9404354 36.514378401015769 MOZ 46
38.44790771 -47.29139332 70.546041612587103 ETH 47
40.74090444 -18.52850578 12.142968576167476 ERI 48
-43.48580676 71.64709803 1.7770982283583625 AND 49
2.021667349 87.27263562 11.238449618691737 BIH 50
-32.863377 -122.025788 37.985730249503682 AGO 51
97.23077983 169.7958606 14.769275929636084 FIN 52
5.634730953 -10.00328456 43.500575062320337 SDN 53
186.1749715 -29.06561666 5.565028320431276 BTN 54
225.4415895 -49.18529759 46.332917598525327 MMR 55
191.6978305 131.9361777 11.644467007726591 MNG 56
315.5926307 71.74598522 45.13134315363525 KOR 57
-27.4200051 -47.39765915 15.029101654374699 CAF 58
22.85557456 27.07141992 18.996217189388506 ISR 59
234.6505888 -33.71995644 5.2620541529842972 MAC 60
273.6209521 -58.5969842 62.357436562825313 VNM 61
-108.246475 56.16443551 38.579420067195542 MAR 62
19.94818916 44.46957934 14.511818404630572 LBN 63
57.10917174 -12.20235293 38.121459497544961 SAU 64
86.09576222 14.69482097 59.22384170286221 IRN 65
57.10525325 -27.83972335 6.6859618848297169 DJI 66
79.55890075 155.8698375 10.340522835179389 LTU 67
164.6660893 145.7917896 75.375622048486363 RUS 68
-1.125923498 -132.5864916 25.603029953893035 ZWE 69
-117.8445427 32.30205199 13.83031670550182 MRT 70
-13.15387662 -129.0836168 10.258426419874205 BWA 71
76.74697332 -15.56035472 10.336581335956653 QAT 72
-154.9496503 4.33433953 10.444430594358346 GMB 73
108.387966 -180.8356991 237.05012914518309 IND 74
-54.60677182 -55.18263942 33.567875577731229 CMR 75
-24.44331294 43.15547714 0.14273996463758234 VAT 76
-144.1512179 -38.09736376 14.598607327398124 LBR 77
-111.5856622 -25.09149855 36.635262367418953 GHA 78
40.37609139 107.596841 27.972298945107518 ROU 79
82.01384783 124.4495735 38.017095393994964 UKR 80
2.296468756 -100.2167731 22.819205598105199 BDI 81
59.49877357 -82.30960108 46.5542406551113 KEN 82
-141.5159538 -3.887681349 23.625512441898575 GIN 83
9.397315326 -116.8206228 28.693573347859068 MWI 84
-0.5888980957 103.2331945 9.130896023358769 SVN 85
10.73091027 -135.7608823 9.5742239410731038 LSO 86
-136.0512095 -23.17018261 33.699632998247999 CIV 87
76.32780706 -55.07561182 26.714119015999053 SOM 88
7.561176704 -39.29752636 20.88447149161146 SSD 89
271.4476822 -147.2694888 7.3160324182542684 TLS 90
-17.59712673 99.75467041 1.2443781621195815 LIE 91
-52.09992808 127.1297105 21.43952368190336 BEL 92
-47.21248602 -70.62476548 15.498300193355377 COG 93
28.17722203 -96.07713775 51.503024119408458 TZA 94
10.63077465 116.78269 20.317769221632126 CZE 95
231.0586333 -104.8811614 36.735232949191008 MYS 96
28.91875377 125.6535394 15.098083179099644 SVK 97
0.9523874134 -60.84496215 43.713866559415592 UGA 98
270.498407 127.2089561 32.078087891570178 PRK 99
-32.1198731 109.7688755 5.0748022272783357 LUX 100
-101.4825306 -6.765838127 23.22454234302446 BEN 101
9.426386557 55.60934325 20.168303373972602 GRC 102
-28.99429582 90.21771923 18.601158916192968 CHE 103
-145.2525291 17.50687375 26.432728327444451 SEN 104
33.01553379 13.80951717 21.116832849381122 JOR 105
-49.60173686 143.6081473 26.324593283299887 NLD 106
88.27444715 -24.21877005 13.515899445744749 OMN 107
-26.71133992 66.93441337 48.120519234662289 ITA 108
248.3369928 -46.99189493 17.328067322333666 LAO 109
83.93747072 84.20895198 10.453205380069374 ARM 110
-9.741035515 69.77972569 1.1942482260115264 MCO 111
87.23950648 -12.79859227 19.347453128436602 ARE 112
33.54194099 31.84255395 14.534966062107987 PSE 113
86.88613902 176.4879739 20.43077159041167 SWE 114
53.2421655 101.2995112 11.625204021819526 MDA 115
-76.27097909 82.72045518 43.233246755155612 ESP 116
-60.87854773 -11.18423528 93.824250225672941 NGA 117
1.008361814 63.08940534 10.55503888936032 ALB 118
13.93032977 -140.5452811 6.900410717382937 SWZ 119
86.43488205 106.6326722 12.109364060164401 GEO 120
-35.11713217 33.77386833 16.460338010442232 LBY 121
268.0553091 -123.5609433 20.1571877413366 PNG 122
49.24598565 142.1638931 40.170840382954083 POL 123
-2.415152578 112.7986447 18.771797818654669 AUT 124
243.5073487 -35.96617588 17.166224104648915 HKG 125
86.39459145 165.9298544 7.2136660185443509 EST 126
77.57455168 168.5292377 14.673779446007559 NOR 127
0.4474913034 78.59015857 4.9631652484305366 MNE 128
52.73535279 26.65283957 42.306690389331351 IRQ 129
-148.1831907 5.424640202 9.1975944702771741 GNB 130
-102.5067494 31.03135724 30.269287604609637 MLI 131
106.5161199 114.6496007 27.770536099467865 KAZ 132
