-79.77932025 -6.63931465 4.7472542821757884 ECU 0
-46.1303313 7.775084998 0.87865139884746146 SUR 1
-47.30410681 -9.234772702 16.374576927854349 BRA 2
-60.67935849 -35.3813918 7.5305872859570888 ARG 3
-85.32205043 12.59288266 2.9546166451499345 NIC 4
-95.13918409 23.87187708 0.71337910523848391 BLZ 5
-63.84002762 -23.18137825 3.9176719172431178 BOL 6
-90.10647161 17.61425973 3.6227725255447951 HND 7
-57.06589156 -26.04278864 2.9155880831169001 PRY 8
-95.66018371 95.8536896 6.9315283928660048 CAN 9
-52.10009865 -30.24675364 2.0592961534022747 URY 10
-95.14613884 11.95786431 2.8081764469030146 SLV 11
-109.1537309 31.88526066 12.615243031416425 MEX 12
-81.87493593 6.596085147 2.5411245245006104 CRI 13
-77.29295666 6.350800371 2.3528189967205462 PAN 14
-98.95640924 19.20139839 4.7343943900960257 GTM 15
-56.08492937 10.07382515 5.9773144476431224 VEN 16
-71.06898554 -29.44535837 4.9314512791066454 CHL 17
-74.91608136 -16.74693492 6.5237829189637537 PER 18
-103.8592949 67.59600639 20.523724091066036 USA 19
-69.48811714 0.15160161 8.0329855948055844 COL 20
-44.38577256 8.545698242 0.6220745687835374 GUF 21
-48.26359371 8.925889083 1.0040882470144172 GUY 22
