16.284015 44.89744556 12.557061120706921 HRV 0
63.73367267 39.16337489 37.190267079057826 UZB 1
24.87637815 42.92578725 16.219054210516582 BGR 2
-14.08232844 24.58776945 4.8067563876665504 ESH 3
9.372335695 1.667957331 8.2122012116535252 GNQ 4
21.04449557 43.72702438 16.768756670155742 SRB 5
-1.389934122 13.56733909 30.241677316167273 BFA 6
1.274967385 6.502993173 18.870849556599598 TGO 7
60.81269254 38.97085129 16.009163623128554 TKM 8
25.79512652 57.48361043 8.4843270967260729 LVA 9
9.647887804 50.53345591 57.238547839388026 DEU 10
100.1443888 14.53062035 53.143183431408069 THA 11
46.46805423 41.49849091 20.237889446289813 AZE 12
104.0422452 35.46014324 236.80474093456917 CHN 13
11.31195847 -0.124603041 9.789922219419763 GAB 14
70.10442769 32.31798959 97.25798843362314 PAK 15
29.3557172 -2.146512512 23.545605091055275 RWA 16
38.71234997 34.65145486 30.225840536078788 SYR 17
30.08041428 -15.59754744 28.444318200884272 ZMB 18
10.73941416 56.64365763 15.2478088008267 DNK 19
84.1144871 28.25139514 34.860711515510097 NPL 20
8.631947504 35.53649337 22.136663020574257 TUN 21
92.26839291 21.75460402 82.479617937764189 BGD 22
73.42064074 40.24629481 16.276737746062985 KGZ 23
30.49301858 27.28008071 66.584789381892961 EGY 24
1.754957549 25.69879055 42.35386041920701 DZA 25
8.148053831 17.70640283 32.710506560757047 NER 26
62.83288035 34.04904401 40.760695937709116 AFG 27
48.49684763 13.87824826 36.810586215824081 YEM 28
-7.89784684 39.75962806 20.076669064768613 PRT 29
24.66249718 -1.121589307 63.422018311371339 COD 30
48.49948021 29.17794823 13.020670410425378 KWT 31
-5.313178016 36.05901712 1.1329633457435904 GIB 32
105.1677924 10.59772928 25.816605213989654 KHM 33
120.0802625 -3.594905115 104.48136402769953 IDN 34
71.92949813 38.82116835 19.974416800942763 TJK 35
-11.24581103 8.74494824 18.595133539528913 SLE 36
32.35963536 39.2416361 58.098497280179103 TUR 37
28.53553919 52.53789862 19.3284881314313 BLR 38
21.01313903 46.01229702 19.987163229818361 HUN 39
21.91249612 41.96910208 9.0569604257762002 MKD 40
114.245361 4.001211725 4.2198916596449774 BRN 41
24.37967542 -29.98005644 48.747317566996678 ZAF 42
20.50822024 13.64450068 26.813465849264972 TCD 43
11.72677179 45.52794837 1.1508063858912092 SMR 44
0.9993411072 46.32945789 50.468822644874962 FRA 45
36.144574 -17.35569742 36.514378401015769 MOZ 46
37.85060809 7.715160471 70.546041612587103 ETH 47
39.39019858 15.6337015 12.142968576167476 ERI 48
0.6117645223 42.40392229 1.7770982283583625 AND 49
17.79502828 43.94689136 11.238449618691737 BIH 50
17.17797872 -12.3486215 37.985730249503682 AGO 51
27.30156054 64.17344727 14.769275929636084 FIN 52
29.89386254 15.33128873 43.500575062320337 SDN 53
91.82902857 26.57599028 5.565028320431276 BTN 54
99.20541892 20.89724704 46.332917598525327 MMR 55
104.9717657 48.88126688 11.644467007726591 MNG 56
128.2279268 37.61639946 45.13134315363525 KOR 57
22.03502353 8.084960631 15.029101654374699 CAF 58
33.73203855 30.65044271 18.996217189388506 ISR 59
112.0137851 21.84307205 5.2620541529842972 MAC 60
107.2579762 15.54166761 62.357436562825313 VNM 61
-5.626802172 30.74505338 38.579420067195542 MAR 62
36.43553799 33.73942527 14.511818404630572 LBN 63
46.0161855 24.98522989 38.121459497544961 SAU 64
53.88453746 30.34292598 59.22384170286221 IRN 65
44.3316515 12.66603629 6.6859618848297169 DJI 66
23.56999585 56.14973788 10.340522835179389 LTU 67
99.3174447 60.39526318 75.375622048486363 RUS 68
29.743113 -20.63446177 25.603029953893035 ZWE 69
-12.1020082 20.88448371 13.83031670550182 MRT 70
25.48059745 -22.03786317 10.258426419874205 BWA 71
50.25587276 25.4405623 10.336581335956653 QAT 72
-18.93128709 12.76904056 10.444430594358346 GMB 73
76.17582859 15.2010753 237.05012914518309 IND 74
11.60284892 4.528710765 33.567875577731229 CMR 75
11.19190754 39.29950625 0.14273996463758234 VAT 76
-8.282115194 7.069191043 14.598607327398124 LBR 77
-1.747575093 6.769174905 36.635262367418953 GHA 78
24.26857559 45.93160285 27.972298945107518 ROU 79
33.60278853 49.70213172 38.017095393994964 UKR 80
30.06367491 -4.901234881 22.819205598105199 BDI 81
37.26919157 1.24606963 46.5542406551113 KEN 82
-9.77447374 11.46053152 23.625512441898575 GIN 83
35.28133981 -13.52270034 28.693573347859068 MWI 84
15.16664268 46.68472473 9.130896023358769 SVN 85
28.83763372 -29.84753512 9.5742239410731038 LSO 86
-5.54898607 7.115378539 33.699632998247999 CIV 87
48.88843514 10.41652898 26.714119015999053 SOM 88
28.93185703 6.85816369 20.88447149161146 SSD 89
125.6151342 -6.327666905 7.3160324182542684 TLS 90
9.53353623 46.74779881 1.2443781621195815 LIE 91
2.974369643 50.85848018 21.43952368190336 BEL 92
15.59904188 -0.3047771126 15.498300193355377 COG 93
35.53463538 -7.905927025 51.503024119408458 TZA 94
15.77479742 50.3541108 20.317769221632126 CZE 95
112.0499388 2.533688197 36.735232949191008 MYS 96
21.04103477 48.22321372 15.098083179099644 SVK 97
32.28689607 1.576841305 43.713866559415592 UGA 98
127.1287737 41.65047902 32.078087891570178 PRK 99
5.798181359 50.12161946 5.0748022272783357 LUX 100
2.04584358 8.800555545 23.22454234302446 BEN 101
22.56117265 39.18953814 20.168303373972602 GRC 102
7.148253178 45.96040207 18.601158916192968 CHE 103
-13.42873141 15.16682777 26.432728327444451 SEN 104
36.63624036 29.76151456 21.116832849381122 JOR 105
5.302976174 52.15338424 26.324593283299887 NLD 106
56.04974085 22.02660871 13.515899445744749 OMN 107
13.38520986 42.31802494 48.120519234662289 ITA 108
104.8251535 19.26116636 17.328067322333666 LAO 109
44.36343017 40.39169717 10.453205380069374 ARM 110
8.163244291 42.99425624 1.1942482260115264 MCO 111
54.32253477 23.30670003 19.347453128436602 ARE 112
35.6303521 32.26764376 14.534966062107987 PSE 113
15.64152801 62.62203261 20.43077159041167 SWE 114
28.81254344 46.44632761 11.625204021819526 MDA 115
-3.686542905 41.32368203 43.233246755155612 ESP 116
8.275896511 10.6843985 93.824250225672941 NGA 117
19.34950004 41.25266357 10.55503888936032 ALB 118
32.40589641 -25.75161168 6.900410717382937 SWZ 119
43.54348972 42.22902138 12.109364060164401 GEO 120
17.07959687 24.25162022 16.460338010442232 LBY 121
145.5985788 -6.851669676 20.1571877413366 PNG 122
21.13554753 51.75634097 40.170840382954083 POL 123
13.66292313 48.09637529 18.771797818654669 AUT 124
116.0535834 20.8674876 17.166224104648915 HKG 125
26.8412033 59.98089151 7.2136660185443509 EST 126
9.560517351 63.3056422 14.673779446007559 NOR 127
18.65960701 41.9980492 4.9631652484305366 MNE 128
44.36776733 31.86969109 42.306690389331351 IRQ 129
-16.12063005 12.27540928 9.1975944702771741 GNB 130
-5.16958261 19.63640305 30.269287604609637 MLI 131
66.47731248 48.06530213 27.770536099467865 KAZ 132
