20.15785675 46.79105389 44.533807217745306 HRV 0
63.85003319 43.83016453 46.996992309527926 UZB 1
30.77296368 39.53635275 41.283221069846888 BGR 2
-18.83695129 22.56063713 7.8192686958681321 ESH 3
11.16715401 2.148458216 41.144141883759261 GNQ 4
25.77742878 43.73324599 47.562754637560218 SRB 5
0.2721421192 9.966583153 48.517286333017566 BFA 6
3.437615751 1.360144442 67.885934341846365 TGO 7
56.61318562 38.63297662 19.54817173967033 TKM 8
29.09523023 58.39753917 28.529617402176342 LVA 9
13.41492543 58.40314065 81.260223955657779 DEU 10
98.67302174 9.828503595 62.370616214222537 THA 11
49.640124 42.46202809 59.066540424000038 AZE 12
95.44610858 41.62250784 64.715963728167878 CHN 13
10.70819923 -4.49864658 16.237930984916545 GAB 14
67.03902591 36.12042013 92.95150523365362 PAK 15
28.77200618 -4.122814021 125.77847256289328 RWA 16
41.52992658 37.18657266 59.195789025863917 SYR 17
29.84123746 -16.70179799 27.714316641600973 ZMB 18
13.9414021 62.38199287 63.973613362656039 DNK 19
81.32441026 22.50386281 77.258569148282902 NPL 20
16.93866775 21.30333644 47.118798973368882 TUN 21
87.3107063 27.28561587 191.81129906251886 BGD 22
74.60065585 45.61829169 31.15465914825036 KGZ 23
26.07205885 24.51315932 56.011567205046987 EGY 24
11.40753978 16.58792143 23.046954582448855 DZA 25
11.45664924 15.02310189 24.415658677317786 NER 26
63.20835782 36.24399193 42.334317948036556 AFG 27
50.16721684 17.224041 42.514464795643661 YEM 28
-18.59879008 40.38612207 55.669404154608429 PRT 29
22.56228283 -0.6306377683 35.349235211658097 COD 30
49.71986879 27.11623583 81.845933020002008 KWT 31
-27.77335744 32.50210622 364.84451337081953 GIB 32
106.2755522 4.415749797 51.571619014831185 KHM 33
121.6120493 -7.93116956 63.973613362656039 IDN 34
70.31899561 37.68573659 45.003270962534728 TJK 35
-15.76751799 6.171274662 58.088009882856824 SLE 36
38.57811162 38.14961549 55.08284928911408 TUR 37
36.10619707 46.38687086 35.992001226004987 BLR 38
25.73069405 48.61072591 55.497531548808638 HUN 39
28.04904393 35.30817367 47.843126988086951 MKD 40
118.1018582 -0.52600718 48.752999233091558 BRN 41
20.28873375 -33.0683364 37.141526305373105 ZAF 42
17.10958859 13.2142263 20.030915338092207 TCD 43
14.52602779 48.11322195 124.60330363242798 SMR 44
-11.17768972 48.73787029 57.226417215971679 FRA 45
37.30127939 -16.53948934 34.528955635735002 MOZ 46
36.99703795 8.937400029 55.703715038700238 ETH 47
41.3783498 23.42443119 29.257024475064838 ERI 48
-14.38848285 45.24676019 68.697293081976909 AND 49
22.9562685 45.58606358 41.651828571755829 BIH 50
21.58464711 -11.13839758 28.529617402176342 AGO 51
44.92024266 65.31512957 22.459139436763884 FIN 52
31.53590967 16.44595749 26.731722809052243 SDN 53
85.15000973 21.64897013 23.941523083243005 BTN 54
91.74698298 22.28816986 48.121865833357347 MMR 55
91.24154067 49.34255645 7.8192686958681321 MNG 56
132.8174807 37.60415402 121.21442841543978 KOR 57
16.45339329 2.53334387 16.000868173434725 CAF 58
32.15076795 28.60870081 108.3469652742113 ISR 59
112.0619067 28.39606764 769.84065818877934 MAC 60
109.2862757 6.613335814 93.463977444750384 VNM 61
-18.51622701 23.96253157 48.438460470505902 MAR 62
34.31492244 36.97597927 120.37611148541555 LBN 63
49.25524183 22.1888338 21.855520422871578 SAU 64
54.54978611 32.63586176 38.998480138170763 IRN 65
45.96244348 8.980350617 36.831577690765926 DJI 66
24.37586409 54.71823985 34.694563087686532 LTU 67
72.9844217 62.78125516 15.638537391736264 RUS 68
28.7789058 -19.0589795 34.528955635735002 ZWE 69
-16.25646825 19.88783747 11.398444904619073 MRT 70
24.32401272 -25.1276427 11.398444904619073 BWA 71
56.64324671 27.82000674 80.906763280762021 QAT 72
-17.78199995 13.06111762 87.115567062965226 GMB 73
79.58622913 17.2599525 115.3507783217006 IND 74
13.78721992 3.903482998 40.957968340926769 CMR 75
20.94397177 37.24920283 180.55358533300256 VAT 76
-9.078908353 5.002870849 39.48537140414976 LBR 77
-2.571520411 5.619380413 64.44970263401359 GHA 78
30.23467181 43.85666946 48.948559581871748 ROU 79
40.17123926 44.41737721 41.926157520964892 UKR 80
25.64536124 -9.63756961 119.48395225328625 BDI 81
42.109831 1.618597372 51.7934334536032 KEN 82
-8.068362626 9.529552926 39.966331539934984 GIN 83
39.71959879 -10.93521026 78.412295499309153 MWI 84
19.58886597 49.72128085 53.996848705407075 SVN 85
31.5203488 -26.81479045 46.09390916489771 LSO 86
-5.499009001 6.174716212 50.144013609131548 CIV 87
53.07792147 11.75460432 28.327992137877231 SOM 88
31.58324179 12.74262029 22.029670749283277 SSD 89
124.5137073 -8.093073171 50.334169822804569 TLS 90
11.79336517 53.97801804 82.774447501992341 LIE 91
2.96975975 57.59291476 103.3837733091176 BEL 92
16.20636209 -0.6197481547 22.288345023189358 COG 93
39.03555668 -7.513864906 45.927804447494381 TZA 94
18.43744045 54.25384733 61.351369429556172 CZE 95
117.5094765 -3.105877286 53.784122276120684 MYS 96
23.09044886 50.8143434 57.19301982928323 SVK 97
28.67996218 2.145632334 81.915936681853537 UGA 98
128.9478993 46.69456139 77.554769221780816 PRK 99
8.747318013 51.06015846 83.920645066883992 LUX 100
3.971614085 9.672801909 58.022187754200388 BEN 101
28.53611101 31.08542982 47.118798973368882 GRC 102
4.630017861 50.58247285 78.509702115123986 CHE 103
-15.28605783 15.52081969 50.561413279819419 SEN 104
39.57992828 26.19510602 59.453443296950098 JOR 105
8.434121936 59.46601608 120.37611148541555 NLD 106
63.09287373 26.35217629 20.408890465097933 OMN 107
19.78001679 43.81308231 74.257326877469239 ITA 108
104.5115943 9.416499561 30.283897438618197 LAO 109
45.73090039 43.95145213 51.977555731593327 ARM 110
-0.7970983399 31.31613307 708.90360667738537 MCO 111
60.99216837 27.75532873 60.913809504175333 ARE 112
39.17300095 31.71551165 157.1775121867293 PSE 113
43.04691286 63.45706701 26.87429300851052 SWE 114
32.80083819 44.49862547 53.784122276120684 MDA 115
-16.5351266 42.1560167 51.311623600559329 ESP 116
9.330421048 11.7298297 82.496990472722388 NGA 117
25.6522798 31.67061645 53.499171279035693 ALB 118
30.63831047 -20.69640288 44.145987288253025 SWZ 119
45.35262609 47.73316101 38.555021222074046 GEO 120
20.12140846 20.01113955 10.343920201829693 LBY 121
146.6865715 -14.10788984 25.110081248375081 PNG 122
21.66145543 54.02977742 60.913809504175333 POL 123
15.29286712 53.27863514 54.839503230079146 AUT 124
143.5478218 25.06132006 444.48777161398789 HKG 125
28.52778439 62.13247437 29.257024475064838 EST 126
37.27365467 59.57193857 20.408890465097933 NOR 127
23.36096934 32.29154499 35.938876471991861 MNE 128
46.23183598 30.80105156 53.890590454769722 IRQ 129
-17.27507049 8.553003188 46.010931763381734 GNB 130
-0.8170319916 11.43097809 22.963902223747191 MLI 131
66.02455549 53.27686087 14.23128383993285 KAZ 132
