-76.22361394 -9.975584464 4.7472542821757884 ECU 0
-46.32452738 4.370957739 0.87865139884746146 SUR 1
-41.73093472 -13.33947532 16.374576927854349 BRA 2
-53.53132009 -39.7894572 7.5305872859570888 ARG 3
-83.66984853 13.9419287 2.9546166451499345 NIC 4
-98.05203014 27.40410447 0.71337910523848391 BLZ 5
-59.78119136 -26.92204849 3.9176719172431178 BOL 6
-89.74480778 19.20907704 3.6227725255447951 HND 7
-52.43629207 -29.4003237 2.9155880831169001 PRY 8
-103.232793 99.85958209 6.9315283928660048 CAN 9
-41.98128934 -36.50120862 2.0592961534022747 URY 10
-94.99262183 13.68123821 2.8081764469030146 SLV 11
-110.5008936 35.32009319 12.615243031416425 MEX 12
-81.70781159 7.606397033 2.5411245245006104 CRI 13
-76.82843944 4.368938219 2.3528189967205462 PAN 14
-99.97026278 21.37991882 4.7343943900960257 GTM 15
-54.36072095 8.57092609 5.9773144476431224 VEN 16
-66.38693064 -33.12238418 4.9314512791066454 CHL 17
-69.72194005 -19.9204626 6.5237829189637537 PER 18
-110.6440001 72.4723617 20.523724091066036 USA 19
-65.78220963 -2.560140275 8.0329855948055844 COL 20
-44.61617573 4.654990499 0.6220745687835374 GUF 21
-48.23703643 4.822010777 1.0040882470144172 GUY 22
