-1.92802706 91.93796292 12.557061120706921 HRV 0
109.5136386 90.10031599 37.190267079057826 UZB 1
15.32750498 67.68661093 16.219054210516582 BGR 2
-101.9095719 39.86695851 4.8067563876665504 ESH 3
-50.87456879 -63.36145203 8.2122012116535252 GNQ 4
9.103793736 76.82826253 16.768756670155742 SRB 5
-98.27598339 12.5226474 30.241677316167273 BFA 6
-86.61296711 -34.07203219 18.870849556599598 TGO 7
87.11112315 75.01161775 16.009163623128554 TKM 8
79.55760075 161.8007365 8.4843270967260729 LVA 9
-23.9275453 128.5768338 57.238547839388026 DEU 10
212.9406125 -68.95694128 53.143183431408069 THA 11
91.7059623 97.52692482 20.237889446289813 AZE 12
215.5761123 59.46818705 236.80474093456917 CHN 13
-50.25039047 -69.55314706 9.789922219419763 GAB 14
126.9287015 -8.996879247 97.25798843362314 PAK 15
10.76451137 -71.64461845 23.545605091055275 RWA 16
39.29326076 46.45678297 30.225840536078788 SYR 17
-2.276633889 -101.0351116 28.444318200884272 ZMB 18
-4.873560042 143.6621907 15.2478088008267 DNK 19
169.9498398 -20.32548412 34.860711515510097 NPL 20
-41.09526116 51.10220505 22.136663020574257 TUN 21
168.2115424 -60.63823015 82.479617937764189 BGD 22
126.0045521 83.08481444 16.276737746062985 KGZ 23
-5.648471532 29.68427539 66.584789381892961 EGY 24
-73.29864944 49.32146178 42.35386041920701 DZA 25
-52.1380555 35.68119401 32.710506560757047 NER 26
108.9336584 50.96784093 40.760695937709116 AFG 27
76.67725863 -21.9180656 36.810586215824081 YEM 28
-92.33085089 72.82721897 20.076669064768613 PRT 29
-18.24413141 -74.61438135 63.422018311371339 COD 30
78.38044832 3.129072684 13.020670410425378 KWT 31
-65.32445389 62.42100573 1.1329633457435904 GIB 32
238.542573 -75.67586442 25.816605213989654 KHM 33
227.3303999 -143.8945228 104.48136402769953 IDN 34
120.983748 71.93112681 19.974416800942763 TJK 35
-141.1223684 -19.89099011 18.595133539528913 SLE 36
38.79731215 76.16009928 58.098497280179103 TUR 37
78.38738739 145.9443973 19.3284881314313 BLR 38
23.69615449 110.4474647 19.987163229818361 HUN 39
6.715636689 66.19001485 9.0569604257762002 MKD 40
229.1784856 -55.8935922 4.2198916596449774 BRN 41
-11.46421318 -134.8456083 48.747317566996678 ZAF 42
-11.57270451 -1.185592447 26.813465849264972 TCD 43
-22.67154239 85.73047061 1.1508063858912092 SMR 44
-50.2193935 101.5175196 50.468822644874962 FRA 45
26.77034305 -121.3004822 36.514378401015769 MOZ 46
42.65771856 -34.16201309 70.546041612587103 ETH 47
45.71403287 -6.490337967 12.142968576167476 ERI 48
-43.18755371 69.4211588 1.7770982283583625 AND 49
2.074636319 83.12877803 11.238449618691737 BIH 50
-23.87032 -108.4460202 37.985730249503682 AGO 51
93.27608296 167.2154429 14.769275929636084 FIN 52
12.38764887 -2.770880691 43.500575062320337 SDN 53
183.7304326 -16.55681211 5.565028320431276 BTN 54
220.4613368 -36.43181539 46.332917598525327 MMR 55
187.7228336 137.9629183 11.644467007726591 MNG 56
311.4326166 71.78119485 45.13134315363525 KOR 57
-23.8937146 -41.08262406 15.029101654374699 CAF 58
23.0341551 30.38296973 18.996217189388506 ISR 59
229.7766046 -21.85977987 5.2620541529842972 MAC 60
259.9419362 -55.28654931 62.357436562825313 VNM 61
-99.97635843 54.29582529 38.579420067195542 MAR 62
20.00838632 44.44252708 14.511818404630572 LBN 63
61.8558059 -1.529935928 38.121459497544961 SAU 64
86.01729942 26.51486389 59.22384170286221 IRN 65
61.62932727 -16.54787464 6.6859618848297169 DJI 66
76.47586997 155.7077764 10.340522835179389 LTU 67
161.8722033 152.1325707 75.375622048486363 RUS 68
6.195671402 -117.0678616 25.603029953893035 ZWE 69
-107.7308587 29.39673154 13.83031670550182 MRT 70
-5.522723578 -113.6271517 10.258426419874205 BWA 71
78.65254831 -4.793189333 10.336581335956653 QAT 72
-143.1793379 2.1266446 10.444430594358346 GMB 73
112.7404024 -153.2902248 237.05012914518309 IND 74
-47.90476774 -49.30309633 33.567875577731229 CMR 75
-24.09171931 42.99250622 0.14273996463758234 VAT 76
-132.3623494 -38.50849795 14.598607327398124 LBR 77
-100.4466394 -21.57443358 36.635262367418953 GHA 78
38.84261946 105.0545602 27.972298945107518 ROU 79
79.40908275 126.544339 38.017095393994964 UKR 80
7.956841969 -86.99902435 22.819205598105199 BDI 81
63.93734965 -67.1778172 46.5542406551113 KEN 82
-129.6021194 -5.462845329 23.625512441898575 GIN 83
16.93042016 -101.771142 28.693573347859068 MWI 84
-2.561686333 99.63965693 9.130896023358769 SVN 85
12.172365 -127.2427881 9.5742239410731038 LSO 86
-123.9087143 -23.87706204 33.699632998247999 CIV 87
82.86150131 -42.32461482 26.714119015999053 SOM 88
9.375524772 -27.58092781 20.88447149161146 SSD 89
264.7865442 -138.0360928 7.3160324182542684 TLS 90
-21.13655991 97.39955934 1.2443781621195815 LIE 91
-52.76400907 125.4910436 21.43952368190336 BEL 92
-42.87875222 -64.96863636 15.498300193355377 COG 93
34.12460283 -81.0369233 51.503024119408458 TZA 94
7.805078942 112.8876693 20.317769221632126 CZE 95
225.0012771 -96.56947809 36.735232949191008 MYS 96
26.49352677 121.9545288 15.098083179099644 SVK 97
7.459018679 -49.2571511 43.713866559415592 UGA 98
267.7201357 133.9572051 32.078087891570178 PRK 99
-33.121142 108.9244136 5.0748022272783357 LUX 100
-90.97137472 -3.871363472 23.22454234302446 BEN 101
8.980485645 55.78103949 20.168303373972602 GRC 102
-29.16887469 91.85523291 18.601158916192968 CHE 103
-133.6565151 14.63779681 26.432728327444451 SEN 104
33.10298509 13.53614816 21.116832849381122 JOR 105
-49.23906819 141.1286597 26.324593283299887 NLD 106
89.73019191 -11.04602719 13.515899445744749 OMN 107
-26.45622219 69.57889636 48.120519234662289 ITA 108
242.1183106 -35.34941183 17.328067322333666 LAO 109
82.95514113 87.97093148 10.453205380069374 ARM 110
-9.919774374 69.23133037 1.1942482260115264 MCO 111
88.78617651 0.02264604223 19.347453128436602 ARE 112
34.1247721 32.35430713 14.534966062107987 PSE 113
83.21021147 173.381142 20.43077159041167 SWE 114
51.46711874 100.0279473 11.625204021819526 MDA 115
-71.76870188 78.65291117 43.233246755155612 ESP 116
-51.70009241 -6.754367469 93.824250225672941 NGA 117
1.116325318 62.72315494 10.55503888936032 ALB 118
15.82865681 -131.3977547 6.900410717382937 SWZ 119
85.0242098 110.4005646 12.109364060164401 GEO 120
-32.61305002 36.622335 16.460338010442232 LBY 121
260.9340117 -116.1061408 20.1571877413366 PNG 122
47.24249845 139.3835686 40.170840382954083 POL 123
-4.753618947 108.8893343 18.771797818654669 AUT 124
238.320046 -24.38517612 17.166224104648915 HKG 125
84.36619765 163.9408513 7.2136660185443509 EST 126
73.50918826 166.6784384 14.673779446007559 NOR 127
0.4362765137 75.39804507 4.9631652484305366 MNE 128
51.67630948 24.88685817 42.306690389331351 IRQ 129
-136.5834576 3.048007502 9.1975944702771741 GNB 130
-93.04376466 32.13825814 30.269287604609637 MLI 131
104.0381253 115.382865 27.770536099467865 KAZ 132
