-1.681638033 91.5502706 12.557061120706921 HRV 0
109.0301087 88.29276795 37.190267079057826 UZB 1
15.80552282 67.87640626 16.219054210516582 BGR 2
-101.903742 39.27292943 4.8067563876665504 ESH 3
-50.81846631 -63.87493865 8.2122012116535252 GNQ 4
9.616599816 77.04836821 16.768756670155742 SRB 5
-98.18721164 11.51558654 30.241677316167273 BFA 6
-86.87921448 -35.47560291 18.870849556599598 TGO 7
87.22054604 74.88435699 16.009163623128554 TKM 8
79.82355246 162.0970124 8.4843270967260729 LVA 9
-23.83936162 128.62836 57.238547839388026 DEU 10
212.6730152 -69.45633953 53.143183431408069 THA 11
92.08652419 97.48070029 20.237889446289813 AZE 12
216.3210828 58.39798204 236.80474093456917 CHN 13
-50.12407071 -69.87895246 9.789922219419763 GAB 14
127.6753104 -9.832363172 97.25798843362314 PAK 15
11.36846925 -71.62649583 23.545605091055275 RWA 16
37.43575421 46.56749653 30.225840536078788 SYR 17
-1.692433541 -100.8996135 28.444318200884272 ZMB 18
-4.690268137 143.6977263 15.2478088008267 DNK 19
171.1113174 -20.77268749 34.860711515510097 NPL 20
-41.68107094 51.33213069 22.136663020574257 TUN 21
167.9285544 -61.51934574 82.479617937764189 BGD 22
126.1255856 82.88426444 16.276737746062985 KGZ 23
-6.15793497 29.07842656 66.584789381892961 EGY 24
-73.25472345 49.6331586 42.35386041920701 DZA 25
-52.73520327 35.06624986 32.710506560757047 NER 26
108.9607641 51.67868132 40.760695937709116 AFG 27
77.12086895 -21.49627933 36.810586215824081 YEM 28
-92.24335536 73.23684884 20.076669064768613 PRT 29
-17.64517567 -74.56004357 63.422018311371339 COD 30
78.74416917 3.675335603 13.020670410425378 KWT 31
-65.2740117 62.55177834 1.1329633457435904 GIB 32
238.4753314 -76.83350236 25.816605213989654 KHM 33
226.9947883 -144.5186192 104.48136402769953 IDN 34
120.9496583 71.83900836 19.974416800942763 TJK 35
-141.1863147 -19.89358582 18.595133539528913 SLE 36
39.28104152 76.17440365 58.098497280179103 TUR 37
78.76818458 146.4647712 19.3284881314313 BLR 38
24.23256086 110.5179037 19.987163229818361 HUN 39
7.006130543 65.97417216 9.0569604257762002 MKD 40
228.8003425 -56.51337442 4.2198916596449774 BRN 41
-11.87617169 -135.2861075 48.747317566996678 ZAF 42
-11.9469614 -1.59265467 26.813465849264972 TCD 43
-22.55070962 85.79341617 1.1508063858912092 SMR 44
-50.21594353 101.4392439 50.468822644874962 FRA 45
26.45445528 -121.865779 36.514378401015769 MOZ 46
43.22430748 -33.72919968 70.546041612587103 ETH 47
46.14197189 -6.122887509 12.142968576167476 ERI 48
-43.13458969 69.34873119 1.7770982283583625 AND 49
2.323279517 83.15193802 11.238449618691737 BIH 50
-23.65745998 -108.2415118 37.985730249503682 AGO 51
94.03172433 167.3729053 14.769275929636084 FIN 52
12.42857419 -2.697576902 43.500575062320337 SDN 53
184.2055071 -16.75677542 5.565028320431276 BTN 54
220.2832996 -36.9993793 46.332917598525327 MMR 55
187.972958 136.9508099 11.644467007726591 MNG 56
312.0614695 71.07761937 45.13134315363525 KOR 57
-23.5002434 -41.76932718 15.029101654374699 CAF 58
22.50065754 29.92067566 18.996217189388506 ISR 59
229.8709357 -22.4013216 5.2620541529842972 MAC 60
259.5092785 -56.02103762 62.357436562825313 VNM 61
-100.1189907 53.70585794 38.579420067195542 MAR 62
20.07325036 44.4132678 14.511818404630572 LBN 63
62.26015117 -1.027968538 38.121459497544961 SAU 64
85.96830322 27.31708877 59.22384170286221 IRN 65
62.13258638 -16.0373371 6.6859618848297169 DJI 66
76.84138244 156.2662708 10.340522835179389 LTU 67
162.3866285 150.9887914 75.375622048486363 RUS 68
5.853691418 -117.3886253 25.603029953893035 ZWE 69
-107.5655422 29.21097706 13.83031670550182 MRT 70
-5.738705185 -113.3381937 10.258426419874205 BWA 71
78.60061279 -4.244744416 10.336581335956653 QAT 72
-143.1290054 2.369327941 10.444430594358346 GMB 73
112.423728 -154.2331859 237.05012914518309 IND 74
-47.10518873 -49.75270073 33.567875577731229 CMR 75
-24.02962761 43.02298176 0.14273996463758234 VAT 76
-132.400621 -38.79296263 14.598607327398124 LBR 77
-100.7272238 -23.00473834 36.635262367418953 GHA 78
39.46468226 105.1529908 27.972298945107518 ROU 79
79.79588882 126.9607817 38.017095393994964 UKR 80
8.696827631 -87.01815174 22.819205598105199 BDI 81
64.41935938 -66.76491883 46.5542406551113 KEN 82
-129.8925896 -6.208737427 23.625512441898575 GIN 83
17.47858752 -101.9266803 28.693573347859068 MWI 84
-2.449209307 99.66201064 9.130896023358769 SVN 85
12.023829 -127.4425527 9.5742239410731038 LSO 86
-124.257142 -24.58811976 33.699632998247999 CIV 87
82.43465962 -42.1407896 26.714119015999053 SOM 88
9.499918188 -27.66366602 20.88447149161146 SSD 89
264.3414115 -138.8163797 7.3160324182542684 TLS 90
-20.78827795 97.63893809 1.2443781621195815 LIE 91
-51.86440423 125.6236544 21.43952368190336 BEL 92
-42.58103244 -65.57311032 15.498300193355377 COG 93
34.72767625 -81.26058456 51.503024119408458 TZA 94
8.193178987 113.0165733 20.317769221632126 CZE 95
224.3619451 -97.2247126 36.735232949191008 MYS 96
26.97924359 121.9520892 15.098083179099644 SVK 97
8.210452387 -49.27119631 43.713866559415592 UGA 98
268.1691216 132.1606713 32.078087891570178 PRK 99
-33.06123296 108.8854463 5.0748022272783357 LUX 100
-91.29356913 -5.242706574 23.22454234302446 BEN 101
9.061915477 55.76786868 20.168303373972602 GRC 102
-29.10547771 91.81612558 18.601158916192968 CHE 103
-133.9190935 14.27121043 26.432728327444451 SEN 104
33.01552614 15.02294515 21.116832849381122 JOR 105
-49.19931676 141.4140961 26.324593283299887 NLD 106
89.92005118 -10.46049307 13.515899445744749 OMN 107
-26.40384372 69.27202376 48.120519234662289 ITA 108
242.1600003 -35.63448296 17.328067322333666 LAO 109
82.75201217 88.68055611 10.453205380069374 ARM 110
-9.849657903 69.19941464 1.1942482260115264 MCO 111
89.29860007 0.5523721402 19.347453128436602 ARE 112
33.51824852 32.08608315 14.534966062107987 PSE 113
83.90394277 173.597982 20.43077159041167 SWE 114
51.82502437 99.74278659 11.625204021819526 MDA 115
-71.57361964 78.41280092 43.233246755155612 ESP 116
-52.1296186 -7.320309729 93.824250225672941 NGA 117
1.154684332 62.95336843 10.55503888936032 ALB 118
15.60565205 -131.6678298 6.900410717382937 SWZ 119
84.7409738 110.8646006 12.109364060164401 GEO 120
-33.12260952 36.11244857 16.460338010442232 LBY 121
261.3422743 -116.0294099 20.1571877413366 PNG 122
47.68295679 139.0956518 40.170840382954083 POL 123
-4.291803297 108.9697122 18.771797818654669 AUT 124
238.1652281 -24.75288896 17.166224104648915 HKG 125
84.70337075 164.0956811 7.2136660185443509 EST 126
73.99516567 167.238404 14.673779446007559 NOR 127
0.5015592466 75.27500298 4.9631652484305366 MNE 128
51.8527682 26.75843594 42.306690389331351 IRQ 129
-136.5454962 2.609446319 9.1975944702771741 GNB 130
-92.83602348 31.12025449 30.269287604609637 MLI 131
104.2115254 115.2284165 27.770536099467865 KAZ 132
