-1.607571726 95.49922405 12.557061120706921 HRV 0
112.5555213 89.36470281 37.190267079057826 UZB 1
15.78728187 70.94535628 16.219054210516582 BGR 2
-112.3621981 41.55412089 4.8067563876665504 ESH 3
-55.48140292 -69.7658726 8.2122012116535252 GNQ 4
9.514609525 80.70249446 16.768756670155742 SRB 5
-108.6340023 10.46976023 30.241677316167273 BFA 6
-96.42555002 -37.09869732 18.870849556599598 TGO 7
87.19206174 75.37971674 16.009163623128554 TKM 8
82.47231158 162.0999257 8.4843270967260729 LVA 9
-23.40583347 129.6991506 57.238547839388026 DEU 10
211.0304844 -80.82387345 53.143183431408069 THA 11
92.97459575 93.64972485 20.237889446289813 AZE 12
218.0064384 49.42872574 236.80474093456917 CHN 13
-54.29437376 -75.94394063 9.789922219419763 GAB 14
127.8559337 -24.52162581 97.25798843362314 PAK 15
4.810963132 -84.12662123 23.545605091055275 RWA 16
37.55927173 46.95485486 30.225840536078788 SYR 17
-10.58147781 -115.8811843 28.444318200884272 ZMB 18
-3.38044997 145.1643888 15.2478088008267 DNK 19
172.9645578 -34.09076732 34.860711515510097 NPL 20
-47.91807382 54.58464302 22.136663020574257 TUN 21
163.7708586 -83.60445852 82.479617937764189 BGD 22
130.0087117 82.74942749 16.276737746062985 KGZ 23
-6.993291619 26.5727062 66.584789381892961 EGY 24
-80.16194609 53.08502908 42.35386041920701 DZA 25
-62.85973423 32.92233032 32.710506560757047 NER 26
109.42074 40.63736697 40.760695937709116 AFG 27
73.16344572 -33.11962943 36.810586215824081 YEM 28
-96.04007154 72.69684142 20.076669064768613 PRT 29
-25.37063261 -87.42667479 63.422018311371339 COD 30
74.36044553 -7.652730968 13.020670410425378 KWT 31
-67.44843044 61.90072189 1.1329633457435904 GIB 32
242.2037963 -75.55491768 25.816605213989654 KHM 33
232.7721774 -154.1462671 104.48136402769953 IDN 34
122.8437405 72.26994607 19.974416800942763 TJK 35
-153.593529 -17.98495421 18.595133539528913 SLE 36
40.85292574 77.61284684 58.098497280179103 TUR 37
81.34578598 145.615501 19.3284881314313 BLR 38
24.91977141 114.0742687 19.987163229818361 HUN 39
6.800168983 66.73695107 9.0569604257762002 MKD 40
234.7188318 -64.22513597 4.2198916596449774 BRN 41
-18.16505844 -152.2105922 48.747317566996678 ZAF 42
-19.06139715 -6.416809508 26.813465849264972 TCD 43
-22.78636422 85.69354935 1.1508063858912092 SMR 44
-49.95312485 102.126183 50.468822644874962 FRA 45
26.36660551 -131.9328247 36.514378401015769 MOZ 46
38.47074163 -47.28409717 70.546041612587103 ETH 47
40.7316029 -18.51359089 12.142968576167476 ERI 48
-43.48720354 71.64728796 1.7770982283583625 AND 49
2.021667349 87.27263562 11.238449618691737 BIH 50
-32.94091867 -122.0944885 37.985730249503682 AGO 51
97.23212297 169.7967238 14.769275929636084 FIN 52
5.634730953 -10.00328456 43.500575062320337 SDN 53
186.1961115 -29.06656404 5.565028320431276 BTN 54
225.3994227 -49.20856022 46.332917598525327 MMR 55
191.6786171 132.0457211 11.644467007726591 MNG 56
315.5926307 71.74598522 45.13134315363525 KOR 57
-27.45797021 -47.39734399 15.029101654374699 CAF 58
22.87217351 27.05438291 18.996217189388506 ISR 59
234.6483115 -33.7117921 5.2620541529842972 MAC 60
273.6209521 -58.5969842 62.357436562825313 VNM 61
-108.246475 56.16443551 38.579420067195542 MAR 62
19.94818916 44.46957934 14.511818404630572 LBN 63
57.09018836 -12.16796424 38.121459497544961 SAU 64
86.06502543 14.69228533 59.22384170286221 IRN 65
57.10583592 -27.80804369 6.6859618848297169 DJI 66
79.55483698 155.8589413 10.340522835179389 LTU 67
164.6372041 145.8948968 75.375622048486363 RUS 68
-1.137552355 -132.626199 25.603029953893035 ZWE 69
-117.843893 32.31649809 13.83031670550182 MRT 70
-13.16374397 -129.1519845 10.258426419874205 BWA 71
76.74697332 -15.56035472 10.336581335956653 QAT 72
-154.9691967 4.330705313 10.444430594358346 GMB 73
108.4987328 -180.6172468 237.05012914518309 IND 74
-54.59814296 -55.20764804 33.567875577731229 CMR 75
-24.44331294 43.15547714 0.14273996463758234 VAT 76
-144.1512179 -38.09736376 14.598607327398124 LBR 77
-111.6247653 -25.0889308 36.635262367418953 GHA 78
40.3917681 107.6515786 27.972298945107518 ROU 79
82.00902723 124.3339458 38.017095393994964 UKR 80
2.296468756 -100.2167731 22.819205598105199 BDI 81
59.48668013 -82.33563402 46.5542406551113 KEN 82
-141.5486403 -3.929977274 23.625512441898575 GIN 83
9.340932118 -116.8282599 28.693573347859068 MWI 84
-0.5850785066 103.2308703 9.130896023358769 SVN 85
10.73643776 -135.7567926 9.5742239410731038 LSO 86
-136.0992022 -23.18488396 33.699632998247999 CIV 87
76.32780706 -55.07561182 26.714119015999053 SOM 88
7.538183791 -39.33247881 20.88447149161146 SSD 89
271.4460656 -147.3146263 7.3160324182542684 TLS 90
-17.59734238 99.75452937 1.2443781621195815 LIE 91
-52.1417777 127.1293314 21.43952368190336 BEL 92
-47.21842296 -70.65853175 15.498300193355377 COG 93
28.12202785 -96.07537256 51.503024119408458 TZA 94
10.63386671 116.7791242 20.317769221632126 CZE 95
231.1557711 -104.8874262 36.735232949191008 MYS 96
28.91874581 125.6541325 15.098083179099644 SVK 97
0.987644675 -60.91317786 43.713866559415592 UGA 98
270.4625164 127.2950142 32.078087891570178 PRK 99
-32.11979267 109.7688339 5.0748022272783357 LUX 100
-101.5162938 -6.797779438 23.22454234302446 BEN 101
9.426386557 55.60934325 20.168303373972602 GRC 102
-28.99345119 90.20171707 18.601158916192968 CHE 103
-145.2962803 17.50397454 26.432728327444451 SEN 104
33.01553379 13.80951717 21.116832849381122 JOR 105
-49.59746808 143.6050201 26.324593283299887 NLD 106
88.30823116 -24.21636107 13.515899445744749 OMN 107
-26.71621321 66.94541659 48.120519234662289 ITA 108
248.3399043 -46.99356881 17.328067322333666 LAO 109
83.92212468 84.29631719 10.453205380069374 ARM 110
-9.739536442 69.78000077 1.1942482260115264 MCO 111
87.24347707 -12.79233454 19.347453128436602 ARE 112
33.54636255 31.85618721 14.534966062107987 PSE 113
86.88746879 176.4897777 20.43077159041167 SWE 114
53.2421655 101.2995112 11.625204021819526 MDA 115
-76.28687621 82.7326284 43.233246755155612 ESP 116
-60.90233641 -11.19634261 93.824250225672941 NGA 117
1.007018964 63.088354 10.55503888936032 ALB 118
13.90769233 -140.5571263 6.900410717382937 SWZ 119
86.41964258 106.7188216 12.109364060164401 GEO 120
-35.08160036 33.78189829 16.460338010442232 LBY 121
268.0553091 -123.5609433 20.1571877413366 PNG 122
49.24598565 142.1638931 40.170840382954083 POL 123
-2.415480782 112.7965965 18.771797818654669 AUT 124
243.5083264 -35.9653988 17.166224104648915 HKG 125
86.39459145 165.9298544 7.2136660185443509 EST 126
77.57269811 168.5291919 14.673779446007559 NOR 127
0.4474913034 78.59015857 4.9631652484305366 MNE 128
52.697835 26.64258876 42.306690389331351 IRQ 129
-148.1967054 5.400238954 9.1975944702771741 GNB 130
-102.5038967 31.02482923 30.269287604609637 MLI 131
106.5161199 114.6496007 27.770536099467865 KAZ 132
