67.61241798 88.89058473 12.557061120706921 HRV 0
193.5073203 68.73782447 37.190267079057826 UZB 1
97.07424981 77.85766722 16.219054210516582 BGR 2
-140.8492359 51.7071253 4.8067563876665504 ESH 3
-63.8892146 -94.39037708 8.2122012116535252 GNQ 4
83.78044305 86.54185879 16.768756670155742 SRB 5
-156.5249652 -21.86223817 30.241677316167273 BFA 6
-159.9388155 -70.53765202 18.870849556599598 TGO 7
171.6369467 55.15942963 16.009163623128554 TKM 8
168.5014008 160.5354123 8.4843270967260729 LVA 9
32.93671774 157.5003695 57.238547839388026 DEU 10
231.7957649 -187.1664814 53.143183431408069 THA 11
166.7269658 71.80815288 20.237889446289813 AZE 12
310.0972996 -15.95528731 236.80474093456917 CHN 13
-63.86588746 -102.8464449 9.789922219419763 GAB 14
180.2443188 -99.22803602 97.25798843362314 PAK 15
29.44186685 -167.0572836 23.545605091055275 RWA 16
92.31910102 3.216369342 30.225840536078788 SYR 17
-13.40723632 -183.6859879 28.444318200884272 ZMB 18
13.76229379 186.4742641 15.2478088008267 DNK 19
104.5043285 -126.248923 34.860711515510097 NPL 20
-50.88831227 23.55716015 22.136663020574257 TUN 21
160.5108347 -200.8893587 82.479617937764189 BGD 22
219.5205828 73.0181103 16.276737746062985 KGZ 23
-8.321320022 12.82359652 66.584789381892961 EGY 24
-100.8697024 27.21524744 42.35386041920701 DZA 25
-96.83681812 -24.97113426 32.710506560757047 NER 26
181.4911634 19.31035262 40.760695937709116 AFG 27
109.2183312 -92.96894668 36.810586215824081 YEM 28
-115.293297 90.97842998 20.076669064768613 PRT 29
-32.78057261 -141.3636223 63.422018311371339 COD 30
116.3524609 -62.45089385 13.020670410425378 KWT 31
-72.4251269 59.75006849 1.1329633457435904 GIB 32
310.8307477 -184.7587685 25.816605213989654 KHM 33
266.8108581 -252.7470165 104.48136402769953 IDN 34
200.2995951 42.55182303 19.974416800942763 TJK 35
-216.5261504 -4.730367478 18.595133539528913 SLE 36
108.5789779 44.77960061 58.098497280179103 TUR 37
160.6396594 139.656635 19.3284881314313 BLR 38
96.53378048 101.4122327 19.987163229818361 HUN 39
76.41164031 68.97082371 9.0569604257762002 MKD 40
284.5124474 -142.7155835 4.2198916596449774 BRN 41
-35.73594593 -223.876141 48.747317566996678 ZAF 42
-44.3993475 -51.02302238 26.813465849264972 TCD 43
-20.01700064 85.36924166 1.1508063858912092 SMR 44
-35.39792941 104.1899685 50.468822644874962 FRA 45
38.54005624 -222.3976748 36.514378401015769 MOZ 46
26.11827102 -83.85307975 70.546041612587103 ETH 47
44.49011569 -49.94019441 12.142968576167476 ERI 48
-45.71236726 73.31999831 1.7770982283583625 AND 49
72.37234007 78.84038953 11.238449618691737 BIH 50
-75.73549274 -161.6001642 37.985730249503682 AGO 51
189.5029492 172.7377146 14.769275929636084 FIN 52
-11.26359904 -46.55252631 43.500575062320337 SDN 53
241.2496246 -136.1064628 5.565028320431276 BTN 54
260.625991 -150.654163 46.332917598525327 MMR 55
285.325301 108.0452385 11.644467007726591 MNG 56
414.9502733 79.59037296 45.13134315363525 KOR 57
-34.20556984 -91.43498685 15.029101654374699 CAF 58
43.45115666 1.052014948 18.996217189388506 ISR 59
260.3507285 -126.2789505 5.2620541529842972 MAC 60
369.6175667 -166.6626357 62.357436562825313 VNM 61
-118.5835349 63.64871941 38.579420067195542 MAR 62
49.75534805 15.95335859 14.511818404630572 LBN 63
78.83955121 -63.31181949 38.121459497544961 SAU 64
137.8482367 -1.792537406 59.22384170286221 IRN 65
57.44240741 -63.27271203 6.6859618848297169 DJI 66
162.1383393 153.3427669 10.340522835179389 LTU 67
241.5981119 119.4103348 75.375622048486363 RUS 68
-3.733594792 -208.4420341 25.603029953893035 ZWE 69
-153.8903368 38.63045533 13.83031670550182 MRT 70
-32.45599913 -187.1147101 10.258426419874205 BWA 71
105.6191162 -64.77909702 10.336581335956653 QAT 72
-210.6025081 9.010134593 10.444430594358346 GMB 73
116.0020967 -344.3127239 237.05012914518309 IND 74
-52.86055058 -78.13771849 33.567875577731229 CMR 75
-21.7276781 43.83296581 0.14273996463758234 VAT 76
-218.7658421 -21.03995254 14.598607327398124 LBR 77
-175.8267827 -49.73703482 36.635262367418953 GHA 78
118.6600956 94.69703507 27.972298945107518 ROU 79
153.4241674 112.0445973 38.017095393994964 UKR 80
10.82698489 -178.8101936 22.819205598105199 BDI 81
58.76271664 -132.5996486 46.5542406551113 KEN 82
-194.9016336 4.996733527 23.625512441898575 GIN 83
30.14090328 -193.0516816 28.693573347859068 MWI 84
67.60945523 99.25364582 9.130896023358769 SVN 85
3.600064443 -193.6142447 9.5742239410731038 LSO 86
-194.4599439 -22.2657008 33.699632998247999 CIV 87
72.13868716 -93.34563741 26.714119015999053 SOM 88
-5.769326421 -111.3234361 20.88447149161146 SSD 89
332.2016984 -222.290152 7.3160324182542684 TLS 90
48.45922511 116.0001995 1.2443781621195815 LIE 91
-42.53452077 137.757823 21.43952368190336 BEL 92
-56.24723499 -111.9099609 15.498300193355377 COG 93
65.20070388 -178.0339616 51.503024119408458 TZA 94
72.46444154 136.2729844 20.317769221632126 CZE 95
281.444597 -183.2939554 36.735232949191008 MYS 96
100.5714981 119.6154387 15.098083179099644 SVK 97
16.99501685 -137.7168169 43.713866559415592 UGA 98
348.4026601 105.5606602 32.078087891570178 PRK 99
-20.49541758 125.489249 5.0748022272783357 LUX 100
-146.2747186 -47.23895315 23.22454234302446 BEN 101
72.14516092 51.12669306 20.168303373972602 GRC 102
30.97141669 122.2701495 18.601158916192968 CHE 103
-192.9936248 29.22011908 26.432728327444451 SEN 104
55.96643806 -16.5820046 21.116832849381122 JOR 105
-46.5031782 159.9230438 26.324593283299887 NLD 106
129.3362453 -64.66781958 13.515899445744749 OMN 107
21.44261246 65.19188609 48.120519234662289 ITA 108
292.8138904 -158.8052603 17.328067322333666 LAO 109
153.9541221 65.27255863 10.453205380069374 ARM 110
-4.96895453 80.64159046 1.1942482260115264 MCO 111
133.8011136 -46.74455277 19.347453128436602 ARE 112
63.32813345 15.82000963 14.534966062107987 PSE 113
178.3715684 184.8781782 20.43077159041167 SWE 114
132.3416763 82.33499419 11.625204021819526 MDA 115
-86.26467489 84.56309137 43.233246755155612 ESP 116
-111.5908361 -91.60241446 93.824250225672941 NGA 117
68.02337982 64.99021163 10.55503888936032 ALB 118
18.27294999 -227.6264364 6.900410717382937 SWZ 119
161.8531284 86.06380526 12.109364060164401 GEO 120
-55.65136806 -10.346719 16.460338010442232 LBY 121
330.382046 -172.1852342 20.1571877413366 PNG 122
130.2951532 149.8305648 40.170840382954083 POL 123
67.21873125 113.730238 18.771797818654669 AUT 124
294.6914716 -142.3702241 17.166224104648915 HKG 125
176.0508312 162.5429809 7.2136660185443509 EST 126
168.3706861 171.8305501 14.673779446007559 NOR 127
68.55264729 72.24899678 4.9631652484305366 MNE 128
106.5272669 -37.85440029 42.306690389331351 IRQ 129
-205.2149948 17.45717927 9.1975944702771741 GNB 130
-145.6331444 12.11230906 30.269287604609637 MLI 131
183.1216369 97.20180387 27.770536099467865 KAZ 132
