-1.750976691 96.08348932 28.537990747697954 HRV 0
109.9020962 72.78510512 30.116439969779236 UZB 1
53.65148818 76.80321901 26.454962073330357 BGR 2
-50.59406661 4.775315994 5.010715041841995 ESH 3
-24.86420878 -31.27569706 26.365837860205033 GNQ 4
39.91720001 74.67940066 30.47898970651816 SRB 5
-50.37918958 -12.36153013 31.090669201158288 BFA 6
-33.93359937 -44.52354309 43.502415068040477 TGO 7
100.4759715 72.12153899 12.526787604604987 TKM 8
94.80015346 118.5106801 18.282244620986376 LVA 9
-22.54813685 134.5153055 52.072878208319693 DEU 10
146.6813375 -32.57058368 39.968109165848851 THA 11
99.58379916 84.46808437 37.850803455379669 AZE 12
151.3702134 73.30293051 41.471046144172696 CHN 13
-23.36837031 -39.19880797 10.405531284211813 GAB 14
116.9009224 39.04505812 59.564842129320823 PAK 15
16.42730111 -25.75846017 80.600898744385262 RWA 16
72.60679407 67.46184725 37.933628069635212 SYR 17
-8.798070332 -72.10062818 17.759786582576918 ZMB 18
2.720363944 157.6990028 40.995335909946881 DNK 19
130.0810177 73.65553096 49.508552474614177 NPL 20
-22.11758342 17.49289633 30.19449566864866 TUN 21
134.1022092 2.706084236 122.91581205230848 BGD 22
135.3788385 88.81113906 19.964414229695002 KGZ 23
0.7635611086 17.42611905 35.893126739560699 EGY 24
-32.18584867 11.38602833 14.768864773242742 DZA 25
-23.40418483 6.644359196 15.645952703424003 NER 26
109.752333 57.25710354 27.128522113639942 AFG 27
76.35394735 -8.284492184 27.243963154759381 YEM 28
-111.3855781 68.56772695 35.673863070504133 PRT 29
-7.266528009 -31.71673975 22.6523670540011 COD 30
95.46566095 26.50806901 52.448210139348106 KWT 31
-173.2640432 4.255017772 233.79832081313785 GIB 32
162.8313574 -30.67880795 33.047935450320651 KHM 33
166.0988786 -58.39098897 40.995335909946881 IDN 34
122.2691812 58.09591961 28.838830780073092 TJK 35
-76.73966945 -35.86443341 37.223745108606629 SLE 36
73.88385991 83.75916835 35.297989136289736 TUR 37
94.70357028 108.5209985 23.064262010133788 BLR 38
44.13319568 88.36345027 35.563724298623939 HUN 39
35.54780082 60.57142852 30.658656886243435 MKD 40
174.4866991 -39.65313854 31.241717875899614 BRN 41
-3.185284946 -105.7827588 23.800896448749473 ZAF 42
-2.272452284 -0.3088588603 12.836137584002028 TCD 43
-31.81685495 84.95950543 79.847831307310187 SMR 44
-77.62074948 97.54844484 36.671622460846834 FRA 45
20.0303492 -98.78527782 22.126718509430216 MOZ 46
54.1337608 -3.364293709 35.695850045208161 ETH 47
43.72185741 14.06646204 18.7483789493274 ERI 48
-71.20620068 77.43111529 44.022346995388965 AND 49
13.91657849 97.70931511 26.691171778635322 BIH 50
-24.00010209 -60.75984784 18.282244620986376 AGO 51
109.5519251 105.5954719 14.392183230905879 FIN 52
10.98541975 5.454065471 17.13012441233149 SDN 53
133.3820857 36.29999451 15.342118873751685 BTN 54
164.0407679 17.8360772 30.837277289131155 MMR 55
127.5513947 100.5419389 5.010715041841995 MNG 56
238.3955722 8.256776895 77.676184739690541 KOR 57
-2.648287545 -12.933626 10.253617564201088 CAF 58
24.6541497 18.82415512 69.430504277759582 ISR 59
358.6579558 -31.15699486 493.32646259444425 MAC 60
175.8482008 -14.08044261 59.893242689085007 VNM 61
-49.20561901 12.57572627 31.040156301507803 MAR 62
16.61962182 75.15842644 77.138977564123607 LBN 63
72.08194476 5.745257146 14.005374311799255 SAU 64
99.37887789 52.37348238 24.990862782419555 IRN 65
67.29660673 -1.508244865 23.602276316123458 DJI 66
85.7499346 117.937657 22.23284246843593 LTU 67
114.7411641 107.6629172 10.02143008368399 RUS 68
-1.353296155 -92.79503475 22.126718509430216 ZWE 69
-51.81117924 2.357697007 7.3043095919396075 MRT 70
-12.26340929 -88.31049444 7.3043095919396075 BWA 71
97.31309861 -7.943495171 51.846374837059365 QAT 72
-97.68045436 -31.31093522 55.825077668920258 GMB 73
108.7307145 -32.97587385 73.918662026558764 IND 74
-14.11183942 -23.59015546 26.246534814389989 CMR 75
-50.59557166 44.73624637 115.70168529502678 VAT 76
-70.71813576 -52.36667119 25.302870654904186 LBR 77
-48.48907214 -32.74053462 41.300421687918899 GHA 78
59.0029481 88.62334393 31.367036140219717 ROU 79
102.9208879 99.48481782 26.866966248128421 UKR 80
9.917821514 -64.2372341 76.567267362310048 BDI 81
64.04638627 -15.74150226 33.190077764145322 KEN 82
-68.57454576 -23.95469651 25.611077762325817 GIN 83
28.12087233 -84.63352673 50.247879156700158 MWI 84
-4.212255248 110.6628907 34.602062231627954 SVN 85
7.479586857 -100.0533528 29.537729546485483 LSO 86
-62.34944516 -41.47005038 32.133102598504621 CIV 87
82.9303719 -16.31622857 18.15303985978268 SOM 88
18.10889843 -5.03073961 14.116972684234538 SSD 89
182.364726 -56.81143883 32.254957804817671 TLS 90
-41.98660655 113.5574125 53.043217378827713 LIE 91
-75.81015011 131.8652321 66.25000983482235 BEL 92
-15.82884865 -32.82070834 14.282735382207104 COG 93
32.72624549 -57.70851489 29.431286931659752 TZA 94
21.60624382 122.8925481 39.314959185470592 CZE 95
149.5462284 -55.92112781 34.465743662657282 MYS 96
51.58734973 104.2701211 36.650220870193635 SVK 97
44.96976414 -20.00578747 52.493069628779978 UGA 98
169.5323885 85.02282323 49.698362317631073 PRK 99
-49.44467091 136.5480818 53.777719491839861 LUX 100
-35.22835127 -12.88047112 37.181565213916137 BEN 101
25.27944065 41.19727531 30.19449566864866 GRC 102
-58.36656295 95.29083027 50.310298906426482 CHE 103
-72.18004033 -10.03073384 32.400579122170356 SEN 104
61.71212069 10.67385055 38.098737133147701 JOR 105
-37.88000673 164.1975801 77.138977564123607 NLD 106
83.7629111 -0.4218205759 13.078350216409746 OMN 107
-15.12148695 62.31140821 47.585307427602821 ITA 108
175.9563229 19.01075819 19.406415909645048 LAO 109
88.22613755 73.32986043 33.308066325960112 ARM 110
76.86735453 -211.1499793 454.27700509530524 MCO 111
82.31137143 11.26524498 39.034563641451086 ARE 112
56.91844395 40.33040821 100.72191597272028 PSE 113
103.6053472 109.2504305 17.221485723821072 SWE 114
72.76148633 99.24902383 34.465743662657282 MDA 115
-81.117597 61.14019264 32.881326144031945 ESP 116
-15.41057938 -6.146053406 52.865418384560847 NGA 117
11.11275992 43.42486399 34.283142411464119 ALB 118
23.95292357 -115.2584537 28.289469405125189 SWZ 119
85.39917553 92.93775041 24.706687068839141 GEO 120
-11.12256321 7.811062411 6.6285529456622623 LBY 121
175.7502617 -66.98275959 16.090950024469048 PNG 122
66.77595387 116.8442484 39.034563641451086 POL 123
-19.30710308 111.1141959 35.142049008662916 AUT 124
226.5072867 -142.5260481 284.83502099345412 HKG 125
93.01245125 126.348749 18.7483789493274 EST 126
93.87538506 100.662418 13.078350216409746 NOR 127
6.106895632 55.01723663 23.030218800419412 MNE 128
87.54336303 47.06717312 34.533970209790922 IRQ 129
-81.06645693 -21.71322911 29.484556272860946 GNB 130
-47.11035241 0.953136239 14.715643465829876 MLI 131
106.7039386 92.61984095 9.1196390321201388 KAZ 132
