75.71329371 85.3974575 12.557061120706921 HRV 0
205.5866554 62.81684042 37.190267079057826 UZB 1
107.7565645 80.76611504 16.219054210516582 BGR 2
-145.2919739 45.38036588 4.8067563876665504 ESH 3
-70.31451002 -109.49388 8.2122012116535252 GNQ 4
91.65485851 80.36504641 16.768756670155742 SRB 5
-164.1235812 -30.59009768 30.241677316167273 BFA 6
-167.8621931 -79.57852104 18.870849556599598 TGO 7
182.359085 51.34631041 16.009163623128554 TKM 8
179.1126064 156.8069231 8.4843270967260729 LVA 9
44.46820908 158.9175226 57.238547839388026 DEU 10
233.1748168 -198.542473 53.143183431408069 THA 11
178.2857563 68.5802041 20.237889446289813 AZE 12
322.6094875 -22.0342457 236.80474093456917 CHN 13
-71.61246112 -118.1472602 9.789922219419763 GAB 14
196.9080574 -125.935875 97.25798843362314 PAK 15
16.80023481 -180.9064717 23.545605091055275 RWA 16
101.2140977 -4.314576686 30.225840536078788 SYR 17
-26.19623423 -200.8921207 28.444318200884272 ZMB 18
14.51637764 187.8758664 15.2478088008267 DNK 19
104.0100972 -128.1285624 34.860711515510097 NPL 20
-57.00906554 11.8736566 22.136663020574257 TUN 21
166.3260151 -208.2700758 82.479617937764189 BGD 22
231.305309 66.54527314 16.276737746062985 KGZ 23
-7.882033272 12.15484395 66.584789381892961 EGY 24
-108.2702331 16.24703472 42.35386041920701 DZA 25
-103.7280199 -38.14924927 32.710506560757047 NER 26
192.0126528 11.80772451 40.760695937709116 AFG 27
111.8172212 -94.05094063 36.810586215824081 YEM 28
-115.1107145 93.91801656 20.076669064768613 PRT 29
-40.14676395 -157.4625385 63.422018311371339 COD 30
126.1394476 -69.63372981 13.020670410425378 KWT 31
-71.86773934 60.41934899 1.1329633457435904 GIB 32
311.9703888 -204.2580157 25.816605213989654 KHM 33
267.3119513 -267.1819681 104.48136402769953 IDN 34
212.1276817 35.75650541 19.974416800942763 TJK 35
-222.2852086 -4.833747639 18.595133539528913 SLE 36
123.3190553 48.20435415 58.098497280179103 TUR 37
170.7781149 132.6262896 19.3284881314313 BLR 38
105.6403593 98.2302577 19.987163229818361 HUN 39
87.39100999 66.33132052 9.0569604257762002 MKD 40
289.1457557 -158.0022472 4.2198916596449774 BRN 41
-50.79261767 -233.6099841 48.747317566996678 ZAF 42
-50.29140495 -64.22001754 26.813465849264972 TCD 43
-15.38849591 84.01469376 1.1508063858912092 SMR 44
-26.45083214 107.2548853 50.468822644874962 FRA 45
27.62479172 -236.8327168 36.514378401015769 MOZ 46
25.53637831 -94.85606563 70.546041612587103 ETH 47
39.18800946 -57.05451194 12.142968576167476 ERI 48
-45.03024768 73.74089412 1.7770982283583625 AND 49
79.3857149 74.43027813 11.238449618691737 BIH 50
-86.76061954 -173.540192 37.985730249503682 AGO 51
200.6000068 171.5240268 14.769275929636084 FIN 52
-16.46904751 -58.6378926 43.500575062320337 SDN 53
243.1898524 -148.6570289 5.565028320431276 BTN 54
264.7463749 -161.8771341 46.332917598525327 MMR 55
294.2078945 103.369622 11.644467007726591 MNG 56
425.9609957 77.9751846 45.13134315363525 KOR 57
-40.42732699 -104.9058705 15.029101654374699 CAF 58
52.07693003 -3.01200284 18.996217189388506 ISR 59
266.0088178 -136.7899742 5.2620541529842972 MAC 60
371.121516 -181.3264917 62.357436562825313 VNM 61
-118.509561 65.51240666 38.579420067195542 MAR 62
59.36847534 11.56485724 14.511818404630572 LBN 63
85.51702789 -67.86884288 38.121459497544961 SAU 64
146.0669085 -3.981731877 59.22384170286221 IRN 65
53.28851093 -69.56111121 6.6859618848297169 DJI 66
172.7465425 147.1141884 10.340522835179389 LTU 67
253.4944154 117.8118207 75.375622048486363 RUS 68
-15.6533364 -224.9881775 25.603029953893035 ZWE 69
-159.093145 32.85989037 13.83031670550182 MRT 70
-44.78567747 -204.0353402 10.258426419874205 BWA 71
109.6618159 -69.50215176 10.336581335956653 QAT 72
-219.1203135 8.980272397 10.444430594358346 GMB 73
115.735124 -355.191448 237.05012914518309 IND 74
-60.38138528 -91.77962089 33.567875577731229 CMR 75
-15.75466797 45.88937657 0.14273996463758234 VAT 76
-224.5052313 -20.81505268 14.598607327398124 LBR 77
-185.8201159 -59.39630679 36.635262367418953 GHA 78
128.9702369 94.30226215 27.972298945107518 ROU 79
163.2009979 105.8272281 38.017095393994964 UKR 80
-2.906056637 -191.965387 22.819205598105199 BDI 81
54.8289553 -143.7097757 46.5542406551113 KEN 82
-202.018103 -1.628659303 23.625512441898575 GIN 83
17.24078136 -206.8297793 28.693573347859068 MWI 84
76.58753452 95.96624321 9.130896023358769 SVN 85
-2.292050027 -207.9000704 9.5742239410731038 LSO 86
-202.7337205 -29.60320494 33.699632998247999 CIV 87
72.76631095 -96.73003235 26.714119015999053 SOM 88
-9.217023652 -122.5619807 20.88447149161146 SSD 89
336.1333291 -232.037969 7.3160324182542684 TLS 90
57.69126015 114.9629233 1.2443781621195815 LIE 91
-32.59135631 142.9972116 21.43952368190336 BEL 92
-62.31382403 -126.1796454 15.498300193355377 COG 93
53.13556425 -191.5839167 51.503024119408458 TZA 94
81.95686136 134.8706106 20.317769221632126 CZE 95
282.1019716 -198.3594087 36.735232949191008 MYS 96
110.7545748 114.6048644 15.098083179099644 SVK 97
11.18705934 -148.5265029 43.713866559415592 UGA 98
360.5264859 106.7013077 32.078087891570178 PRK 99
-10.44047502 129.8396533 5.0748022272783357 LUX 100
-155.7841736 -58.53216105 23.22454234302446 BEN 101
85.29717799 52.14983846 20.168303373972602 GRC 102
40.3133532 117.1799979 18.601158916192968 CHE 103
-198.5836229 25.0295739 26.432728327444451 SEN 104
62.40979598 -19.55764874 21.116832849381122 JOR 105
-38.44511 166.9869638 26.324593283299887 NLD 106
135.568491 -80.66905043 13.515899445744749 OMN 107
29.1100821 63.85482722 48.120519234662289 ITA 108
294.2391954 -172.7925904 17.328067322333666 LAO 109
164.4637861 62.88995123 10.453205380069374 ARM 110
-4.220669324 80.68421513 1.1942482260115264 MCO 111
140.4476029 -62.9254512 19.347453128436602 ARE 112
73.20149175 14.38471824 14.534966062107987 PSE 113
188.8477081 183.9761404 20.43077159041167 SWE 114
142.3204241 80.393325 11.625204021819526 MDA 115
-83.67767099 84.82090002 43.233246755155612 ESP 116
-121.1379608 -108.4669216 93.824250225672941 NGA 117
72.9542247 60.55227391 10.55503888936032 ALB 118
4.563905603 -239.5763981 6.900410717382937 SWZ 119
173.4426096 83.5932333 12.109364060164401 GEO 120
-65.08225132 -23.66592484 16.460338010442232 LBY 121
329.8499208 -177.590878 20.1571877413366 PNG 122
139.6022901 137.8364888 40.170840382954083 POL 123
77.10664767 110.2976393 18.771797818654669 AUT 124
300.7606194 -157.3252028 17.166224104648915 HKG 125
186.9442013 159.5941437 7.2136660185443509 EST 126
179.5257205 168.6309113 14.673779446007559 NOR 127
74.98929021 67.89341507 4.9631652484305366 MNE 128
116.7857858 -44.40223433 42.306690389331351 IRQ 129
-213.9608007 17.01343019 9.1975944702771741 GNB 130
-149.7078565 4.519589813 30.269287604609637 MLI 131
196.0533114 92.927425 27.770536099467865 KAZ 132
