74.43986747 83.45757966 12.557061120706921 HRV 0
204.6311912 64.05554156 37.190267079057826 UZB 1
105.8900194 80.57117429 16.219054210516582 BGR 2
-145.3111996 45.34847191 4.8067563876665504 ESH 3
-69.06383036 -109.0322847 8.2122012116535252 GNQ 4
90.1525492 77.97487397 16.768756670155742 SRB 5
-165.2408252 -31.31329456 30.241677316167273 BFA 6
-167.4493165 -80.3756763 18.870849556599598 TGO 7
181.9736759 51.87820668 16.009163623128554 TKM 8
178.0757376 156.2345451 8.4843270967260729 LVA 9
43.53045746 160.8262098 57.238547839388026 DEU 10
233.2311311 -198.1708303 53.143183431408069 THA 11
177.2639053 68.75965334 20.237889446289813 AZE 12
320.3212419 -21.68748081 236.80474093456917 CHN 13
-71.07227573 -117.5018442 9.789922219419763 GAB 14
194.1323729 -122.5555192 97.25798843362314 PAK 15
17.49259602 -180.4820748 23.545605091055275 RWA 16
99.73240282 -3.796396754 30.225840536078788 SYR 17
-26.06288171 -200.0694201 28.444318200884272 ZMB 18
14.51637764 187.8758664 15.2478088008267 DNK 19
103.9693096 -127.8061035 34.860711515510097 NPL 20
-57.00906554 11.8736566 22.136663020574257 TUN 21
166.2248445 -208.6259933 82.479617937764189 BGD 22
230.1956118 67.9103807 16.276737746062985 KGZ 23
-9.333743742 12.22666795 66.584789381892961 EGY 24
-107.9676812 16.97146256 42.35386041920701 DZA 25
-102.8822327 -36.83336154 32.710506560757047 NER 26
190.6792522 13.04825922 40.760695937709116 AFG 27
110.428425 -93.75906396 36.810586215824081 YEM 28
-115.1139956 93.85613038 20.076669064768613 PRT 29
-39.11610841 -155.7003036 63.422018311371339 COD 30
122.6598942 -68.52343099 13.020670410425378 KWT 31
-71.86773934 60.41934899 1.1329633457435904 GIB 32
311.9464685 -204.3891325 25.816605213989654 KHM 33
266.9114149 -266.5394406 104.48136402769953 IDN 34
210.9987152 37.1592674 19.974416800942763 TJK 35
-222.0531161 -4.810298674 18.595133539528913 SLE 36
122.2427327 48.54060084 58.098497280179103 TUR 37
168.8160153 132.2127086 19.3284881314313 BLR 38
103.5912983 97.92623494 19.987163229818361 HUN 39
85.78710357 66.19832196 9.0569604257762002 MKD 40
288.9747213 -157.7303746 4.2198916596449774 BRN 41
-49.75120607 -233.7012422 48.747317566996678 ZAF 42
-51.59429685 -63.08461814 26.813465849264972 TCD 43
-16.12839685 84.22483057 1.1508063858912092 SMR 44
-26.93332273 107.3112683 50.468822644874962 FRA 45
28.31885385 -235.593983 36.514378401015769 MOZ 46
24.3074971 -93.36562552 70.546041612587103 ETH 47
37.61421196 -55.66249749 12.142968576167476 ERI 48
-45.03024768 73.74089412 1.7770982283583625 AND 49
77.78861539 72.45024786 11.238449618691737 BIH 50
-85.73766447 -170.8879281 37.985730249503682 AGO 51
200.5927855 171.5775168 14.769275929636084 FIN 52
-17.98068822 -57.97470635 43.500575062320337 SDN 53
243.5657539 -148.7615743 5.565028320431276 BTN 54
264.9019782 -161.9708094 46.332917598525327 MMR 55
294.2078945 103.369622 11.644467007726591 MNG 56
426.0541384 79.4934105 45.13134315363525 KOR 57
-39.49105931 -103.1235999 15.029101654374699 CAF 58
50.51870996 -2.899968369 18.996217189388506 ISR 59
266.042311 -137.0490816 5.2620541529842972 MAC 60
371.121516 -181.3264917 62.357436562825313 VNM 61
-118.3845694 65.68397167 38.579420067195542 MAR 62
57.81125698 11.56774643 14.511818404630572 LBN 63
84.38553202 -66.61153718 38.121459497544961 SAU 64
144.7499325 -3.66055395 59.22384170286221 IRN 65
51.92984101 -67.89282886 6.6859618848297169 DJI 66
170.7155266 146.438471 10.340522835179389 LTU 67
252.2664657 120.0374111 75.375622048486363 RUS 68
-15.05025242 -224.3080653 25.603029953893035 ZWE 69
-158.6048368 33.30806484 13.83031670550182 MRT 70
-44.57387469 -203.951769 10.258426419874205 BWA 71
108.7068023 -69.60833319 10.336581335956653 QAT 72
-218.921304 9.145079165 10.444430594358346 GMB 73
114.5479587 -354.2253847 237.05012914518309 IND 74
-59.69890715 -91.13270831 33.567875577731229 CMR 75
-16.45309918 45.67773764 0.14273996463758234 VAT 76
-223.2691969 -20.81392594 14.598607327398124 LBR 77
-184.5314373 -59.67587513 36.635262367418953 GHA 78
127.3861247 93.89052269 27.972298945107518 ROU 79
161.1591392 105.0357086 38.017095393994964 UKR 80
-2.279234204 -191.5627449 22.819205598105199 BDI 81
55.1567947 -140.8461083 46.5542406551113 KEN 82
-200.9935627 -2.16510361 23.625512441898575 GIN 83
18.20609407 -205.7305605 28.693573347859068 MWI 84
75.51192254 95.12670566 9.130896023358769 SVN 85
-2.426562062 -207.2397211 9.5742239410731038 LSO 86
-201.7629321 -30.35640756 33.699632998247999 CIV 87
71.30277535 -95.10069445 26.714119015999053 SOM 88
-9.538970249 -121.8048436 20.88447149161146 SSD 89
336.147118 -232.0353545 7.3160324182542684 TLS 90
55.92426738 115.1918025 1.2443781621195815 LIE 91
-33.00936019 142.6083957 21.43952368190336 BEL 92
-60.99442455 -124.4267003 15.498300193355377 COG 93
53.08460652 -188.7860755 51.503024119408458 TZA 94
81.1590421 135.1280218 20.317769221632126 CZE 95
282.3521614 -198.1470244 36.735232949191008 MYS 96
109.2140574 116.1302557 15.098083179099644 SVK 97
12.16863631 -148.3979368 43.713866559415592 UGA 98
359.2637211 110.114513 32.078087891570178 PRK 99
-10.53817898 129.8528554 5.0748022272783357 LUX 100
-154.0888766 -57.47706563 23.22454234302446 BEN 101
84.5317069 51.70632921 20.168303373972602 GRC 102
40.11738044 123.3351343 18.601158916192968 CHE 103
-197.6061004 24.57155964 26.432728327444451 SEN 104
60.96783559 -19.24028572 21.116832849381122 JOR 105
-38.98069647 166.806287 26.324593283299887 NLD 106
133.5582084 -79.9757814 13.515899445744749 OMN 107
27.79315539 64.95607987 48.120519234662289 ITA 108
294.1887231 -172.7714658 17.328067322333666 LAO 109
163.5541719 63.08014891 10.453205380069374 ARM 110
-4.220669324 80.68421513 1.1942482260115264 MCO 111
138.537315 -61.68551653 19.347453128436602 ARE 112
71.47223391 14.82854646 14.534966062107987 PSE 113
188.8703233 183.9172246 20.43077159041167 SWE 114
140.8782602 80.30616645 11.625204021819526 MDA 115
-83.75995792 84.81406634 43.233246755155612 ESP 116
-120.1489829 -107.4277728 93.824250225672941 NGA 117
71.23908123 58.33868787 10.55503888936032 ALB 118
4.870438864 -238.2244154 6.900410717382937 SWZ 119
172.681452 83.7142241 12.109364060164401 GEO 120
-65.97741629 -23.90437254 16.460338010442232 LBY 121
329.8499208 -177.590878 20.1571877413366 PNG 122
137.9949828 137.0576236 40.170840382954083 POL 123
75.63402127 111.7012835 18.771797818654669 AUT 124
300.7251456 -157.4270623 17.166224104648915 HKG 125
186.9442013 159.5941437 7.2136660185443509 EST 126
179.5257205 168.6309113 14.673779446007559 NOR 127
73.38877646 65.9687519 4.9631652484305366 MNE 128
115.1714298 -42.84086721 42.306690389331351 IRQ 129
-213.4132408 16.88207794 9.1975944702771741 GNB 130
-149.7078565 4.519589813 30.269287604609637 MLI 131
194.5658731 93.80881176 27.770536099467865 KAZ 132
