-0.6632368199 91.37803357 28.537990747697954 HRV 0
109.1243737 74.65895773 30.116439969779236 UZB 1
56.62213306 70.35462781 26.454962073330357 BGR 2
-50.351415 4.355100192 5.010715041841995 ESH 3
-23.37591204 -30.60626699 26.365837860205033 GNQ 4
43.83029174 70.91261636 30.47898970651816 SRB 5
-49.79381304 -9.667489369 31.090669201158288 BFA 6
-34.72214631 -45.58696918 43.502415068040477 TGO 7
96.65527797 69.17233872 12.526787604604987 TKM 8
96.18237682 114.5758528 18.282244620986376 LVA 9
-18.48078784 131.3070336 52.072878208319693 DEU 10
146.3660624 -34.71154041 39.968109165848851 THA 11
95.56621923 81.6540216 37.850803455379669 AZE 12
154.8058437 69.22530405 41.471046144172696 CHN 13
-23.01355763 -42.51090181 10.405531284211813 GAB 14
111.7899939 41.46601289 59.564842129320823 PAK 15
15.2681367 -27.78246798 80.600898744385262 RWA 16
73.65872905 58.77363697 37.933628069635212 SYR 17
-7.151460162 -71.77695837 17.759786582576918 ZMB 18
3.802453211 150.2226053 40.995335909946881 DNK 19
132.1169319 71.74321467 49.508552474614177 NPL 20
-22.60250404 17.33949139 30.19449566864866 TUN 21
136.6270407 0.8045052305 122.91581205230848 BGD 22
124.9670465 85.6493324 19.964414229695002 KGZ 23
-1.194913822 15.04281201 35.893126739560699 EGY 24
-31.51325807 10.38456157 14.768864773242742 DZA 25
-24.20544539 7.175865656 15.645952703424003 NER 26
104.2990097 60.66789081 27.128522113639942 AFG 27
76.91785072 -10.53715093 27.243963154759381 YEM 28
-111.5986125 68.2204506 35.673863070504133 PRT 29
-7.627993293 -31.36788623 22.6523670540011 COD 30
91.44097381 25.29047365 52.448210139348106 KWT 31
-173.2764562 3.715314402 233.79832081313785 GIB 32
163.0094011 -30.55612353 33.047935450320651 KHM 33
163.6675404 -56.31854862 40.995335909946881 IDN 34
116.5002027 63.65759112 28.838830780073092 TJK 35
-73.90940962 -35.04488979 37.223745108606629 SLE 36
70.30104507 74.86460743 35.297989136289736 TUR 37
95.88423837 105.1972817 23.064262010133788 BLR 38
48.64183757 84.94131258 35.563724298623939 HUN 39
39.88720928 57.76816273 30.658656886243435 MKD 40
174.6159343 -39.14068652 31.241717875899614 BRN 41
4.225806971 -101.2836425 23.800896448749473 ZAF 42
0.16853971 -2.973554662 12.836137584002028 TCD 43
-30.13916828 83.35117811 79.847831307310187 SMR 44
-76.36660476 99.59299985 36.671622460846834 FRA 45
27.24499283 -91.97125562 22.126718509430216 MOZ 46
32.41179693 -5.527554877 35.695850045208161 ETH 47
40.4094092 3.712588427 18.7483789493274 ERI 48
-68.81742521 83.12410033 44.022346995388965 AND 49
17.73334618 94.66877491 26.691171778635322 BIH 50
-23.66170296 -56.40400682 18.282244620986376 AGO 51
111.0990465 101.2315116 14.392183230905879 FIN 52
11.95914993 1.293269906 17.13012441233149 SDN 53
122.3830471 28.40866182 15.342118873751685 BTN 54
168.1452737 14.86313481 30.837277289131155 MMR 55
130.0708342 97.02046569 5.010715041841995 MNG 56
239.5603357 10.79594242 77.676184739690541 KOR 57
-3.350890579 -14.270875 10.253617564201088 CAF 58
22.29542892 17.74416185 69.430504277759582 ISR 59
360.2811631 -32.26625209 493.32646259444425 MAC 60
175.6863236 -12.59811119 59.893242689085007 VNM 61
-47.75605871 12.0196647 31.040156301507803 MAR 62
19.6768691 71.44494324 77.138977564123607 LBN 63
66.70525827 1.106089819 14.005374311799255 SAU 64
96.16626395 52.25844863 24.990862782419555 IRN 65
63.62230276 -9.844623822 23.602276316123458 DJI 66
87.09907407 114.1324911 22.23284246843593 LTU 67
116.9892157 104.1677679 10.02143008368399 RUS 68
3.154171762 -90.64628091 22.126718509430216 ZWE 69
-51.67956776 1.904280265 7.3043095919396075 MRT 70
-8.401674152 -85.73788465 7.3043095919396075 BWA 71
97.3196679 2.629787492 51.846374837059365 QAT 72
-95.8729483 -29.12025552 55.825077668920258 GMB 73
101.9190339 -26.53342879 73.918662026558764 IND 74
-14.47789383 -22.79033747 26.246534814389989 CMR 75
-51.17310872 44.82594411 115.70168529502678 VAT 76
-70.69322269 -51.90774681 25.302870654904186 LBR 77
-48.59492654 -32.55315197 41.300421687918899 GHA 78
63.32825842 88.1040659 31.367036140219717 ROU 79
104.5539794 94.6795113 26.866966248128421 UKR 80
12.07531133 -62.91282139 76.567267362310048 BDI 81
58.31349349 -34.61579715 33.190077764145322 KEN 82
-67.35178118 -22.55801745 25.611077762325817 GIN 83
38.08995079 -74.46346206 50.247879156700158 MWI 84
0.5574214766 109.8800174 34.602062231627954 SVN 85
14.68408313 -95.45577289 29.537729546485483 LSO 86
-60.86810963 -43.56012748 32.133102598504621 CIV 87
69.2903779 -17.30912917 18.15303985978268 SOM 88
19.90540601 -6.99748041 14.116972684234538 SSD 89
180.0159944 -54.53048684 32.254957804817671 TLS 90
-34.75644466 112.8203623 53.043217378827713 LIE 91
-69.67331826 126.7614833 66.25000983482235 BEL 92
-15.66845026 -35.49109574 14.282735382207104 COG 93
37.08396985 -56.60508327 29.431286931659752 TZA 94
19.30883332 117.0812453 39.314959185470592 CZE 95
147.1320491 -52.64741013 34.465743662657282 MYS 96
53.30050275 100.4745937 36.650220870193635 SVK 97
44.43018863 -21.30691091 52.493069628779978 UGA 98
168.7346857 85.77330327 49.698362317631073 PRK 99
-43.53881283 135.1310928 53.777719491839861 LUX 100
-34.47171254 -9.943044253 37.181565213916137 BEN 101
26.66778324 39.67295574 30.19449566864866 GRC 102
-55.08374381 99.24090015 50.310298906426482 CHE 103
-70.01065239 -9.169351258 32.400579122170356 SEN 104
55.00564228 0.9978618306 38.098737133147701 JOR 105
-32.93837518 162.5392379 77.138977564123607 NLD 106
83.85810073 -3.15111397 13.078350216409746 OMN 107
-9.466545527 63.581893 47.585307427602821 ITA 108
179.7434538 14.28219804 19.406415909645048 LAO 109
86.16510593 68.74091564 33.308066325960112 ARM 110
74.64828575 -215.1107113 454.27700509530524 MCO 111
77.29846767 6.539408437 39.034563641451086 ARE 112
57.70875038 32.04504592 100.72191597272028 PSE 113
105.0169909 104.887563 17.221485723821072 SWE 114
74.74842374 97.48751825 34.465743662657282 MDA 115
-80.86311381 60.97569916 32.881326144031945 ESP 116
-14.86106609 -5.0373623 52.865418384560847 NGA 117
12.00867369 39.98322724 34.283142411464119 ALB 118
29.28538159 -111.2536077 28.289469405125189 SWZ 119
87.2346042 92.95665357 24.706687068839141 GEO 120
-10.89980542 7.71520644 6.6285529456622623 LBY 121
172.9648211 -65.13612563 16.090950024469048 PNG 122
68.81103731 113.0608342 39.034563641451086 POL 123
-14.96935025 111.8778106 35.142049008662916 AUT 124
225.62451 -146.329762 284.83502099345412 HKG 125
95.50632736 122.8623326 18.7483789493274 EST 126
95.83342197 96.76379148 13.078350216409746 NOR 127
8.026255186 52.21512356 23.030218800419412 MNE 128
85.5545412 44.14005644 34.533970209790922 IRQ 129
-79.33729125 -19.46367961 29.484556272860946 GNB 130
-46.65299246 0.5095797046 14.715643465829876 MLI 131
107.9124915 87.33327132 9.1196390321201388 KAZ 132
