75.83777598 85.36730314 12.557061120706921 HRV 0
205.4279894 62.7343725 37.190267079057826 UZB 1
107.7243568 80.94179684 16.219054210516582 BGR 2
-145.2919739 45.38036588 4.8067563876665504 ESH 3
-70.33089956 -109.4848994 8.2122012116535252 GNQ 4
91.65762883 80.6074048 16.768756670155742 SRB 5
-164.1314564 -30.60152387 30.241677316167273 BFA 6
-167.8954706 -79.63940095 18.870849556599598 TGO 7
182.1450205 51.35312641 16.009163623128554 TKM 8
179.1126064 156.8069231 8.4843270967260729 LVA 9
44.46820908 158.9175226 57.238547839388026 DEU 10
233.1372732 -198.6107158 53.143183431408069 THA 11
178.0587797 68.53152361 20.237889446289813 AZE 12
322.4771151 -22.81578685 236.80474093456917 CHN 13
-71.70721454 -118.1460313 9.789922219419763 GAB 14
196.76624 -126.2142656 97.25798843362314 PAK 15
16.79809027 -180.9593589 23.545605091055275 RWA 16
101.2140977 -4.314576686 30.225840536078788 SYR 17
-26.24559388 -200.8664481 28.444318200884272 ZMB 18
14.51637764 187.8758664 15.2478088008267 DNK 19
104.0100972 -128.1285624 34.860711515510097 NPL 20
-57.00906554 11.8736566 22.136663020574257 TUN 21
166.2524896 -208.3079846 82.479617937764189 BGD 22
231.2185595 66.37850683 16.276737746062985 KGZ 23
-7.882033272 12.15484395 66.584789381892961 EGY 24
-108.2702331 16.24703472 42.35386041920701 DZA 25
-103.7280199 -38.14924927 32.710506560757047 NER 26
191.7950105 11.90519159 40.760695937709116 AFG 27
111.8172212 -94.05094063 36.810586215824081 YEM 28
-115.1107145 93.91801656 20.076669064768613 PRT 29
-40.29483942 -157.6703708 63.422018311371339 COD 30
126.1172578 -69.63782595 13.020670410425378 KWT 31
-71.86773934 60.41934899 1.1329633457435904 GIB 32
312.004112 -204.2965057 25.816605213989654 KHM 33
267.2837709 -267.3885651 104.48136402769953 IDN 34
211.8933377 35.64835942 19.974416800942763 TJK 35
-222.3067846 -4.813879808 18.595133539528913 SLE 36
123.8362414 48.52044776 58.098497280179103 TUR 37
170.8422507 132.78428 19.3284881314313 BLR 38
105.682572 98.46193987 19.987163229818361 HUN 39
87.39100999 66.33132052 9.0569604257762002 MKD 40
289.1441692 -158.0125517 4.2198916596449774 BRN 41
-50.82484889 -233.6280339 48.747317566996678 ZAF 42
-50.27826782 -64.12491098 26.813465849264972 TCD 43
-15.38849591 84.01469376 1.1508063858912092 SMR 44
-26.45083214 107.2548853 50.468822644874962 FRA 45
27.63197442 -236.964456 36.514378401015769 MOZ 46
25.57672924 -94.93782537 70.546041612587103 ETH 47
39.25723031 -57.04882622 12.142968576167476 ERI 48
-45.03024768 73.74089412 1.7770982283583625 AND 49
79.51996559 74.37572529 11.238449618691737 BIH 50
-86.99973873 -173.7679088 37.985730249503682 AGO 51
200.6060318 171.5128031 14.769275929636084 FIN 52
-16.44421443 -58.59320355 43.500575062320337 SDN 53
243.1738818 -148.6654487 5.565028320431276 BTN 54
264.7357471 -161.8671815 46.332917598525327 MMR 55
294.2078945 103.369622 11.644467007726591 MNG 56
425.9609957 77.9751846 45.13134315363525 KOR 57
-40.50129001 -104.87001 15.029101654374699 CAF 58
52.05071272 -3.021466587 18.996217189388506 ISR 59
266.0210103 -136.7645279 5.2620541529842972 MAC 60
371.121516 -181.3264917 62.357436562825313 VNM 61
-118.5217378 65.51690668 38.579420067195542 MAR 62
59.34617656 11.58141611 14.511818404630572 LBN 63
85.40696214 -67.67959274 38.121459497544961 SAU 64
145.8371871 -4.22988102 59.22384170286221 IRN 65
53.35957093 -69.56546687 6.6859618848297169 DJI 66
172.7287252 147.1150252 10.340522835179389 LTU 67
253.6592919 118.508269 75.375622048486363 RUS 68
-15.65173636 -224.9825806 25.603029953893035 ZWE 69
-159.093145 32.85989037 13.83031670550182 MRT 70
-44.83214117 -204.0496852 10.258426419874205 BWA 71
109.6618159 -69.50215176 10.336581335956653 QAT 72
-219.1260948 8.970900433 10.444430594358346 GMB 73
115.8211042 -355.5732427 237.05012914518309 IND 74
-60.27589643 -91.78900348 33.567875577731229 CMR 75
-15.72327534 45.89828289 0.14273996463758234 VAT 76
-224.5342581 -20.83102493 14.598607327398124 LBR 77
-185.8069729 -59.38225781 36.635262367418953 GHA 78
128.9629248 94.3065031 27.972298945107518 ROU 79
163.3017171 105.8291074 38.017095393994964 UKR 80
-2.885234151 -192.0372678 22.819205598105199 BDI 81
54.83189289 -143.9112625 46.5542406551113 KEN 82
-201.9870379 -1.625608063 23.625512441898575 GIN 83
17.32090781 -206.9189235 28.693573347859068 MWI 84
76.63509295 95.90272058 9.130896023358769 SVN 85
-2.292050027 -207.9000704 9.5742239410731038 LSO 86
-202.6861782 -29.56430153 33.699632998247999 CIV 87
72.92443307 -96.69419646 26.714119015999053 SOM 88
-9.276015515 -122.6707023 20.88447149161146 SSD 89
336.1333291 -232.037969 7.3160324182542684 TLS 90
57.71460054 114.9592628 1.2443781621195815 LIE 91
-32.59135631 142.9972116 21.43952368190336 BEL 92
-62.39237924 -126.2082114 15.498300193355377 COG 93
53.28454723 -191.6551882 51.503024119408458 TZA 94
81.95686136 134.8706106 20.317769221632126 CZE 95
282.1041976 -198.417177 36.735232949191008 MYS 96
110.8632155 114.7495685 15.098083179099644 SVK 97
11.11829883 -148.6902451 43.713866559415592 UGA 98
360.355243 104.5166055 32.078087891570178 PRK 99
-10.44047502 129.8396533 5.0748022272783357 LUX 100
-155.7841736 -58.53216105 23.22454234302446 BEN 101
85.44536558 52.1334201 20.168303373972602 GRC 102
40.41330049 117.1466929 18.601158916192968 CHE 103
-198.5571936 25.02678355 26.432728327444451 SEN 104
62.42166637 -19.58408643 21.116832849381122 JOR 105
-38.44511 166.9869638 26.324593283299887 NLD 106
135.4724437 -80.6155875 13.515899445744749 OMN 107
29.22618926 63.66409542 48.120519234662289 ITA 108
294.2324751 -172.7990571 17.328067322333666 LAO 109
164.2169632 62.87982874 10.453205380069374 ARM 110
-4.220669324 80.68421513 1.1942482260115264 MCO 111
140.4082124 -62.9719677 19.347453128436602 ARE 112
73.21524548 14.38865978 14.534966062107987 PSE 113
188.8389985 183.986347 20.43077159041167 SWE 114
142.3209815 80.38977661 11.625204021819526 MDA 115
-83.64797453 84.81272319 43.233246755155612 ESP 116
-121.2806345 -108.6421721 93.824250225672941 NGA 117
73.0601898 60.53680007 10.55503888936032 ALB 118
4.574435567 -239.5940346 6.900410717382937 SWZ 119
173.3199493 83.56024019 12.109364060164401 GEO 120
-65.08225132 -23.66592484 16.460338010442232 LBY 121
329.8499208 -177.590878 20.1571877413366 PNG 122
139.6707317 137.8213241 40.170840382954083 POL 123
77.22564335 110.3925175 18.771797818654669 AUT 124
300.7619629 -157.3153831 17.166224104648915 HKG 125
186.9442013 159.5941437 7.2136660185443509 EST 126
179.5257205 168.6309113 14.673779446007559 NOR 127
75.09909242 67.8372894 4.9631652484305366 MNE 128
116.8652284 -44.32214395 42.306690389331351 IRQ 129
-213.9605868 17.02559381 9.1975944702771741 GNB 130
-149.7078565 4.519589813 30.269287604609637 MLI 131
196.011328 92.94574872 27.770536099467865 KAZ 132
