74.41895725 83.45266302 12.557061120706921 HRV 0
204.6541466 64.05220381 37.190267079057826 UZB 1
105.8361008 80.6410643 16.219054210516582 BGR 2
-145.3111996 45.34847191 4.8067563876665504 ESH 3
-69.06251424 -109.0359087 8.2122012116535252 GNQ 4
90.11986167 77.94398687 16.768756670155742 SRB 5
-165.2372475 -31.31005159 30.241677316167273 BFA 6
-167.4186306 -80.37404442 18.870849556599598 TGO 7
182.0156221 51.85170226 16.009163623128554 TKM 8
178.0757376 156.2345451 8.4843270967260729 LVA 9
43.53045746 160.8262098 57.238547839388026 DEU 10
233.222322 -198.145336 53.143183431408069 THA 11
177.2892099 68.72400962 20.237889446289813 AZE 12
320.3017325 -21.67986409 236.80474093456917 CHN 13
-71.06661281 -117.5042113 9.789922219419763 GAB 14
193.8256861 -122.0873044 97.25798843362314 PAK 15
17.50255702 -180.4943017 23.545605091055275 RWA 16
99.73509286 -3.796895005 30.225840536078788 SYR 17
-26.06095832 -200.0809266 28.444318200884272 ZMB 18
14.51637764 187.8758664 15.2478088008267 DNK 19
103.9705288 -127.8037004 34.860711515510097 NPL 20
-57.00906554 11.8736566 22.136663020574257 TUN 21
166.2121275 -208.6532854 82.479617937764189 BGD 22
230.2109376 67.90590708 16.276737746062985 KGZ 23
-9.333743742 12.22666795 66.584789381892961 EGY 24
-107.9676812 16.97146256 42.35386041920701 DZA 25
-102.8822327 -36.83336154 32.710506560757047 NER 26
190.6910798 13.05080441 40.760695937709116 AFG 27
110.4263975 -93.76475054 36.810586215824081 YEM 28
-115.114261 93.85456523 20.076669064768613 PRT 29
-39.10000652 -155.6555242 63.422018311371339 COD 30
122.6312597 -68.55400362 13.020670410425378 KWT 31
-71.86773934 60.41934899 1.1329633457435904 GIB 32
311.934538 -204.3930823 25.816605213989654 KHM 33
266.8766564 -266.5057026 104.48136402769953 IDN 34
211.0080997 37.15929948 19.974416800942763 TJK 35
-222.0530941 -4.812543127 18.595133539528913 SLE 36
122.221157 48.67077488 58.098497280179103 TUR 37
168.8241021 132.2557562 19.3284881314313 BLR 38
103.5335969 97.9920703 19.987163229818361 HUN 39
85.78710357 66.19832196 9.0569604257762002 MKD 40
288.9700999 -157.724067 4.2198916596449774 BRN 41
-49.74286765 -233.7005852 48.747317566996678 ZAF 42
-51.59483157 -63.09993046 26.813465849264972 TCD 43
-16.12839685 84.22483057 1.1508063858912092 SMR 44
-26.93332273 107.3112683 50.468822644874962 FRA 45
28.33175878 -235.5913888 36.514378401015769 MOZ 46
24.27643114 -93.33144204 70.546041612587103 ETH 47
37.60459041 -55.64717559 12.142968576167476 ERI 48
-45.03024768 73.74089412 1.7770982283583625 AND 49
77.74876838 72.44299058 11.238449618691737 BIH 50
-85.70954518 -170.8406221 37.985730249503682 AGO 51
200.5927069 171.577935 14.769275929636084 FIN 52
-17.9902164 -57.93699307 43.500575062320337 SDN 53
243.5751682 -148.7640791 5.565028320431276 BTN 54
264.9047996 -161.9716046 46.332917598525327 MMR 55
294.2078945 103.369622 11.644467007726591 MNG 56
426.0541384 79.4934105 45.13134315363525 KOR 57
-39.49263717 -103.1234336 15.029101654374699 CAF 58
50.52148695 -2.898778195 18.996217189388506 ISR 59
266.043145 -137.0566371 5.2620541529842972 MAC 60
371.121516 -181.3264917 62.357436562825313 VNM 61
-118.3787239 65.68675439 38.579420067195542 MAR 62
57.81295237 11.56502428 14.511818404630572 LBN 63
84.3423902 -66.62426119 38.121459497544961 SAU 64
144.732552 -3.732867596 59.22384170286221 IRN 65
51.9348146 -67.86081131 6.6859618848297169 DJI 66
170.728525 146.4717235 10.340522835179389 LTU 67
252.2762606 120.0668173 75.375622048486363 RUS 68
-15.05078538 -224.3086013 25.603029953893035 ZWE 69
-158.6048368 33.30806484 13.83031670550182 MRT 70
-44.57391915 -203.95155 10.258426419874205 BWA 71
108.7068023 -69.60833319 10.336581335956653 QAT 72
-218.9195763 9.146181508 10.444430594358346 GMB 73
114.5205169 -354.2071367 237.05012914518309 IND 74
-59.70206039 -91.13964025 33.567875577731229 CMR 75
-16.45531887 45.67721671 0.14273996463758234 VAT 76
-223.2686729 -20.81227325 14.598607327398124 LBR 77
-184.5142795 -59.6935098 36.635262367418953 GHA 78
127.3902331 93.89054598 27.972298945107518 ROU 79
161.1184555 104.9549642 38.017095393994964 UKR 80
-2.258179257 -191.5569919 22.819205598105199 BDI 81
55.14294495 -140.7849305 46.5542406551113 KEN 82
-200.9935627 -2.16510361 23.625512441898575 GIN 83
18.20884668 -205.7397401 28.693573347859068 MWI 84
75.51192254 95.12670566 9.130896023358769 SVN 85
-2.426562062 -207.2397211 9.5742239410731038 LSO 86
-201.7391849 -30.37984057 33.699632998247999 CIV 87
71.25838078 -95.10347742 26.714119015999053 SOM 88
-9.558324394 -121.7674954 20.88447149161146 SSD 89
336.147118 -232.0353545 7.3160324182542684 TLS 90
55.92026077 115.1929245 1.2443781621195815 LIE 91
-33.00936019 142.6083957 21.43952368190336 BEL 92
-60.95921197 -124.3799843 15.498300193355377 COG 93
53.08936498 -188.8225787 51.503024119408458 TZA 94
81.1590421 135.1280218 20.317769221632126 CZE 95
282.3502328 -198.1406133 36.735232949191008 MYS 96
109.2071497 116.2023678 15.098083179099644 SVK 97
12.18074353 -148.4164287 43.713866559415592 UGA 98
359.3083632 110.5574989 32.078087891570178 PRK 99
-10.53817898 129.8528554 5.0748022272783357 LUX 100
-154.0360666 -57.46128267 23.22454234302446 BEN 101
84.50713091 51.749565 20.168303373972602 GRC 102
40.11693874 123.3660067 18.601158916192968 CHE 103
-197.6061004 24.57155964 26.432728327444451 SEN 104
60.96251679 -19.23847372 21.116832849381122 JOR 105
-38.98069647 166.806287 26.324593283299887 NLD 106
133.5582084 -79.9757814 13.515899445744749 OMN 107
27.76834322 65.00597039 48.120519234662289 ITA 108
294.1899088 -172.7705566 17.328067322333666 LAO 109
163.581342 63.04844625 10.453205380069374 ARM 110
-4.220669324 80.68421513 1.1942482260115264 MCO 111
138.537315 -61.68551653 19.347453128436602 ARE 112
71.46950232 14.82965511 14.534966062107987 PSE 113
188.8724211 183.9135191 20.43077159041167 SWE 114
140.876833 80.30740148 11.625204021819526 MDA 115
-83.76198178 84.81100888 43.233246755155612 ESP 116
-120.1278507 -107.4164626 93.824250225672941 NGA 117
71.19199491 58.32755237 10.55503888936032 ALB 118
4.870581662 -238.2125688 6.900410717382937 SWZ 119
172.7193389 83.67773008 12.109364060164401 GEO 120
-65.97741629 -23.90437254 16.460338010442232 LBY 121
329.8499208 -177.590878 20.1571877413366 PNG 122
137.9949828 137.0576236 40.170840382954083 POL 123
75.63313822 111.7340031 18.771797818654669 AUT 124
300.7224993 -157.4288183 17.166224104648915 HKG 125
186.9442013 159.5941437 7.2136660185443509 EST 126
179.5257205 168.6309113 14.673779446007559 NOR 127
73.3475791 65.96491366 4.9631652484305366 MNE 128
115.1323057 -42.88077431 42.306690389331351 IRQ 129
-213.4128927 16.88113915 9.1975944702771741 GNB 130
-149.7078565 4.519589813 30.269287604609637 MLI 131
194.5728588 93.79182872 27.770536099467865 KAZ 132
