-1.789680098 87.29247908 12.557061120706921 HRV 0
115.8743618 100.0093745 37.190267079057826 UZB 1
19.15431643 65.86818767 16.219054210516582 BGR 2
-117.0698163 42.00129404 4.8067563876665504 ESH 3
-54.29090374 -63.40536185 8.2122012116535252 GNQ 4
12.2871832 75.64055577 16.768756670155742 SRB 5
-117.8813964 3.827803987 30.241677316167273 BFA 6
-95.49395399 -39.09613447 18.870849556599598 TGO 7
98.76261887 83.01178423 16.009163623128554 TKM 8
80.92639127 165.0919141 8.4843270967260729 LVA 9
-24.05524943 130.9170745 57.238547839388026 DEU 10
218.3040664 -96.3064915 53.143183431408069 THA 11
96.45934046 95.37747937 20.237889446289813 AZE 12
220.4180871 52.03439985 236.80474093456917 CHN 13
-55.24386023 -73.83152247 9.789922219419763 GAB 14
131.5730028 -24.81536576 97.25798843362314 PAK 15
9.139895357 -83.62292602 23.545605091055275 RWA 16
42.29351052 40.54757575 30.225840536078788 SYR 17
-6.982189105 -117.7169007 28.444318200884272 ZMB 18
-4.653884522 146.9104223 15.2478088008267 DNK 19
119.0164767 -77.97517945 34.860711515510097 NPL 20
-48.77315298 51.98994552 22.136663020574257 TUN 21
175.6027551 -76.37680874 82.479617937764189 BGD 22
135.1198076 100.8655965 16.276737746062985 KGZ 23
-8.718658632 21.96155701 66.584789381892961 EGY 24
-81.18118249 49.4074562 42.35386041920701 DZA 25
-63.59441471 27.64464549 32.710506560757047 NER 26
116.3352938 49.23514869 40.760695937709116 AFG 27
76.25390333 -29.74659539 36.810586215824081 YEM 28
-99.87728121 75.2070443 20.076669064768613 PRT 29
-22.19244193 -89.70445245 63.422018311371339 COD 30
78.4540725 -2.758201487 13.020670410425378 KWT 31
-69.38330661 59.74429314 1.1329633457435904 GIB 32
265.167806 -84.14919999 25.816605213989654 KHM 33
251.5122962 -153.714721 104.48136402769953 IDN 34
127.0048522 83.11729941 19.974416800942763 TJK 35
-152.1523669 -19.19011812 18.595133539528913 SLE 36
44.76344992 71.49559871 58.098497280179103 TUR 37
78.81709105 143.8299581 19.3284881314313 BLR 38
24.20181575 103.2055493 19.987163229818361 HUN 39
9.123057378 65.31663925 9.0569604257762002 MKD 40
253.8028288 -63.03135595 4.2198916596449774 BRN 41
-20.47327268 -151.9760451 48.747317566996678 ZAF 42
-19.77458654 -10.81813319 26.813465849264972 TCD 43
-24.11112085 85.72797465 1.1508063858912092 SMR 44
-51.2911539 101.7392797 50.468822644874962 FRA 45
31.59780133 -131.2913965 36.514378401015769 MOZ 46
41.49621989 -44.57258221 70.546041612587103 ETH 47
44.48692904 -13.80018118 12.142968576167476 ERI 48
-44.67497641 70.92564199 1.7770982283583625 AND 49
3.32251317 80.41191107 11.238449618691737 BIH 50
-41.76634615 -120.9354533 37.985730249503682 AGO 51
103.8821025 174.8847264 14.769275929636084 FIN 52
4.279777611 -15.19344617 43.500575062320337 SDN 53
176.4052114 -24.58370927 5.565028320431276 BTN 54
231.5893929 -59.53910724 46.332917598525327 MMR 55
190.376028 140.711265 11.644467007726591 MNG 56
319.0659521 93.24602549 45.13134315363525 KOR 57
-22.54244066 -51.7135147 15.029101654374699 CAF 58
21.96440196 23.13344796 18.996217189388506 ISR 59
229.766421 -37.02076514 5.2620541529842972 MAC 60
288.8364321 -64.64337695 62.357436562825313 VNM 61
-108.7698021 55.9395676 38.579420067195542 MAR 62
20.43506454 43.55620115 14.511818404630572 LBN 63
61.25552546 -8.436624236 38.121459497544961 SAU 64
93.59857467 23.2036128 59.22384170286221 IRN 65
59.82696908 -24.58280964 6.6859618848297169 DJI 66
76.95774081 155.0504673 10.340522835179389 LTU 67
162.4892234 156.1585827 75.375622048486363 RUS 68
0.07103551976 -135.2796493 25.603029953893035 ZWE 69
-126.2001556 26.09192869 13.83031670550182 MRT 70
-14.85544204 -129.5503432 10.258426419874205 BWA 71
78.23649357 -12.15624107 10.336581335956653 QAT 72
-154.8756241 0.7992076139 10.444430594358346 GMB 73
118.209202 -181.741345 237.05012914518309 IND 74
-41.09963805 -55.85335762 33.567875577731229 CMR 75
-24.99766973 42.78188882 0.14273996463758234 VAT 76
-143.7025744 -41.61763083 14.598607327398124 LBR 77
-109.86483 -26.11860785 36.635262367418953 GHA 78
41.69421887 101.7380913 27.972298945107518 ROU 79
79.63019319 120.1646341 38.017095393994964 UKR 80
7.572768598 -99.83092737 22.819205598105199 BDI 81
64.37131208 -78.1788115 46.5542406551113 KEN 82
-140.7977237 -6.236976515 23.625512441898575 GIN 83
13.73831546 -116.9822562 28.693573347859068 MWI 84
-1.608836738 102.6286706 9.130896023358769 SVN 85
12.69762922 -132.1662838 9.5742239410731038 LSO 86
-134.4489038 -27.24119042 33.699632998247999 CIV 87
79.2612319 -51.69088959 26.714119015999053 SOM 88
10.45252039 -37.82863327 20.88447149161146 SSD 89
291.6949748 -146.9494539 7.3160324182542684 TLS 90
-18.55644672 99.65168764 1.2443781621195815 LIE 91
-52.80527943 126.934331 21.43952368190336 BEL 92
-44.38633389 -72.81013236 15.498300193355377 COG 93
33.4529322 -93.49524537 51.503024119408458 TZA 94
10.20556275 114.5759257 20.317769221632126 CZE 95
249.539253 -102.133694 36.735232949191008 MYS 96
28.82150076 120.9093442 15.098083179099644 SVK 97
4.986438062 -60.39840389 43.713866559415592 UGA 98
268.3347806 135.7450316 32.078087891570178 PRK 99
-33.20620747 110.9784239 5.0748022272783357 LUX 100
-99.68390612 -0.7959717219 23.22454234302446 BEN 101
12.88612075 53.13647362 20.168303373972602 GRC 102
-30.36803884 89.52904772 18.601158916192968 CHE 103
-144.7115438 14.50219194 26.432728327444451 SEN 104
33.52586905 9.453682872 21.116832849381122 JOR 105
-51.69726158 144.0041933 26.324593283299887 NLD 106
91.76662272 -21.4934046 13.515899445744749 OMN 107
-27.39743728 64.34484309 48.120519234662289 ITA 108
258.8382412 -53.15896065 17.328067322333666 LAO 109
88.98255876 86.4223691 10.453205380069374 ARM 110
-10.91272472 69.6474929 1.1942482260115264 MCO 111
88.5700424 -9.675819954 19.347453128436602 ARE 112
33.51272448 25.39554211 14.534966062107987 PSE 113
92.2962179 179.3657015 20.43077159041167 SWE 114
57.72340209 102.9953476 11.625204021819526 MDA 115
-78.83049871 82.0239405 43.233246755155612 ESP 116
-60.3659723 -16.8387485 93.824250225672941 NGA 117
2.498185205 67.42849306 10.55503888936032 ALB 118
16.60859195 -138.7122322 6.900410717382937 SWZ 119
90.85744368 106.0105048 12.109364060164401 GEO 120
-37.07523788 28.35954414 16.460338010442232 LBY 121
288.9373836 -121.7220274 20.1571877413366 PNG 122
51.14483524 141.4021273 40.170840382954083 POL 123
-3.850719574 112.4235076 18.771797818654669 AUT 124
242.0967053 -39.16572397 17.166224104648915 HKG 125
86.46725323 170.0423538 7.2136660185443509 EST 126
79.91384532 179.480256 14.673779446007559 NOR 127
1.869829864 74.94028738 4.9631652484305366 MNE 128
58.26618926 19.34127021 42.306690389331351 IRQ 129
-148.2010507 2.45058594 9.1975944702771741 GNB 130
-110.9988864 28.19884936 30.269287604609637 MLI 131
111.6446332 124.597633 27.770536099467865 KAZ 132
