74.42641103 83.45582334 12.557061120706921 HRV 0
204.6610862 64.08144371 37.190267079057826 UZB 1
105.8571826 80.61101556 16.219054210516582 BGR 2
-145.3111996 45.34847191 4.8067563876665504 ESH 3
-69.06163205 -109.0369899 8.2122012116535252 GNQ 4
90.13457042 77.94652931 16.768756670155742 SRB 5
-165.2363299 -31.31099389 30.241677316167273 BFA 6
-167.4238383 -80.37464591 18.870849556599598 TGO 7
182.0223777 51.8815613 16.009163623128554 TKM 8
178.0757376 156.2345451 8.4843270967260729 LVA 9
43.53045746 160.8262098 57.238547839388026 DEU 10
233.2238685 -198.1445109 53.143183431408069 THA 11
177.2958406 68.7540511 20.237889446289813 AZE 12
320.3248664 -21.63146361 236.80474093456917 CHN 13
-71.06767416 -117.5051341 9.789922219419763 GAB 14
193.9497001 -122.2049325 97.25798843362314 PAK 15
17.50144639 -180.4889993 23.545605091055275 RWA 16
99.7351011 -3.796202045 30.225840536078788 SYR 17
-26.04271404 -200.0794117 28.444318200884272 ZMB 18
14.51637764 187.8758664 15.2478088008267 DNK 19
103.9685345 -127.8009405 34.860711515510097 NPL 20
-57.00906554 11.8736566 22.136663020574257 TUN 21
166.2073515 -208.6416967 82.479617937764189 BGD 22
230.2188688 67.94090895 16.276737746062985 KGZ 23
-9.333743742 12.22666795 66.584789381892961 EGY 24
-107.9676812 16.97146256 42.35386041920701 DZA 25
-102.8822327 -36.83336154 32.710506560757047 NER 26
190.6910798 13.05080441 40.760695937709116 AFG 27
110.4270854 -93.76129064 36.810586215824081 YEM 28
-115.1133326 93.85377027 20.076669064768613 PRT 29
-39.09621691 -155.647929 63.422018311371339 COD 30
122.6361149 -68.53103298 13.020670410425378 KWT 31
-71.86773934 60.41934899 1.1329633457435904 GIB 32
311.9354194 -204.3965116 25.816605213989654 KHM 33
266.8778379 -266.5074314 104.48136402769953 IDN 34
211.0236117 37.19012953 19.974416800942763 TJK 35
-222.0526783 -4.812551868 18.595133539528913 SLE 36
122.2236988 48.62838924 58.098497280179103 TUR 37
168.8215321 132.2540998 19.3284881314313 BLR 38
103.5590998 97.96195686 19.987163229818361 HUN 39
85.78710357 66.19832196 9.0569604257762002 MKD 40
288.9728356 -157.7217491 4.2198916596449774 BRN 41
-49.74567069 -233.699217 48.747317566996678 ZAF 42
-51.59539363 -63.09950557 26.813465849264972 TCD 43
-16.12839685 84.22483057 1.1508063858912092 SMR 44
-26.93332273 107.3112683 50.468822644874962 FRA 45
28.35402867 -235.5819693 36.514378401015769 MOZ 46
24.28528959 -93.32741711 70.546041612587103 ETH 47
37.61107674 -55.64082322 12.142968576167476 ERI 48
-45.03024768 73.74089412 1.7770982283583625 AND 49
77.76257295 72.44717489 11.238449618691737 BIH 50
-85.70143016 -170.8598527 37.985730249503682 AGO 51
200.592222 171.5777858 14.769275929636084 FIN 52
-17.98569601 -57.93272867 43.500575062320337 SDN 53
243.5729721 -148.7645439 5.565028320431276 BTN 54
264.9056688 -161.9679179 46.332917598525327 MMR 55
294.2078945 103.369622 11.644467007726591 MNG 56
426.0541384 79.4934105 45.13134315363525 KOR 57
-39.4892606 -103.124815 15.029101654374699 CAF 58
50.52129979 -2.900130417 18.996217189388506 ISR 59
266.0408306 -137.0514021 5.2620541529842972 MAC 60
371.121516 -181.3264917 62.357436562825313 VNM 61
-118.382199 65.68713403 38.579420067195542 MAR 62
57.81181565 11.56473271 14.511818404630572 LBN 63
84.34051139 -66.61271297 38.121459497544961 SAU 64
144.7609566 -3.73120927 59.22384170286221 IRN 65
51.93031648 -67.86755641 6.6859618848297169 DJI 66
170.7217339 146.4700821 10.340522835179389 LTU 67
252.279563 120.095748 75.375622048486363 RUS 68
-15.05208685 -224.3076451 25.603029953893035 ZWE 69
-158.6048368 33.30806484 13.83031670550182 MRT 70
-44.57452645 -203.9520763 10.258426419874205 BWA 71
108.7068023 -69.60833319 10.336581335956653 QAT 72
-218.9208218 9.146641583 10.444430594358346 GMB 73
114.4961467 -354.1935745 237.05012914518309 IND 74
-59.69886841 -91.14124542 33.567875577731229 CMR 75
-16.45433227 45.67768312 0.14273996463758234 VAT 76
-223.2691875 -20.81268661 14.598607327398124 LBR 77
-184.5261148 -59.69892509 36.635262367418953 GHA 78
127.3895078 93.89064861 27.972298945107518 ROU 79
161.1346915 104.9893559 38.017095393994964 UKR 80
-2.249858289 -191.5539994 22.819205598105199 BDI 81
55.15141692 -140.7806574 46.5542406551113 KEN 82
-200.9935627 -2.16510361 23.625512441898575 GIN 83
18.22217153 -205.7323704 28.693573347859068 MWI 84
75.51192254 95.12670566 9.130896023358769 SVN 85
-2.426562062 -207.2397211 9.5742239410731038 LSO 86
-201.7393076 -30.37736477 33.699632998247999 CIV 87
71.26871519 -95.09907154 26.714119015999053 SOM 88
-9.55108882 -121.7634535 20.88447149161146 SSD 89
336.147118 -232.0353545 7.3160324182542684 TLS 90
55.92059016 115.1930222 1.2443781621195815 LIE 91
-33.00936019 142.6083957 21.43952368190336 BEL 92
-60.96219712 -124.3845902 15.498300193355377 COG 93
53.10660867 -188.8189206 51.503024119408458 TZA 94
81.1590421 135.1280218 20.317769221632126 CZE 95
282.3493206 -198.1377779 36.735232949191008 MYS 96
109.2079066 116.1603861 15.098083179099644 SVK 97
12.1859888 -148.4043121 43.713866559415592 UGA 98
359.2863367 110.2939037 32.078087891570178 PRK 99
-10.53817898 129.8528554 5.0748022272783357 LUX 100
-154.050651 -57.47425746 23.22454234302446 BEN 101
84.51597556 51.73092804 20.168303373972602 GRC 102
40.12223261 123.3864757 18.601158916192968 CHE 103
-197.6061004 24.57155964 26.432728327444451 SEN 104
60.9611573 -19.24118328 21.116832849381122 JOR 105
-38.98069647 166.806287 26.324593283299887 NLD 106
133.5582084 -79.9757814 13.515899445744749 OMN 107
27.78260042 64.97740456 48.120519234662289 ITA 108
294.1895978 -172.7703311 17.328067322333666 LAO 109
163.5896663 63.07460431 10.453205380069374 ARM 110
-4.220669324 80.68421513 1.1942482260115264 MCO 111
138.537315 -61.68551653 19.347453128436602 ARE 112
71.46951906 14.82658108 14.534966062107987 PSE 113
188.870599 183.9128178 20.43077159041167 SWE 114
140.8772148 80.30765889 11.625204021819526 MDA 115
-83.76459509 84.81328368 43.233246755155612 ESP 116
-120.1288232 -107.4128531 93.824250225672941 NGA 117
71.20906073 58.32693353 10.55503888936032 ALB 118
4.870679081 -238.2130461 6.900410717382937 SWZ 119
172.7209218 83.70709686 12.109364060164401 GEO 120
-65.97741629 -23.90437254 16.460338010442232 LBY 121
329.8499208 -177.590878 20.1571877413366 PNG 122
137.9949828 137.0576236 40.170840382954083 POL 123
75.62923839 111.7250091 18.771797818654669 AUT 124
300.7225251 -157.4282336 17.166224104648915 HKG 125
186.9442013 159.5941437 7.2136660185443509 EST 126
179.5257205 168.6309113 14.673779446007559 NOR 127
73.36280619 65.96775496 4.9631652484305366 MNE 128
115.1311945 -42.85959232 42.306690389331351 IRQ 129
-213.4136078 16.88168591 9.1975944702771741 GNB 130
-149.7078565 4.519589813 30.269287604609637 MLI 131
194.5777021 93.82248433 27.770536099467865 KAZ 132
