-1.769338942 58.48575991 12.283454840233338 HRV 0
72.34011292 63.48885813 36.379926940747865 UZB 1
17.36494472 56.90437998 15.865656623877374 BGR 2
-40.67086446 30.72482954 4.7020217906354542 ESH 3
-6.114627181 -27.29307511 8.033265248339946 GNQ 4
11.51442471 58.1936734 16.403381595798404 SRB 5
-35.05050009 10.37846886 29.582740263442865 BFA 6
-26.83381557 -2.82709996 18.459671900703384 TGO 7
65.14736114 56.98434536 15.660339350449483 TKM 8
36.19442141 85.64549175 8.2994617721933697 LVA 9
-10.22667084 79.93201848 55.991374952077706 DEU 10
155.086796 -14.18003363 51.985244594332912 THA 11
51.40351091 57.00804447 19.796925306447889 AZE 12
158.6624733 54.55549005 231.64499346318229 CHN 13
-2.292296367 -30.45791045 9.5766092332972299 GAB 14
88.40124637 27.77215336 95.138830439099635 PAK 15
32.9075051 -26.53351738 23.032569009719321 RWA 16
34.69410603 42.92396847 29.567248551555686 SYR 17
27.05039077 -45.60775111 27.824543874014317 ZMB 18
-2.035267289 90.21556404 14.915573717214105 DNK 19
110.6982409 19.5344864 34.101130151627686 NPL 20
-4.276423912 35.97589707 21.654326431388689 TUN 21
135.7118632 1.967315868 80.682466417842022 BGD 22
92.70450181 54.08334468 15.92208329068246 KGZ 23
13.40382636 27.55413179 65.133970883537899 EGY 24
-15.83447947 32.38537147 41.431010549989821 DZA 25
-7.61512675 21.76284456 31.997776094092593 NER 26
75.88557655 48.84464694 39.872559589735083 AFG 27
61.61954847 10.6713325 36.008518958227036 YEM 28
-40.2846631 42.25564785 19.639217761927366 PRT 29
17.08060242 -26.27780809 62.040113551691007 COD 30
60.12374137 25.92318939 12.736962529574642 KWT 31
-29.8672389 40.66742141 1.1082771644817475 GIB 32
168.4366256 -22.30211971 25.254086224940011 KHM 33
167.1974315 -53.85051896 102.20481562870469 IDN 34
86.27372074 53.52698191 19.539193476551766 TJK 35
-58.0611045 -4.180940599 18.189963470373932 SLE 36
30.52282486 58.02654158 56.832586921924864 TUR 37
37.73590813 80.75718914 18.907338971290795 BLR 38
10.47584686 65.33176103 19.551662173005699 HUN 39
13.5516034 54.05936034 8.8596179719430559 MKD 40
165.2642599 -15.85376006 4.1279442804056572 BRN 41
20.99826 -62.42895941 47.685160417775151 ZAF 42
11.32046063 10.9602655 26.229226226068022 TCD 43
-7.50231878 57.82367627 1.1257314219516203 SMR 44
-26.0404126 64.7838424 49.369155556293663 FRA 45
44.84827433 -55.13187207 35.718765226717188 MOZ 46
43.85897979 3.574729604 69.008911239308489 ETH 47
42.48476098 18.41538455 11.878384973834436 ERI 48
-19.45856852 48.21978639 1.7383769677366769 AND 49
6.615122225 55.65870596 10.993574614190134 BIH 50
5.352150471 -40.74065729 37.158057734037378 AGO 51
40.50808069 89.82235664 14.447467616882705 FIN 52
23.59838759 8.463488683 42.552739384301958 SDN 53
133.1197649 19.82571293 5.4437717075306269 BTN 54
158.6681429 3.857681226 45.323367901684477 MMR 55
137.7339746 93.53498984 11.390745274953655 MNG 56
186.6560913 12.90428782 44.147974607894824 KOR 57
15.14132299 -12.44657541 14.701631989061696 CAF 58
28.10023988 31.84288587 18.582307893391995 ISR 59
164.6169162 11.75644235 5.1473990556960905 MAC 60
177.8885447 -9.205384336 60.998728015194885 VNM 61
-30.54552319 33.60382842 37.738811621800068 MAR 62
27.73248339 37.82581616 14.195619843643117 LBN 63
52.0545389 21.15229033 37.290829572351093 SAU 64
60.60682466 39.6876479 57.933411172349338 IRN 65
54.13625065 12.95240628 6.5402812080286923 DJI 66
32.82081863 84.4875474 10.115212791380994 LTU 67
108.7741797 119.6208805 73.733259764125023 RUS 68
31.44727312 -54.19929156 25.045164564276767 ZWE 69
-41.70343715 26.99600277 13.528967410854841 MRT 70
18.0301778 -52.26030692 10.034905177979054 BWA 71
61.05927544 20.35568259 10.111357173634142 QAT 72
-63.98934691 8.042105925 10.216856500458736 GMB 73
95.83292504 -38.08591981 231.88503490077878 IND 74
0.1241858732 -22.77099824 32.836463865075167 CMR 75
-7.918131481 37.84990569 0.13962979814050144 VAT 76
-55.92750186 -11.12878951 14.280517719284553 LBR 77
-36.61300181 -1.46120696 35.83701524779682 GHA 78
18.72206315 67.70662092 27.362809463683767 ROU 79
42.1844011 71.47929986 37.188739462207096 UKR 80
30.1168297 -34.393133 22.321997062840218 BDI 81
50.25500433 -16.36572342 45.539868541805859 KEN 82
-53.99561561 3.089566607 23.110735256267873 GIN 83
37.29663558 -46.18337073 28.06836799114884 MWI 84
-2.873055566 62.80227693 8.9319425839889046 SVN 85
34.81364301 -59.65742253 9.365610812909031 LSO 86
-47.70151041 -7.255997874 32.965350418164775 CIV 87
68.18300153 1.345626464 26.132044064715814 SOM 88
27.11728739 -4.497610316 20.42941895108877 SSD 89
187.3506325 -55.60334845 7.1566231107307239 TLS 90
-8.887059145 65.33978269 1.2172643592028585 LIE 91
-24.84465943 77.57678654 20.972377088178678 BEL 92
3.339163785 -31.22956967 15.1606071433013 COG 93
44.69613298 -33.97729357 50.380822775718627 TZA 94
5.247721548 72.36819201 19.875064578339092 CZE 95
159.8485755 -29.69396477 35.934807566775341 MYS 96
11.57085124 71.67809025 14.769110472731095 SVK 97
34.16439513 -14.62618866 42.761383464886613 UGA 98
202.927477 72.94338067 31.379137219247319 PRK 99
-17.376423 71.15310978 4.9642271692932303 LUX 100
-25.82569148 7.087854398 22.718501910068561 BEN 101
13.64558825 48.87299873 19.72885544769661 GRC 102
-14.0330106 62.1880736 18.195857559877588 CHE 103
-57.97834074 11.36367615 25.856784608534397 SEN 104
35.03468398 25.86954497 20.656717378431157 JOR 105
-20.34496207 90.94224728 25.75100572296331 NLD 106
67.52273664 18.78923755 13.22140100068207 OMN 107
-8.531262036 47.81213183 47.072019418049756 ITA 108
171.2301158 3.360765309 16.95050540698697 LAO 109
47.02224409 53.53439231 10.22544009203148 ARM 110
-9.9457804 57.58459109 1.1682267061717955 MCO 111
65.76064652 24.45615832 18.925890739257873 ARE 112
33.3954965 34.6101812 14.218263135934823 PSE 113
32.37910702 90.4010864 19.985604734224289 SWE 114
28.19344774 70.166572 11.371902010976282 MDA 115
-30.83835465 48.79792957 42.291235903749573 ESP 116
-6.605020762 -0.863573573 91.779910083046957 NGA 117
8.415217663 50.49389261 10.325054747130606 ALB 118
38.81734866 -60.115032 6.7500574068451833 SWZ 119
45.62547151 62.334609 11.845512667903632 GEO 120
-1.881973687 28.56219366 16.101683081945595 LBY 121
187.2941181 -43.9988555 19.717982014001223 PNG 122
17.2964904 79.70565059 39.295556420008829 POL 123
-5.02444764 67.3205475 18.362778404829033 AUT 124
168.7170142 10.37569253 16.79218859730366 HKG 125
36.87396285 88.37010454 7.0564871763821575 EST 126
26.23534902 89.15083282 14.354051909753771 NOR 127
6.558680484 52.55369916 4.8550226528068254 MNE 128
43.642945 33.6832362 41.384868309682133 IRQ 129
-59.73628286 4.478253674 8.997187735920587 GNB 130
-35.38583008 21.17196366 29.609748950264365 MLI 131
73.04997077 80.85341775 27.16544283633138 KAZ 132
