-1.949609368 91.9735804 12.557061120706921 HRV 0
109.4990343 90.1094722 37.190267079057826 UZB 1
15.31447507 67.67684081 16.219054210516582 BGR 2
-101.9104184 39.86705923 4.8067563876665504 ESH 3
-50.87456879 -63.36145203 8.2122012116535252 GNQ 4
9.099409286 76.83727618 16.768756670155742 SRB 5
-98.2781556 12.51720619 30.241677316167273 BFA 6
-86.60818074 -34.07189931 18.870849556599598 TGO 7
87.11112315 75.01161775 16.009163623128554 TKM 8
79.55533352 161.7998194 8.4843270967260729 LVA 9
-23.944602 128.5660366 57.238547839388026 DEU 10
212.8770143 -68.94477013 53.143183431408069 THA 11
91.7059623 97.52692482 20.237889446289813 AZE 12
215.8512866 59.59263601 236.80474093456917 CHN 13
-50.25039047 -69.55314706 9.789922219419763 GAB 14
127.2798121 -9.121094716 97.25798843362314 PAK 15
10.74825373 -71.64989952 23.545605091055275 RWA 16
39.29509581 46.45876591 30.225840536078788 SYR 17
-2.274037107 -101.0380124 28.444318200884272 ZMB 18
-4.871087765 143.6620012 15.2478088008267 DNK 19
170.1698798 -20.34624637 34.860711515510097 NPL 20
-41.09597967 51.10052274 22.136663020574257 TUN 21
168.1320729 -60.63116117 82.479617937764189 BGD 22
126.0087799 83.08490742 16.276737746062985 KGZ 23
-5.658705975 29.64699896 66.584789381892961 EGY 24
-73.29949892 49.34389111 42.35386041920701 DZA 25
-52.106 35.71610585 32.710506560757047 NER 26
108.9713223 50.93614255 40.760695937709116 AFG 27
76.67725863 -21.9180656 36.810586215824081 YEM 28
-92.33085089 72.82721897 20.076669064768613 PRT 29
-18.27649559 -74.68710849 63.422018311371339 COD 30
78.37132611 3.170474768 13.020670410425378 KWT 31
-65.32445389 62.42100573 1.1329633457435904 GIB 32
238.5415411 -75.68525874 25.816605213989654 KHM 33
227.3890176 -143.8974243 104.48136402769953 IDN 34
120.983748 71.93112681 19.974416800942763 TJK 35
-141.1223684 -19.89099011 18.595133539528913 SLE 36
38.76933371 76.15155633 58.098497280179103 TUR 37
78.38796746 145.9400864 19.3284881314313 BLR 38
23.69179237 110.4508452 19.987163229818361 HUN 39
6.715636689 66.19001485 9.0569604257762002 MKD 40
229.1784856 -55.8935922 4.2198916596449774 BRN 41
-11.46421318 -134.8456083 48.747317566996678 ZAF 42
-11.61133661 -1.124866708 26.813465849264972 TCD 43
-22.67154239 85.73047061 1.1508063858912092 SMR 44
-50.22515723 101.5056737 50.468822644874962 FRA 45
26.7636893 -121.3160414 36.514378401015769 MOZ 46
42.68740086 -34.19667703 70.546041612587103 ETH 47
45.72475916 -6.496769925 12.142968576167476 ERI 48
-43.1993258 69.42189213 1.7770982283583625 AND 49
2.074636319 83.12877803 11.238449618691737 BIH 50
-23.87032 -108.4460202 37.985730249503682 AGO 51
93.28008558 167.2133292 14.769275929636084 FIN 52
12.38764887 -2.770880691 43.500575062320337 SDN 53
183.7304326 -16.55681211 5.565028320431276 BTN 54
220.439337 -36.43014538 46.332917598525327 MMR 55
187.708551 138.0698063 11.644467007726591 MNG 56
311.4326166 71.78119485 45.13134315363525 KOR 57
-23.90084938 -41.11975441 15.029101654374699 CAF 58
23.05023646 30.38460123 18.996217189388506 ISR 59
229.781761 -21.85331423 5.2620541529842972 MAC 60
259.9672024 -55.27894752 62.357436562825313 VNM 61
-100.002417 54.30173984 38.579420067195542 MAR 62
20.00838632 44.44252708 14.511818404630572 LBN 63
61.85262974 -1.500688104 38.121459497544961 SAU 64
86.02754775 26.45798715 59.22384170286221 IRN 65
61.65431726 -16.53529033 6.6859618848297169 DJI 66
76.47599781 155.7107666 10.340522835179389 LTU 67
161.9883384 151.896417 75.375622048486363 RUS 68
6.182922625 -117.0821652 25.603029953893035 ZWE 69
-107.7308587 29.39673154 13.83031670550182 MRT 70
-5.522723578 -113.6271517 10.258426419874205 BWA 71
78.65254831 -4.793189333 10.336581335956653 QAT 72
-143.1793379 2.1266446 10.444430594358346 GMB 73
112.7965288 -153.3428209 237.05012914518309 IND 74
-47.95928625 -49.31989639 33.567875577731229 CMR 75
-24.09171931 42.99250622 0.14273996463758234 VAT 76
-132.3623494 -38.50849795 14.598607327398124 LBR 77
-100.434006 -21.58882154 36.635262367418953 GHA 78
38.85254916 105.050917 27.972298945107518 ROU 79
79.40908275 126.544339 38.017095393994964 UKR 80
7.951500528 -86.9947001 22.819205598105199 BDI 81
63.96470789 -67.23531297 46.5542406551113 KEN 82
-129.6021792 -5.467796769 23.625512441898575 GIN 83
16.91706365 -101.774912 28.693573347859068 MWI 84
-2.561686333 99.63965693 9.130896023358769 SVN 85
12.17654158 -127.2517467 9.5742239410731038 LSO 86
-123.9276099 -23.88028776 33.699632998247999 CIV 87
82.86150131 -42.32461482 26.714119015999053 SOM 88
9.381967548 -27.62872307 20.88447149161146 SSD 89
264.7901789 -138.0550205 7.3160324182542684 TLS 90
-21.13655991 97.39955934 1.2443781621195815 LIE 91
-52.76963154 125.5013067 21.43952368190336 BEL 92
-42.92234001 -64.99559544 15.498300193355377 COG 93
34.10969655 -81.07126188 51.503024119408458 TZA 94
7.805078942 112.8876693 20.317769221632126 CZE 95
224.9788488 -96.5710313 36.735232949191008 MYS 96
26.49352677 121.9545288 15.098083179099644 SVK 97
7.451975997 -49.31557907 43.713866559415592 UGA 98
267.8688228 133.5789513 32.078087891570178 PRK 99
-33.121142 108.9244136 5.0748022272783357 LUX 100
-90.97241423 -3.86966582 23.22454234302446 BEN 101
8.980485645 55.78103949 20.168303373972602 GRC 102
-29.15430864 91.84992988 18.601158916192968 CHE 103
-133.6537744 14.64070124 26.432728327444451 SEN 104
33.10298509 13.53614816 21.116832849381122 JOR 105
-49.23835463 141.1357876 26.324593283299887 NLD 106
89.73019191 -11.04602719 13.515899445744749 OMN 107
-26.45602771 69.58732999 48.120519234662289 ITA 108
242.1183106 -35.34941183 17.328067322333666 LAO 109
82.89230381 87.98795193 10.453205380069374 ARM 110
-9.911256495 69.23119532 1.1942482260115264 MCO 111
88.78617651 0.02264604223 19.347453128436602 ARE 112
34.12843572 32.35500966 14.534966062107987 PSE 113
83.20751656 173.3835681 20.43077159041167 SWE 114
51.46711874 100.0279473 11.625204021819526 MDA 115
-71.80309346 78.63457383 43.233246755155612 ESP 116
-51.79359839 -6.743418383 93.824250225672941 NGA 117
1.116325318 62.72315494 10.55503888936032 ALB 118
15.83090936 -131.4000728 6.900410717382937 SWZ 119
84.94299984 110.4561987 12.109364060164401 GEO 120
-32.61757625 36.70843851 16.460338010442232 LBY 121
260.9340117 -116.1061408 20.1571877413366 PNG 122
47.24249845 139.3835686 40.170840382954083 POL 123
-4.753618947 108.8893343 18.771797818654669 AUT 124
238.320046 -24.38517612 17.166224104648915 HKG 125
84.36825082 163.9410935 7.2136660185443509 EST 126
73.50787023 166.6802666 14.673779446007559 NOR 127
0.4362765137 75.39804507 4.9631652484305366 MNE 128
51.76232814 24.89692375 42.306690389331351 IRQ 129
-136.5861733 3.049280293 9.1975944702771741 GNB 130
-93.03496945 32.13409973 30.269287604609637 MLI 131
104.0381253 115.382865 27.770536099467865 KAZ 132
