-81.02620838 -13.34814642 23.901803645853672 ECU 0
-30.86379768 -7.605743749 5.5857618140890297 SUR 1
-37.49534218 -21.02557524 14.222054495628539 BRA 2
-47.35623161 -44.67508068 11.409749219480975 ARG 3
-100.717464 30.43007015 21.358283266398406 NIC 4
-145.2599568 64.22348079 11.871868067177079 BLZ 5
-50.62823467 -32.51517836 9.4497965835249929 BOL 6
-124.0835184 48.51402447 27.167237012560403 HND 7
-36.14505357 -36.52256931 11.596806754993013 PRY 8
-137.579392 111.34303 5.7751631902776213 CAN 9
-23.60772113 -43.69154067 12.360259421742416 URY 10
-160.2368305 -15.08854168 48.937974891289677 SLV 11
-178.5153051 70.1979264 22.701323131687296 MEX 12
-108.634392 1.626806727 28.216248640152315 CRI 13
-67.18268185 15.78866333 21.658414371124419 PAN 14
-163.616928 36.17921835 36.274099698178354 GTM 15
-42.11622883 8.795190336 15.968259686840874 VEN 16
-69.95729924 -46.35914668 14.33507922275045 CHL 17
-64.78065776 -29.81149538 14.447219752202678 PER 18
-148.2245171 95.73747139 17.012163728227698 USA 19
-55.81907533 -7.305342016 19.125943668285029 COL 20
-24.34843182 -6.477646571 5.3897087317528332 GUF 21
-35.04031396 -2.179128665 5.6812518390788114 GUY 22
