21.00561088 47.7156593 44.533807217745306 HRV 0
63.85003319 43.83016453 46.996992309527926 UZB 1
32.87437185 40.5699477 41.283221069846888 BGR 2
-20.3733204 20.28639736 7.8192686958681321 ESH 3
11.07151456 2.096116176 41.144141883759261 GNQ 4
28.26543659 44.32204355 47.562754637560218 SRB 5
0.6323571929 8.660927125 48.517286333017566 BFA 6
3.340305231 2.114897912 67.885934341846365 TGO 7
56.33781996 38.84881148 19.54817173967033 TKM 8
30.18409496 58.45079358 28.529617402176342 LVA 9
13.16694415 59.46340132 81.260223955657779 DEU 10
98.81427489 9.840372377 62.370616214222537 THA 11
49.76986254 42.43272436 59.066540424000038 AZE 12
94.88803868 41.6671548 64.715963728167878 CHN 13
11.08863573 -3.569741838 16.237930984916545 GAB 14
66.95558669 35.96649441 92.95150523365362 PAK 15
29.34203814 -2.792512655 125.77847256289328 RWA 16
42.44498863 36.70685268 59.195789025863917 SYR 17
29.80953796 -16.40883931 27.714316641600973 ZMB 18
14.01530579 63.31764587 63.973613362656039 DNK 19
79.27630315 23.58343715 77.258569148282902 NPL 20
16.89859222 21.32324545 47.118798973368882 TUN 21
87.23778179 26.85389011 191.81129906251886 BGD 22
75.39868009 45.79496534 31.15465914825036 KGZ 23
26.95188254 24.39503208 56.011567205046987 EGY 24
10.00104889 15.45077416 23.046954582448855 DZA 25
10.76690924 13.89766184 24.415658677317786 NER 26
62.74916825 36.00865835 42.334317948036556 AFG 27
50.16721684 17.224041 42.514464795643661 YEM 28
-21.53183416 40.78588808 55.669404154608429 PRT 29
22.1976451 -0.9773060757 35.349235211658097 COD 30
49.71986879 27.11623583 81.845933020002008 KWT 31
-30.90418562 31.23284199 364.84451337081953 GIB 32
105.8741511 4.208393709 51.571619014831185 KHM 33
121.4902381 -7.723803835 63.973613362656039 IDN 34
70.34898333 37.99243667 45.003270962534728 TJK 35
-15.24352649 4.232020116 58.088009882856824 SLE 36
39.85720083 38.32167165 55.08284928911408 TUR 37
37.7377401 48.26820077 35.992001226004987 BLR 38
25.28069317 49.38884748 55.497531548808638 HUN 39
28.6858473 35.08359226 47.843126988086951 MKD 40
118.133531 -0.5486904389 48.752999233091558 BRN 41
19.75068551 -32.29647251 37.141526305373105 ZAF 42
18.04530777 13.23133523 20.030915338092207 TCD 43
14.21680656 49.15492983 124.60330363242798 SMR 44
-14.96336271 48.13323691 57.226417215971679 FRA 45
37.43082512 -16.69676198 34.528955635735002 MOZ 46
37.5090852 8.989578248 55.703715038700238 ETH 47
41.38046318 22.80677814 29.257024475064838 ERI 48
-17.22281555 44.97020723 68.697293081976909 AND 49
25.15197804 45.46567779 41.651828571755829 BIH 50
21.58464711 -11.13839758 28.529617402176342 AGO 51
45.71441165 64.73412471 22.459139436763884 FIN 52
31.23989305 16.75136262 26.731722809052243 SDN 53
82.87053368 22.63674632 23.941523083243005 BTN 54
91.80481445 22.31521088 48.121865833357347 MMR 55
91.23664869 49.76402438 7.8192686958681321 MNG 56
135.804263 37.8807851 121.21442841543978 KOR 57
16.47251761 2.720195996 16.000868173434725 CAF 58
32.95568898 28.48193698 108.3469652742113 ISR 59
113.3338612 29.38277704 769.84065818877934 MAC 60
108.7141995 6.844352393 93.463977444750384 VNM 61
-19.89325035 21.75481621 48.438460470505902 MAR 62
35.32649563 36.96024875 120.37611148541555 LBN 63
49.03052052 22.67662267 21.855520422871578 SAU 64
54.54978611 32.63586176 38.998480138170763 IRN 65
45.87806952 9.631897306 36.831577690765926 DJI 66
25.14274559 55.56389055 34.694563087686532 LTU 67
73.81001048 65.01622138 15.638537391736264 RUS 68
29.0384087 -19.22048646 34.528955635735002 ZWE 69
-17.10247467 15.95979511 11.398444904619073 MRT 70
24.25758397 -24.7321045 11.398444904619073 BWA 71
56.64324671 27.82000674 80.906763280762021 QAT 72
-20.51578687 12.84022343 87.115567062965226 GMB 73
78.0192074 16.99052816 115.3507783217006 IND 74
13.82319725 3.87604887 40.957968340926769 CMR 75
20.16924272 37.39895391 180.55358533300256 VAT 76
-8.608926877 2.559884215 39.48537140414976 LBR 77
-1.120837419 4.114790352 64.44970263401359 GHA 78
30.91136915 44.63533345 48.948559581871748 ROU 79
40.09717493 44.65832297 41.926157520964892 UKR 80
25.78516897 -8.752103764 119.48395225328625 BDI 81
42.09304103 1.163781659 51.7934334536032 KEN 82
-8.448466988 7.907917441 39.966331539934984 GIN 83
39.16373149 -11.05820901 78.412295499309153 MWI 84
20.14803528 51.1599037 53.996848705407075 SVN 85
31.50386973 -26.94809625 46.09390916489771 LSO 86
-4.111818085 4.930064919 50.144013609131548 CIV 87
53.15869597 11.54631195 28.327992137877231 SOM 88
31.64614213 12.27653222 22.029670749283277 SSD 89
124.5321551 -8.04069514 50.334169822804569 TLS 90
12.63281323 54.87912489 82.774447501992341 LIE 91
0.1882778043 59.40256097 103.3837733091176 BEL 92
16.02746016 -0.7276940923 22.288345023189358 COG 93
39.67719326 -7.791112822 45.927804447494381 TZA 94
18.87944883 54.98429315 61.351369429556172 CZE 95
117.1734511 -3.20081197 53.784122276120684 MYS 96
23.49001221 51.79916685 57.19301982928323 SVK 97
29.67918216 2.909304963 81.915936681853537 UGA 98
128.9478993 46.69456139 77.554769221780816 PRK 99
8.317180159 53.48067882 83.920645066883992 LUX 100
3.757370521 8.118727163 58.022187754200388 BEN 101
29.6187774 32.21315323 47.118798973368882 GRC 102
4.776413979 50.97680617 78.509702115123986 CHE 103
-17.01373345 13.90750566 50.561413279819419 SEN 104
40.78642772 25.34054756 59.453443296950098 JOR 105
7.036379063 60.99762722 120.37611148541555 NLD 106
63.29052489 25.81666407 20.408890465097933 OMN 107
19.69828388 44.28076154 74.257326877469239 ITA 108
104.6463496 9.876941628 30.283897438618197 LAO 109
46.93969541 43.32514358 51.977555731593327 ARM 110
-2.164757676 30.97655511 708.90360667738537 MCO 111
60.99216837 27.75532873 60.913809504175333 ARE 112
39.70209562 31.03069425 157.1775121867293 PSE 113
43.44891039 62.91259874 26.87429300851052 SWE 114
33.67429114 44.09895104 53.784122276120684 MDA 115
-19.23741396 42.42577554 51.311623600559329 ESP 116
9.822027262 11.05798021 82.496990472722388 NGA 117
26.99147357 32.93627082 53.499171279035693 ALB 118
31.45223941 -21.08724975 44.145987288253025 SWZ 119
46.57496928 46.22293358 38.555021222074046 GEO 120
19.82179076 18.57803346 10.343920201829693 LBY 121
146.6865715 -14.10788984 25.110081248375081 PNG 122
22.82562545 54.83973122 60.913809504175333 POL 123
16.05672019 53.62144133 54.839503230079146 AUT 124
144.98331 19.93592367 444.48777161398789 HKG 125
29.92775462 61.91209163 29.257024475064838 EST 126
38.18759762 59.76231658 20.408890465097933 NOR 127
26.17561206 36.05185436 35.938876471991861 MNE 128
47.01236621 31.5474533 53.890590454769722 IRQ 129
-16.67245564 9.145522044 46.010931763381734 GNB 130
-0.8557416886 9.826894544 22.963902223747191 MLI 131
64.79467837 53.66782931 14.23128383993285 KAZ 132
