-1.817522752 89.89355532 12.557061120706921 HRV 0
109.5913778 90.06836739 37.190267079057826 UZB 1
15.36432684 67.27723038 16.219054210516582 BGR 2
-101.0568216 39.83554235 4.8067563876665504 ESH 3
-50.59357949 -63.17411497 8.2122012116535252 GNQ 4
9.159421963 76.46063045 16.768756670155742 SRB 5
-97.77963886 12.14779183 30.241677316167273 BFA 6
-86.1246946 -34.94929371 18.870849556599598 TGO 7
87.22054604 74.88435699 16.009163623128554 TKM 8
79.62167342 161.6137869 8.4843270967260729 LVA 9
-23.90794075 128.7600458 57.238547839388026 DEU 10
211.8738931 -69.06075371 53.143183431408069 THA 11
91.65700119 97.05455034 20.237889446289813 AZE 12
215.466076 58.64435142 236.80474093456917 CHN 13
-50.15112888 -69.30574945 9.789922219419763 GAB 14
127.4187005 -10.24957074 97.25798843362314 PAK 15
10.91230655 -71.46068402 23.545605091055275 RWA 16
39.52905004 45.94455372 30.225840536078788 SYR 17
-2.556713824 -100.7239149 28.444318200884272 ZMB 18
-4.727055516 143.6220365 15.2478088008267 DNK 19
170.2724546 -20.96909773 34.860711515510097 NPL 20
-40.9338303 50.64554974 22.136663020574257 TUN 21
166.7780134 -63.15865198 82.479617937764189 BGD 22
125.9999014 82.90628375 16.276737746062985 KGZ 23
-5.74386997 29.4421634 66.584789381892961 EGY 24
-72.71230825 48.96292693 42.35386041920701 DZA 25
-51.44322946 35.49650125 32.710506560757047 NER 26
108.4976399 52.02661824 40.760695937709116 AFG 27
76.70251659 -21.45709189 36.810586215824081 YEM 28
-91.86987368 72.73918941 20.076669064768613 PRT 29
-18.05880436 -74.18453388 63.422018311371339 COD 30
78.27735373 3.912942614 13.020670410425378 KWT 31
-65.12783852 62.57891735 1.1329633457435904 GIB 32
237.7339793 -75.63712022 25.816605213989654 KHM 33
227.2479175 -143.4725116 104.48136402769953 IDN 34
121.0054389 71.8357275 19.974416800942763 TJK 35
-140.5875817 -19.84654078 18.595133539528913 SLE 36
38.83815167 75.52411977 58.098497280179103 TUR 37
78.20125428 145.8781755 19.3284881314313 BLR 38
23.72606474 109.7906491 19.987163229818361 HUN 39
6.718907044 66.21025504 9.0569604257762002 MKD 40
229.016838 -55.55730539 4.2198916596449774 BRN 41
-11.55533391 -134.1847768 48.747317566996678 ZAF 42
-11.57132076 -1.254525257 26.813465849264972 TCD 43
-22.55405402 85.72624519 1.1508063858912092 SMR 44
-50.20463606 101.4986281 50.468822644874962 FRA 45
26.75907089 -121.0768154 36.514378401015769 MOZ 46
42.75045203 -33.76844631 70.546041612587103 ETH 47
45.85012083 -6.181341845 12.142968576167476 ERI 48
-43.07525671 69.22784548 1.7770982283583625 AND 49
1.96005384 82.51555626 11.238449618691737 BIH 50
-23.96921042 -107.9544266 37.985730249503682 AGO 51
93.26742439 166.7738228 14.769275929636084 FIN 52
13.08718436 -2.206002953 43.500575062320337 SDN 53
183.3173579 -16.45170374 5.565028320431276 BTN 54
220.3883259 -36.89299978 46.332917598525327 MMR 55
187.5284789 137.2898832 11.644467007726591 MNG 56
310.8721742 71.18312167 45.13134315363525 KOR 57
-24.0458041 -40.98414054 15.029101654374699 CAF 58
22.88840447 30.0587684 18.996217189388506 ISR 59
229.4372603 -22.09625333 5.2620541529842972 MAC 60
259.3333945 -55.43564477 62.357436562825313 VNM 61
-99.28646948 54.26951077 38.579420067195542 MAR 62
20.07325036 44.4132678 14.511818404630572 LBN 63
61.88288945 -1.021579044 38.121459497544961 SAU 64
85.58825868 27.70007121 59.22384170286221 IRN 65
61.82072457 -16.13253154 6.6859618848297169 DJI 66
76.27449345 155.62741 10.340522835179389 LTU 67
161.7475233 151.7526822 75.375622048486363 RUS 68
6.240239801 -116.6646154 25.603029953893035 ZWE 69
-106.9836449 29.39984753 13.83031670550182 MRT 70
-5.365758134 -113.3704517 10.258426419874205 BWA 71
78.79976154 -4.326429027 10.336581335956653 QAT 72
-142.5174602 2.108371446 10.444430594358346 GMB 73
111.788472 -154.9589628 237.05012914518309 IND 74
-47.937296 -49.37649933 33.567875577731229 CMR 75
-24.02845698 43.02705914 0.14273996463758234 VAT 76
-131.7616348 -38.51872298 14.598607327398124 LBR 77
-99.97767982 -22.46548803 36.635262367418953 GHA 78
38.94501648 104.4148702 27.972298945107518 ROU 79
79.22479839 126.6235035 38.017095393994964 UKR 80
8.148073422 -86.77700146 22.819205598105199 BDI 81
64.10823703 -66.5436497 46.5542406551113 KEN 82
-129.0808018 -5.665362053 23.625512441898575 GIN 83
17.16823781 -101.464166 28.693573347859068 MWI 84
-2.456713182 99.86390574 9.130896023358769 SVN 85
12.24324764 -126.7885246 9.5742239410731038 LSO 86
-123.4285254 -24.24471039 33.699632998247999 CIV 87
83.27582843 -41.69991973 26.714119015999053 SOM 88
9.202618 -27.42839987 20.88447149161146 SSD 89
264.4790225 -137.7632089 7.3160324182542684 TLS 90
-21.11258443 97.38000629 1.2443781621195815 LIE 91
-52.52026118 125.5499934 21.43952368190336 BEL 92
-42.80906252 -64.98699018 15.498300193355377 COG 93
34.53668117 -80.93320349 51.503024119408458 TZA 94
7.848203569 112.8924318 20.317769221632126 CZE 95
224.7451167 -96.25196137 36.735232949191008 MYS 96
26.64693863 121.58099 15.098083179099644 SVK 97
7.618392538 -49.09815639 43.713866559415592 UGA 98
267.4021198 132.3515649 32.078087891570178 PRK 99
-33.07792185 108.9014148 5.0748022272783357 LUX 100
-90.67394013 -4.275468104 23.22454234302446 BEN 101
9.061915477 55.76786868 20.168303373972602 GRC 102
-29.14738981 91.84739317 18.601158916192968 CHE 103
-133.0869239 14.4353253 26.432728327444451 SEN 104
33.06765435 14.03258699 21.116832849381122 JOR 105
-49.00852581 141.1604655 26.324593283299887 NLD 106
89.57173579 -10.5988396 13.515899445744749 OMN 107
-26.36676521 69.13701318 48.120519234662289 ITA 108
241.8365241 -35.30188647 17.328067322333666 LAO 109
82.49776986 88.30545337 10.453205380069374 ARM 110
-9.858033401 69.23799416 1.1942482260115264 MCO 111
88.55902654 0.4397667707 19.347453128436602 ARE 112
33.96614645 31.87459274 14.534966062107987 PSE 113
83.2151288 172.9649988 20.43077159041167 SWE 114
51.60706786 99.95528905 11.625204021819526 MDA 115
-71.44530431 78.35933456 43.233246755155612 ESP 116
-51.60377463 -6.916549074 93.824250225672941 NGA 117
0.9764793564 63.01385489 10.55503888936032 ALB 118
15.98375411 -130.8365412 6.900410717382937 SWZ 119
84.50768383 110.7015156 12.109364060164401 GEO 120
-32.6034285 36.5541716 16.460338010442232 LBY 121
260.3815179 -116.0300466 20.1571877413366 PNG 122
47.23284746 139.2241965 40.170840382954083 POL 123
-4.761306843 108.9242102 18.771797818654669 AUT 124
237.7510732 -24.50175055 17.166224104648915 HKG 125
84.4972447 163.72557 7.2136660185443509 EST 126
73.48896803 166.3711751 14.673779446007559 NOR 127
0.3179944239 75.34088843 4.9631652484305366 MNE 128
51.65689298 24.85282586 42.306690389331351 IRQ 129
-135.9892449 2.866972892 9.1975944702771741 GNB 130
-92.40010914 31.6724082 30.269287604609637 MLI 131
104.2064715 115.2308481 27.770536099467865 KAZ 132
