-94.94213578 10.03250033 1.3054061991197004 ECU 0
-89.90030257 9.838582963 0.30506852984640082 SUR 1
-90.47157761 8.629971339 0.77674297629971245 BRA 2
-91.39236052 6.529155011 0.62314784198703788 ARG 3
-99.49413555 18.85504569 1.1664908553186821 NIC 4
-107.0317638 27.82410004 0.64838664059197892 BLZ 5
-91.65365799 7.637548401 0.51610427494636502 BOL 6
-102.3260094 21.44517605 1.4837490983782988 HND 7
-90.38215751 7.243677534 0.63336406123423372 PRY 8
-107.432647 33.44759806 0.31541275885362391 CAN 9
-89.27067931 6.585908065 0.67506032226439339 URY 10
-106.4604474 16.03998765 2.6727663209858208 SLV 11
-109.7876625 28.37783066 1.2398414941152294 MEX 12
-99.25826584 14.42544657 1.5410412718852418 CRI 13
-94.88983806 13.51153907 1.1828826310383336 PAN 14
-107.5862674 23.57910581 1.9811239065928177 GTM 15
-90.93271102 11.2858633 0.87211264443515535 VEN 16
-93.4044983 6.427513022 0.78291586524252443 CHL 17
-92.91982368 7.902465346 0.78904046338953082 PER 18
-108.3151502 31.60933288 0.9291258651570512 USA 19
-92.69661138 10.61536091 1.044570769575567 COL 20
-89.31947195 9.950197093 0.29436101534957781 GUF 21
-90.28116748 10.31383743 0.31028375428815042 GUY 22
