6.760079717 55.22767532 12.283454840233338 HRV 0
69.12983045 56.70558996 36.379926940747865 UZB 1
20.62570964 52.04686933 15.865656623877374 BGR 2
-31.97668916 29.77028854 4.7020217906354542 ESH 3
2.54534577 -18.22832553 8.033265248339946 GNQ 4
16.04630398 53.79383237 16.403381595798404 SRB 5
-23.65560635 12.48131854 29.582740263442865 BFA 6
-17.23498661 -0.2937630876 18.459671900703384 TGO 7
62.64897596 51.47446678 15.660339350449483 TKM 8
32.67622487 76.84001279 8.2994617721933697 LVA 9
-3.772073311 71.79180091 55.991374952077706 DEU 10
140.837158 -6.635007757 51.985244594332912 THA 11
48.95335653 48.31790669 19.796925306447889 AZE 12
145.8120663 51.17208395 231.64499346318229 CHN 13
4.745796041 -20.11107484 9.5766092332972299 GAB 14
82.06690183 26.38877881 95.138830439099635 PAK 15
34.50039001 -19.34664201 23.032569009719321 RWA 16
35.51333803 39.67988383 29.567248551555686 SYR 17
29.69799199 -36.02978112 27.824543874014317 ZMB 18
2.069140649 80.80687631 14.915573717214105 DNK 19
103.6537108 22.53761286 34.101130151627686 NPL 20
2.462978092 35.02816391 21.654326431388689 TUN 21
124.5102341 9.150680135 80.682466417842022 BGD 22
85.09598622 49.83878516 15.92208329068246 KGZ 23
17.10204248 27.28254338 65.133970883537899 EGY 24
-6.693890922 31.71451725 41.431010549989821 DZA 25
-0.9447370196 22.1321166 31.997776094092593 NER 26
70.69879983 43.62952155 39.872559589735083 AFG 27
57.16439762 13.03314169 36.008518958227036 YEM 28
-29.01858752 41.04973278 19.639217761927366 PRT 29
20.31311332 -19.70684036 62.040113551691007 COD 30
56.50607774 25.59802685 12.736962529574642 KWT 31
-21.12294241 39.44277063 1.1082771644817475 GIB 32
154.527943 -16.06281879 25.254086224940011 KHM 33
152.1796843 -38.6352719 102.20481562870469 IDN 34
79.47063129 48.99815018 19.539193476551766 TJK 35
-43.0101651 3.146386628 18.189963470373932 SLE 36
31.53697225 52.03313543 56.832586921924864 TUR 37
34.22159428 69.88010563 18.907338971290795 BLR 38
14.24779944 58.85714534 19.551662173005699 HUN 39
16.94469748 50.04336596 8.8596179719430559 MKD 40
148.5370823 -12.56557609 4.1279442804056572 BRN 41
24.96015383 -51.40015606 47.685160417775151 ZAF 42
15.11886735 13.24561878 26.229226226068022 TCD 43
0.2604494821 52.49293973 1.1257314219516203 SMR 44
-16.25851246 58.83011655 49.369155556293663 FRA 45
44.14467014 -44.38522552 35.718765226717188 MOZ 46
43.18840854 5.47529594 69.008911239308489 ETH 47
42.95230211 18.47996165 11.878384973834436 ERI 48
-12.23831183 45.95611574 1.7383769677366769 AND 49
11.81019413 52.23713534 10.993574614190134 BIH 50
11.55828657 -31.88919676 37.158057734037378 AGO 51
34.84713278 81.54986305 14.447467616882705 FIN 52
25.00848835 10.58948642 42.552739384301958 SDN 53
123.2010517 23.75766386 5.4437717075306269 BTN 54
143.21397 8.307228048 45.323367901684477 MMR 55
130.1912612 83.99357963 11.390745274953655 MNG 56
176.3755673 20.28339507 44.147974607894824 KOR 57
14.67698941 -9.682084313 14.701631989061696 CAF 58
29.1317553 31.10743238 18.582307893391995 ISR 59
151.3945166 15.58915117 5.1473990556960905 MAC 60
157.8814484 -3.613628281 60.998728015194885 VNM 61
-18.74929728 34.12575801 37.738811621800068 MAR 62
29.17004792 37.14322886 14.195619843643117 LBN 63
50.14427662 21.53175235 37.290829572351093 SAU 64
57.97445261 36.32906432 57.933411172349338 IRN 65
50.93645997 14.80963305 6.5402812080286923 DJI 66
30.31061321 75.21674934 10.115212791380994 LTU 67
107.7529459 106.5967548 73.733259764125023 RUS 68
32.45145051 -43.43422174 25.045164564276767 ZWE 69
-32.39713293 27.00448022 13.528967410854841 MRT 70
20.75682868 -42.25164708 10.034905177979054 BWA 71
57.26905778 21.42617392 10.111357173634142 QAT 72
-48.26204543 12.16778615 10.216856500458736 GMB 73
90.14608386 -22.45437483 231.88503490077878 IND 74
6.977291288 -13.95890011 32.836463865075167 CMR 75
-0.2292399756 37.11537907 0.13962979814050144 VAT 76
-40.56907875 -3.40655062 14.280517719284553 LBR 77
-24.78446085 2.795485911 35.83701524779682 GHA 78
21.662455 60.08259901 27.362809463683767 ROU 79
41.10436928 65.04754028 37.188739462207096 UKR 80
31.64169078 -25.52123549 22.321997062840218 BDI 81
49.29764793 -12.24954906 45.539868541805859 KEN 82
-39.81998815 8.433026349 23.110735256267873 GIN 83
38.44385301 -36.70678902 28.06836799114884 MWI 84
4.042685543 58.80792007 8.9319425839889046 SVN 85
33.56040532 -48.54202387 9.365610812909031 LSO 86
-34.85109433 1.013764907 32.965350418164775 CIV 87
62.81618872 5.618178974 26.132044064715814 SOM 88
29.4329111 -0.9328710121 20.42941895108877 SSD 89
168.3796425 -45.36538644 7.1566231107307239 TLS 90
-1.912157899 60.48874381 1.2172643592028585 LIE 91
-15.84644812 70.2782952 20.972377088178678 BEL 92
8.822502255 -21.40824767 15.1606071433013 COG 93
43.35930512 -26.02720227 50.380822775718627 TZA 94
7.086721732 65.24220216 19.875064578339092 CZE 95
145.2953729 -19.2178874 35.934807566775341 MYS 96
14.22431636 63.98570498 14.769110472731095 SVK 97
35.98792114 -9.558032544 42.761383464886613 UGA 98
185.3595121 53.36050764 31.379137219247319 PRK 99
-10.01631703 64.77139937 4.9642271692932303 LUX 100
-15.75690823 9.749470005 22.718501910068561 BEN 101
18.43561309 46.00452275 19.72885544769661 GRC 102
-6.174358649 57.930937 18.195857559877588 CHE 103
-43.48068469 15.06865301 25.856784608534397 SEN 104
34.9720537 27.54302568 20.656717378431157 JOR 105
-11.57679987 81.2086731 25.75100572296331 NLD 106
63.05774917 20.17520214 13.22140100068207 OMN 107
0.1935631516 45.11515199 47.072019418049756 ITA 108
153.0493053 7.363135364 16.95050540698697 LAO 109
44.35732234 48.84878888 10.22544009203148 ARM 110
-5.250522154 49.99861647 1.1682267061717955 MCO 111
61.22800892 25.25242388 18.925890739257873 ARE 112
33.51754055 33.37207126 14.218263135934823 PSE 113
29.42789191 80.06888246 19.985604734224289 SWE 114
29.9937507 63.30769309 11.371902010976282 MDA 115
-21.12178618 46.00913953 42.291235903749573 ESP 116
0.3721867716 3.70824999 91.779910083046957 NGA 117
14.28779046 48.11177258 10.325054747130606 ALB 118
39.4944013 -49.05765147 6.7500574068451833 SWZ 119
43.5760157 52.09537165 11.845512667903632 GEO 120
4.745907498 29.78801974 16.101683081945595 LBY 121
170.0667526 -33.06811744 19.717982014001223 PNG 122
18.38230085 70.96230002 39.295556420008829 POL 123
1.096085899 61.78616175 18.362778404829033 AUT 124
153.216659 12.80901409 16.79218859730366 HKG 125
34.49208497 78.35338971 7.0564871763821575 EST 126
24.55780647 78.20955069 14.354051909753771 NOR 127
12.41485819 49.43460594 4.8550226528068254 MNE 128
43.72228463 31.84188099 41.384868309682133 IRQ 129
-44.94479834 9.167609896 8.997187735920587 GNB 130
-23.87095643 20.86129932 29.609748950264365 MLI 131
70.16731189 68.86239481 27.16544283633138 KAZ 132
