75.90061964 85.41791604 12.557061120706921 HRV 0
205.4554397 62.55487758 37.190267079057826 UZB 1
107.8346527 81.24284712 16.219054210516582 BGR 2
-145.2919739 45.38036588 4.8067563876665504 ESH 3
-70.47279313 -109.5950476 8.2122012116535252 GNQ 4
91.76503713 80.67244793 16.768756670155742 SRB 5
-164.1622303 -30.66026679 30.241677316167273 BFA 6
-167.9421308 -79.6749881 18.870849556599598 TGO 7
182.1050592 51.27099717 16.009163623128554 TKM 8
179.1126064 156.8069231 8.4843270967260729 LVA 9
44.49958052 158.9252533 57.238547839388026 DEU 10
233.1665876 -198.5795493 53.143183431408069 THA 11
178.1042107 68.48070697 20.237889446289813 AZE 12
322.5510786 -23.02681625 236.80474093456917 CHN 13
-71.84319142 -118.2602177 9.789922219419763 GAB 14
196.8225015 -126.5681191 97.25798843362314 PAK 15
16.84313149 -181.0402559 23.545605091055275 RWA 16
101.2052768 -4.31210507 30.225840536078788 SYR 17
-26.34513498 -200.6818122 28.444318200884272 ZMB 18
14.51637764 187.8758664 15.2478088008267 DNK 19
104.0100972 -128.1285624 34.860711515510097 NPL 20
-57.00906554 11.8736566 22.136663020574257 TUN 21
165.9593799 -208.6041898 82.479617937764189 BGD 22
231.2576722 66.17728427 16.276737746062985 KGZ 23
-7.882033272 12.15484395 66.584789381892961 EGY 24
-108.2702331 16.24703472 42.35386041920701 DZA 25
-103.6963463 -38.33186888 32.710506560757047 NER 26
191.7620243 11.50003338 40.760695937709116 AFG 27
111.8172212 -94.05094063 36.810586215824081 YEM 28
-115.1107145 93.91801656 20.076669064768613 PRT 29
-40.47629195 -157.9203682 63.422018311371339 COD 30
125.9226283 -69.61652926 13.020670410425378 KWT 31
-71.86773934 60.41934899 1.1329633457435904 GIB 32
311.9953843 -204.2679184 25.816605213989654 KHM 33
267.3193067 -267.3982939 104.48136402769953 IDN 34
211.932916 35.46286058 19.974416800942763 TJK 35
-222.3560722 -4.832806208 18.595133539528913 SLE 36
123.6388093 48.66489773 58.098497280179103 TUR 37
170.7835031 132.7642422 19.3284881314313 BLR 38
105.630554 98.74476276 19.987163229818361 HUN 39
87.4114461 66.52519018 9.0569604257762002 MKD 40
289.1521911 -158.0526459 4.2198916596449774 BRN 41
-50.85371812 -233.7204881 48.747317566996678 ZAF 42
-50.11395495 -64.34374294 26.813465849264972 TCD 43
-15.38849591 84.01469376 1.1508063858912092 SMR 44
-26.45083214 107.2548853 50.468822644874962 FRA 45
27.33113222 -237.3378421 36.514378401015769 MOZ 46
25.66122697 -95.07240589 70.546041612587103 ETH 47
39.40676424 -57.20144971 12.142968576167476 ERI 48
-45.03024768 73.74089412 1.7770982283583625 AND 49
79.62371455 74.43469381 11.238449618691737 BIH 50
-87.22195939 -173.9794109 37.985730249503682 AGO 51
200.6118591 171.5179671 14.769275929636084 FIN 52
-16.27748487 -58.6178579 43.500575062320337 SDN 53
243.0988906 -148.813803 5.565028320431276 BTN 54
264.801914 -161.8225647 46.332917598525327 MMR 55
294.2078945 103.369622 11.644467007726591 MNG 56
425.9609957 77.9751846 45.13134315363525 KOR 57
-40.69205449 -105.1635421 15.029101654374699 CAF 58
52.03804787 -3.023714985 18.996217189388506 ISR 59
266.0111806 -136.7076206 5.2620541529842972 MAC 60
371.121516 -181.3264917 62.357436562825313 VNM 61
-118.5349105 65.49817369 38.579420067195542 MAR 62
59.34418899 11.58292452 14.511818404630572 LBN 63
85.25535074 -67.72451524 38.121459497544961 SAU 64
145.6054283 -4.124781454 59.22384170286221 IRN 65
53.49441411 -69.72709665 6.6859618848297169 DJI 66
172.6686083 147.1173414 10.340522835179389 LTU 67
253.5859798 118.5211017 75.375622048486363 RUS 68
-15.69936844 -224.9375693 25.603029953893035 ZWE 69
-159.093145 32.85989037 13.83031670550182 MRT 70
-44.90575715 -204.0754521 10.258426419874205 BWA 71
109.6618159 -69.50215176 10.336581335956653 QAT 72
-219.1300177 8.973782678 10.444430594358346 GMB 73
117.1724623 -356.4790044 237.05012914518309 IND 74
-60.34371809 -91.93044252 33.567875577731229 CMR 75
-15.62866513 45.92046018 0.14273996463758234 VAT 76
-224.6346278 -20.85015115 14.598607327398124 LBR 77
-185.9472597 -59.47726106 36.635262367418953 GHA 78
128.9549676 94.31162085 27.972298945107518 ROU 79
163.2572446 105.8169444 38.017095393994964 UKR 80
-2.866783844 -192.145959 22.819205598105199 BDI 81
54.6737216 -144.2614398 46.5542406551113 KEN 82
-202.033169 -1.589728345 23.625512441898575 GIN 83
17.20842757 -207.2139491 28.693573347859068 MWI 84
76.61109865 95.97142508 9.130896023358769 SVN 85
-2.268007941 -207.9330004 9.5742239410731038 LSO 86
-202.7896292 -29.61455789 33.699632998247999 CIV 87
73.03429191 -96.85806607 26.714119015999053 SOM 88
-9.305913431 -122.6966453 20.88447149161146 SSD 89
336.1333291 -232.037969 7.3160324182542684 TLS 90
57.87128756 114.9382886 1.2443781621195815 LIE 91
-32.59135631 142.9972116 21.43952368190336 BEL 92
-62.61616194 -126.4348745 15.498300193355377 COG 93
53.21382349 -192.0119087 51.503024119408458 TZA 94
81.95686136 134.8706106 20.317769221632126 CZE 95
282.0744491 -198.437492 36.735232949191008 MYS 96
110.8884712 115.0214751 15.098083179099644 SVK 97
10.9347741 -148.761779 43.713866559415592 UGA 98
359.9889863 102.654043 32.078087891570178 PRK 99
-10.44047502 129.8396533 5.0748022272783357 LUX 100
-155.8962169 -58.57858045 23.22454234302446 BEN 101
85.67364388 52.34423222 20.168303373972602 GRC 102
40.56215102 117.1600943 18.601158916192968 CHE 103
-198.5608355 25.0515899 26.432728327444451 SEN 104
62.42419984 -19.58868877 21.116832849381122 JOR 105
-38.44511 166.9869638 26.324593283299887 NLD 106
135.3016509 -80.62965443 13.515899445744749 OMN 107
29.37767319 63.48016323 48.120519234662289 ITA 108
294.2462517 -172.810894 17.328067322333666 LAO 109
164.2544562 62.8170072 10.453205380069374 ARM 110
-4.220669324 80.68421513 1.1942482260115264 MCO 111
140.2283126 -62.96917079 19.347453128436602 ARE 112
73.22315484 14.3817619 14.534966062107987 PSE 113
188.8321786 183.9932778 20.43077159041167 SWE 114
142.3166455 80.3845511 11.625204021819526 MDA 115
-83.63884594 84.79614896 43.233246755155612 ESP 116
-121.4747457 -108.959682 93.824250225672941 NGA 117
73.18385024 60.60072472 10.55503888936032 ALB 118
4.49689775 -239.9589802 6.900410717382937 SWZ 119
173.325272 83.50291116 12.109364060164401 GEO 120
-65.07204669 -23.70450528 16.460338010442232 LBY 121
329.8499208 -177.590878 20.1571877413366 PNG 122
139.6752327 137.8091751 40.170840382954083 POL 123
77.32464674 110.2303117 18.771797818654669 AUT 124
300.7567509 -157.3097924 17.166224104648915 HKG 125
186.9442013 159.5941437 7.2136660185443509 EST 126
179.5257205 168.6309113 14.673779446007559 NOR 127
75.20474337 67.89136715 4.9631652484305366 MNE 128
116.6678829 -44.2793395 42.306690389331351 IRQ 129
-213.9676982 17.03836332 9.1975944702771741 GNB 130
-149.7078565 4.519589813 30.269287604609637 MLI 131
196.1048009 92.79855107 27.770536099467865 KAZ 132
