74.44704462 83.46349441 12.557061120706921 HRV 0
204.6282779 64.05281434 37.190267079057826 UZB 1
105.9201765 80.53665279 16.219054210516582 BGR 2
-145.3111996 45.34847191 4.8067563876665504 ESH 3
-69.06587527 -109.0298263 8.2122012116535252 GNQ 4
90.17264111 77.98474451 16.768756670155742 SRB 5
-165.2441104 -31.31990862 30.241677316167273 BFA 6
-167.4684073 -80.38198015 18.870849556599598 TGO 7
181.954686 51.89486894 16.009163623128554 TKM 8
178.0757376 156.2345451 8.4843270967260729 LVA 9
43.53045746 160.8262098 57.238547839388026 DEU 10
233.2382741 -198.1874719 53.143183431408069 THA 11
177.2630274 68.78378685 20.237889446289813 AZE 12
320.3285163 -21.72287911 236.80474093456917 CHN 13
-71.07187008 -117.5023474 9.789922219419763 GAB 14
194.3231364 -122.8659731 97.25798843362314 PAK 15
17.49258794 -180.4742805 23.545605091055275 RWA 16
99.73020782 -3.796137576 30.225840536078788 SYR 17
-26.06429274 -200.0653445 28.444318200884272 ZMB 18
14.51637764 187.8758664 15.2478088008267 DNK 19
103.9684013 -127.8095652 34.860711515510097 NPL 20
-57.00906554 11.8736566 22.136663020574257 TUN 21
166.2278503 -208.6035427 82.479617937764189 BGD 22
230.1978783 67.90208129 16.276737746062985 KGZ 23
-9.333743742 12.22666795 66.584789381892961 EGY 24
-107.9676812 16.97146256 42.35386041920701 DZA 25
-102.8822327 -36.83336154 32.710506560757047 NER 26
190.6797864 13.0470045 40.760695937709116 AFG 27
110.4263852 -93.75668308 36.810586215824081 YEM 28
-115.1142753 93.85829367 20.076669064768613 PRT 29
-39.12242402 -155.7150747 63.422018311371339 COD 30
122.6716115 -68.49776679 13.020670410425378 KWT 31
-71.86773934 60.41934899 1.1329633457435904 GIB 32
311.9530918 -204.3969946 25.816605213989654 KHM 33
266.9287668 -266.563824 104.48136402769953 IDN 34
211.0011347 37.15276138 19.974416800942763 TJK 35
-222.0524088 -4.808630331 18.595133539528913 SLE 36
122.252907 48.52113863 58.098497280179103 TUR 37
168.8130888 132.2076882 19.3284881314313 BLR 38
103.6167306 97.89404684 19.987163229818361 HUN 39
85.78710357 66.19832196 9.0569604257762002 MKD 40
288.9775769 -157.7342787 4.2198916596449774 BRN 41
-49.75623855 -233.7001385 48.747317566996678 ZAF 42
-51.59479966 -63.07531987 26.813465849264972 TCD 43
-16.12839685 84.22483057 1.1508063858912092 SMR 44
-26.93332273 107.3112683 50.468822644874962 FRA 45
28.31676069 -235.5948179 36.514378401015769 MOZ 46
24.33103091 -93.38088671 70.546041612587103 ETH 47
37.62230119 -55.66582109 12.142968576167476 ERI 48
-45.03024768 73.74089412 1.7770982283583625 AND 49
77.80744 72.45737234 11.238449618691737 BIH 50
-85.75146188 -170.9041714 37.985730249503682 AGO 51
200.593157 171.5765205 14.769275929636084 FIN 52
-17.97233185 -57.99515881 43.500575062320337 SDN 53
243.560778 -148.7590458 5.565028320431276 BTN 54
264.9002862 -161.9697192 46.332917598525327 MMR 55
294.2078945 103.369622 11.644467007726591 MNG 56
426.0541384 79.4934105 45.13134315363525 KOR 57
-39.48810753 -103.1239078 15.029101654374699 CAF 58
50.51667739 -2.900642405 18.996217189388506 ISR 59
266.0429604 -137.0446154 5.2620541529842972 MAC 60
371.121516 -181.3264917 62.357436562825313 VNM 61
-118.3870713 65.68181041 38.579420067195542 MAR 62
57.80899327 11.57016291 14.511818404630572 LBN 63
84.40914351 -66.59271311 38.121459497544961 SAU 64
144.7672773 -3.608186023 59.22384170286221 IRN 65
51.92746207 -67.90884262 6.6859618848297169 DJI 66
170.7100255 146.4325356 10.340522835179389 LTU 67
252.2635054 120.0444219 75.375622048486363 RUS 68
-15.04965198 -224.3069558 25.603029953893035 ZWE 69
-158.6048368 33.30806484 13.83031670550182 MRT 70
-44.57351986 -203.9520861 10.258426419874205 BWA 71
108.7068023 -69.60833319 10.336581335956653 QAT 72
-218.9216827 9.144383035 10.444430594358346 GMB 73
114.5747863 -354.2370525 237.05012914518309 IND 74
-59.69736643 -91.12847408 33.567875577731229 CMR 75
-16.45220592 45.67802287 0.14273996463758234 VAT 76
-223.2685964 -20.8148125 14.598607327398124 LBR 77
-184.5387427 -59.66661121 36.635262367418953 GHA 78
127.3860257 93.89351541 27.972298945107518 ROU 79
161.1740828 105.0787935 38.017095393994964 UKR 80
-2.294233367 -191.5676676 22.819205598105199 BDI 81
55.1688505 -140.8793143 46.5542406551113 KEN 82
-200.9935627 -2.16510361 23.625512441898575 GIN 83
18.20176515 -205.7266666 28.693573347859068 MWI 84
75.51192254 95.12670566 9.130896023358769 SVN 85
-2.426562062 -207.2397211 9.5742239410731038 LSO 86
-201.7726948 -30.34244391 33.699632998247999 CIV 87
71.33551517 -95.09060116 26.714119015999053 SOM 88
-9.521348461 -121.8228666 20.88447149161146 SSD 89
336.147118 -232.0353545 7.3160324182542684 TLS 90
55.92582213 115.1914967 1.2443781621195815 LIE 91
-33.00936019 142.6083957 21.43952368190336 BEL 92
-61.00505986 -124.445879 15.498300193355377 COG 93
53.0811775 -188.7704572 51.503024119408458 TZA 94
81.1590421 135.1280218 20.317769221632126 CZE 95
282.3555804 -198.1502087 36.735232949191008 MYS 96
109.2156806 116.1048109 15.098083179099644 SVK 97
12.16635682 -148.3873011 43.713866559415592 UGA 98
359.2356591 109.8814571 32.078087891570178 PRK 99
-10.53817898 129.8528554 5.0748022272783357 LUX 100
-154.1020755 -57.48392914 23.22454234302446 BEN 101
84.53501624 51.67289882 20.168303373972602 GRC 102
40.10789986 123.3057884 18.601158916192968 CHE 103
-197.6061004 24.57155964 26.432728327444451 SEN 104
60.96865203 -19.24237849 21.116832849381122 JOR 105
-38.98069647 166.806287 26.324593283299887 NLD 106
133.5582084 -79.9757814 13.515899445744749 OMN 107
27.7975769 64.94693582 48.120519234662289 ITA 108
294.1885101 -172.7727959 17.328067322333666 LAO 109
163.5509557 63.10399551 10.453205380069374 ARM 110
-4.220669324 80.68421513 1.1942482260115264 MCO 111
138.537315 -61.68551653 19.347453128436602 ARE 112
71.47315232 14.82672334 14.534966062107987 PSE 113
188.8693009 183.9180981 20.43077159041167 SWE 114
140.8785813 80.30544804 11.625204021819526 MDA 115
-83.75656498 84.8144698 43.233246755155612 ESP 116
-120.1560084 -107.4300925 93.824250225672941 NGA 117
71.25989432 58.34480773 10.55503888936032 ALB 118
4.870636242 -238.229327 6.900410717382937 SWZ 119
172.675965 83.7390561 12.109364060164401 GEO 120
-65.97741629 -23.90437254 16.460338010442232 LBY 121
329.8499208 -177.590878 20.1571877413366 PNG 122
137.9949828 137.0576236 40.170840382954083 POL 123
75.63356103 111.7013529 18.771797818654669 AUT 124
300.7262924 -157.4262031 17.166224104648915 HKG 125
186.9442013 159.5941437 7.2136660185443509 EST 126
179.5257205 168.6309113 14.673779446007559 NOR 127
73.40798508 65.97409339 4.9631652484305366 MNE 128
115.1998168 -42.80730304 42.306690389331351 IRQ 129
-213.4126564 16.88237063 9.1975944702771741 GNB 130
-149.7078565 4.519589813 30.269287604609637 MLI 131
194.5789695 93.81491492 27.770536099467865 KAZ 132
