10.3905261 92.03232123 12.557061120706921 HRV 0
124.7743829 88.38992963 37.190267079057826 UZB 1
31.01337115 81.72376468 16.219054210516582 BGR 2
-127.0971569 43.02264761 4.8067563876665504 ESH 3
-56.45503578 -72.48999235 8.2122012116535252 GNQ 4
24.48809554 92.56875578 16.768756670155742 SRB 5
-125.9237036 0.3883120831 30.241677316167273 BFA 6
-110.4315347 -43.47570031 18.870849556599598 TGO 7
115.3889817 69.40949128 16.009163623128554 TKM 8
93.22561655 158.409273 8.4843270967260729 LVA 9
-23.663547 132.9032568 57.238547839388026 DEU 10
236.9641751 -121.3687424 53.143183431408069 THA 11
104.954083 78.91493811 20.237889446289813 AZE 12
230.9489187 30.58508823 236.80474093456917 CHN 13
-51.31794852 -79.81024439 9.789922219419763 GAB 14
149.9126789 -68.97814606 97.25798843362314 PAK 15
15.24272428 -122.4168942 23.545605091055275 RWA 16
55.09323349 51.272512 30.225840536078788 SYR 17
-13.77030192 -141.9270683 28.444318200884272 ZMB 18
-2.119800495 150.6366974 15.2478088008267 DNK 19
115.6001472 -113.0791526 34.860711515510097 NPL 20
-51.37537724 51.29445652 22.136663020574257 TUN 21
179.1762707 -139.310667 82.479617937764189 BGD 22
148.2095335 98.03016447 16.276737746062985 KGZ 23
2.195189832 24.9243325 66.584789381892961 EGY 24
-84.28914277 44.42236504 42.35386041920701 DZA 25
-66.52311991 20.90351121 32.710506560757047 NER 26
121.9803953 30.87990703 40.760695937709116 AFG 27
78.38230038 -39.00518071 36.810586215824081 YEM 28
-111.4596533 78.992317 20.076669064768613 PRT 29
-13.56268427 -104.0585573 63.422018311371339 COD 30
70.09558506 4.967061069 13.020670410425378 KWT 31
-73.42967499 58.50421729 1.1329633457435904 GIB 32
289.7233275 -102.4792954 25.816605213989654 KHM 33
272.6834929 -173.6345281 104.48136402769953 IDN 34
137.5704486 65.09847292 19.974416800942763 TJK 35
-171.0021802 -20.21362169 18.595133539528913 SLE 36
59.69073567 85.1085621 58.098497280179103 TUR 37
91.31490521 138.3037729 19.3284881314313 BLR 38
33.66977648 110.2582424 19.987163229818361 HUN 39
21.19335228 67.98399038 9.0569604257762002 MKD 40
273.1401672 -79.38798951 4.2198916596449774 BRN 41
-30.3370809 -174.1804027 48.747317566996678 ZAF 42
-22.27236201 -18.54731296 26.813465849264972 TCD 43
-23.9413402 86.07718882 1.1508063858912092 SMR 44
-53.83345903 98.09445143 50.468822644874962 FRA 45
48.44359704 -158.6496461 36.514378401015769 MOZ 46
39.66427877 -57.3018788 70.546041612587103 ETH 47
45.28194498 -25.91186409 12.142968576167476 ERI 48
-45.76832825 73.07719493 1.7770982283583625 AND 49
14.58751795 83.77735906 11.238449618691737 BIH 50
-49.83521992 -126.3579639 37.985730249503682 AGO 51
114.0256086 176.2494753 14.769275929636084 FIN 52
6.17352409 -17.15719745 43.500575062320337 SDN 53
193.5523456 -60.38953257 5.565028320431276 BTN 54
254.8192708 -87.6206734 46.332917598525327 MMR 55
204.7053777 123.8214213 11.644467007726591 MNG 56
336.2823936 81.42809473 45.13134315363525 KOR 57
-19.0245248 -59.43662838 15.029101654374699 CAF 58
35.2663466 23.91504897 18.996217189388506 ISR 59
234.3715216 -68.88260632 5.2620541529842972 MAC 60
320.0311395 -87.63462381 62.357436562825313 VNM 61
-118.2354886 57.25139353 38.579420067195542 MAR 62
26.68742682 47.7386631 14.511818404630572 LBN 63
61.94377659 -13.52157199 38.121459497544961 SAU 64
98.52641564 0.7619150705 59.22384170286221 IRN 65
61.34809842 -35.2910988 6.6859618848297169 DJI 66
89.99206639 151.9800172 10.340522835179389 LTU 67
174.187857 137.5223854 75.375622048486363 RUS 68
-0.2186984523 -157.5890846 25.603029953893035 ZWE 69
-136.5657607 27.62729696 13.83031670550182 MRT 70
-15.24770548 -156.8620913 10.258426419874205 BWA 71
79.53601656 -20.95725709 10.336581335956653 QAT 72
-172.925339 1.028142053 10.444430594358346 GMB 73
113.7805001 -279.5856473 237.05012914518309 IND 74
-36.24402758 -65.71048895 33.567875577731229 CMR 75
-25.23176986 42.51793786 0.14273996463758234 VAT 76
-160.9327633 -47.41844424 14.598607327398124 LBR 77
-125.7725668 -28.47924943 36.635262367418953 GHA 78
55.1305019 117.8684354 27.972298945107518 ROU 79
91.12661031 116.045469 38.017095393994964 UKR 80
5.577724596 -137.3995832 22.819205598105199 BDI 81
76.15811276 -91.53647685 46.5542406551113 KEN 82
-158.0040072 -9.329741462 23.625512441898575 GIN 83
28.69918187 -143.3935544 28.693573347859068 MWI 84
8.724854831 102.5009004 9.130896023358769 SVN 85
10.35938275 -149.1502358 9.5742239410731038 LSO 86
-152.9209366 -30.79052147 33.699632998247999 CIV 87
79.49199873 -63.24429798 26.714119015999053 SOM 88
10.66050539 -77.12585641 20.88447149161146 SSD 89
315.6111386 -162.4512194 7.3160324182542684 TLS 90
-10.87506671 104.7330522 1.2443781621195815 LIE 91
-53.64795826 129.2464171 21.43952368190336 BEL 92
-36.87037206 -84.18989611 15.498300193355377 COG 93
56.10825073 -123.4689236 51.503024119408458 TZA 94
19.65623909 121.8718307 20.317769221632126 CZE 95
272.3855921 -119.4893408 36.735232949191008 MYS 96
38.8291257 122.8871036 15.098083179099644 SVK 97
27.28130132 -99.67820352 43.713866559415592 UGA 98
280.2187991 124.5993823 32.078087891570178 PRK 99
-34.24909334 111.2083526 5.0748022272783357 LUX 100
-105.4529885 -2.674943594 23.22454234302446 BEN 101
15.68269862 56.63626064 20.168303373972602 GRC 102
-27.48673479 102.8772634 18.601158916192968 CHE 103
-161.7622417 15.23634191 26.432728327444451 SEN 104
43.58443812 10.5222171 21.116832849381122 JOR 105
-52.09354648 149.0203247 26.324593283299887 NLD 106
103.65979 -43.95353605 13.515899445744749 OMN 107
-25.01999637 61.13282915 48.120519234662289 ITA 108
286.6592844 -77.76150782 17.328067322333666 LAO 109
98.36720019 68.62183804 10.453205380069374 ARM 110
-10.25713653 73.24783932 1.1942482260115264 MCO 111
99.81061365 -31.9454872 19.347453128436602 ARE 112
42.93706898 34.9471568 14.534966062107987 PSE 113
101.7063115 182.0711231 20.43077159041167 SWE 114
69.42470806 112.2172799 11.625204021819526 MDA 115
-88.16840915 86.59417839 43.233246755155612 ESP 116
-67.83897217 -27.47278004 93.824250225672941 NGA 117
13.64162434 68.25071513 10.55503888936032 ALB 118
22.96503799 -168.9190194 6.900410717382937 SWZ 119
100.9606702 90.48402749 12.109364060164401 GEO 120
-29.91516815 22.08855596 16.460338010442232 LBY 121
310.1484924 -134.9315967 20.1571877413366 PNG 122
61.39136273 144.3400754 40.170840382954083 POL 123
6.869868452 113.0384782 18.771797818654669 AUT 124
272.5470652 -69.2561676 17.166224104648915 HKG 125
98.61696001 166.0347023 7.2136660185443509 EST 126
92.5497036 172.0142359 14.673779446007559 NOR 127
13.5940981 77.66896138 4.9631652484305366 MNE 128
70.53645228 27.93902642 42.306690389331351 IRQ 129
-165.3736774 1.261798802 9.1975944702771741 GNB 130
-120.1900937 22.90495398 30.269287604609637 MLI 131
120.412756 112.8952464 27.770536099467865 KAZ 132
