26.40752343 49.84036796 44.533807217745306 HRV 0
64.242328 42.24211324 46.996992309527926 UZB 1
38.27839414 44.52136521 41.283221069846888 BGR 2
-28.05314363 7.908145259 7.8192686958681321 ESH 3
12.0905051 -1.978429862 41.144141883759261 GNQ 4
33.75020959 46.52190187 47.562754637560218 SRB 5
0.1654807111 5.807390889 48.517286333017566 BFA 6
3.369480735 -0.6824306544 67.885934341846365 TGO 7
62.01750078 40.45035209 19.54817173967033 TKM 8
33.59660638 62.6715911 28.529617402176342 LVA 9
12.13812866 66.4014504 81.260223955657779 DEU 10
95.65390224 4.607534138 62.370616214222537 THA 11
54.07225404 43.62780459 59.066540424000038 AZE 12
93.53175827 46.74758282 64.715963728167878 CHN 13
12.29713492 -4.309789142 16.237930984916545 GAB 14
68.87875292 30.81841973 92.95150523365362 PAK 15
26.08726907 0.4886870773 125.77847256289328 RWA 16
46.80501486 38.16049945 59.195789025863917 SYR 17
31.0519075 -16.2383486 27.714316641600973 ZMB 18
12.75679135 72.29904123 63.973613362656039 DNK 19
77.14511344 33.99134617 77.258569148282902 NPL 20
13.62830118 18.35818007 47.118798973368882 TUN 21
84.37465078 25.81624031 191.81129906251886 BGD 22
76.27489156 45.9148457 31.15465914825036 KGZ 23
27.25866851 16.06504246 56.011567205046987 EGY 24
2.642717 10.6459163 23.046954582448855 DZA 25
7.370570977 6.535678314 24.415658677317786 NER 26
63.43415515 31.2713008 42.334317948036556 AFG 27
51.40790755 14.70298076 42.514464795643661 YEM 28
-45.6787358 46.73565418 55.669404154608429 PRT 29
19.61194124 -0.1090457954 35.349235211658097 COD 30
57.48533614 23.69041676 81.845933020002008 KWT 31
-54.64361905 29.45240567 364.84451337081953 GIB 32
104.9502824 -5.967833272 51.571619014831185 KHM 33
120.7270973 -7.55031841 63.973613362656039 IDN 34
69.99693829 39.98331709 45.003270962534728 TJK 35
-14.17403535 -0.7880220253 58.088009882856824 SLE 36
45.33401557 42.60911836 55.08284928911408 TUR 37
37.27831439 56.71959403 35.992001226004987 BLR 38
31.27339243 51.89861063 55.497531548808638 HUN 39
34.21604485 42.67110234 47.843126988086951 MKD 40
120.145339 -2.75683377 48.752999233091558 BRN 41
20.20182474 -32.04630755 37.141526305373105 ZAF 42
19.31736283 11.01743837 20.030915338092207 TCD 43
19.88056829 46.66978659 124.60330363242798 SMR 44
-35.50990823 57.41715683 57.226417215971679 FRA 45
37.54029003 -17.97000036 34.528955635735002 MOZ 46
38.17376068 8.884259378 55.703715038700238 ETH 47
38.72734738 17.9017621 29.257024475064838 ERI 48
-38.33265414 53.16976348 68.697293081976909 AND 49
29.86225365 46.96105279 41.651828571755829 BIH 50
19.47116426 -11.58371571 28.529617402176342 AGO 51
46.26063083 64.37808121 22.459139436763884 FIN 52
28.73689616 13.04498076 26.731722809052243 SDN 53
76.25341871 22.52445559 23.941523083243005 BTN 54
91.71237806 19.50177851 48.121865833357347 MMR 55
91.4420744 50.89490606 7.8192686958681321 MNG 56
158.0830703 37.9189989 121.21442841543978 KOR 57
17.46056131 2.832943655 16.000868173434725 CAF 58
32.87241422 20.12231682 108.3469652742113 ISR 59
122.9147713 30.28985406 769.84065818877934 MAC 60
109.1193975 -1.698419605 93.463977444750384 VNM 61
-27.34619733 10.22828725 48.438460470505902 MAR 62
39.08418961 37.93103318 120.37611148541555 LBN 63
51.69928084 17.58661798 21.855520422871578 SAU 64
59.37034927 29.94874561 38.998480138170763 IRN 65
46.33726794 10.32669716 36.831577690765926 DJI 66
31.12230536 61.8668559 34.694563087686532 LTU 67
76.72269932 68.16689521 15.638537391736264 RUS 68
29.4967355 -19.34278731 34.528955635735002 ZWE 69
-27.31627913 6.759147703 11.398444904619073 MRT 70
24.07650896 -24.25808443 11.398444904619073 BWA 71
63.87658712 25.12435213 80.906763280762021 QAT 72
-32.42839174 5.703843392 87.115567062965226 GMB 73
73.05493923 17.7771572 115.3507783217006 IND 74
14.2193045 0.687790361 40.957968340926769 CMR 75
22.03091258 24.41755214 180.55358533300256 VAT 76
-8.896599633 -2.494239628 39.48537140414976 LBR 77
-1.534036774 1.608018211 64.44970263401359 GHA 78
37.75282072 48.13705472 48.948559581871748 ROU 79
44.03276943 50.3658656 41.926157520964892 UKR 80
25.74062511 -9.374403212 119.48395225328625 BDI 81
41.82222794 1.678341942 51.7934334536032 KEN 82
-10.71167962 1.370440855 39.966331539934984 GIN 83
37.47609565 -13.36630125 78.412295499309153 MWI 84
23.89346549 53.74604694 53.996848705407075 SVN 85
31.79657698 -27.7747685 46.09390916489771 LSO 86
-5.85425336 -0.198987528 50.144013609131548 CIV 87
53.15869597 11.54631195 28.327992137877231 SOM 88
29.34698627 10.71555109 22.029670749283277 SSD 89
125.3493675 -8.192177408 50.334169822804569 TLS 90
14.90870985 58.63428074 82.774447501992341 LIE 91
-22.94054286 68.27301663 103.3837733091176 BEL 92
16.11446464 -2.352847369 22.288345023189358 COG 93
40.29905473 -9.258194212 45.927804447494381 TZA 94
21.95675263 60.53184667 61.351369429556172 CZE 95
116.4701435 -4.78336923 53.784122276120684 MYS 96
28.13896858 55.25461725 57.19301982928323 SVK 97
31.5905289 6.915485154 81.915936681853537 UGA 98
144.2897373 57.01180114 77.554769221780816 PRK 99
0.9045202735 67.17126835 83.920645066883992 LUX 100
4.246379022 4.3968459 58.022187754200388 BEN 101
32.55568012 36.08265749 47.118798973368882 GRC 102
8.443889271 60.90968724 78.509702115123986 CHE 103
-26.97160465 4.216186381 50.561413279819419 SEN 104
43.56159252 18.53411161 59.453443296950098 JOR 105
3.169295742 75.8860546 120.37611148541555 NLD 106
67.43475636 16.66822729 20.408890465097933 OMN 107
21.3356163 38.77421709 74.257326877469239 ITA 108
100.8672219 6.608503396 30.283897438618197 LAO 109
50.26899155 41.15511583 51.977555731593327 ARM 110
-11.91017172 36.52708549 708.90360667738537 MCO 111
66.19711912 19.73093623 60.913809504175333 ARE 112
41.28475834 26.93940761 157.1775121867293 PSE 113
43.22914131 62.09556791 26.87429300851052 SWE 114
41.81621384 47.19636213 53.784122276120684 MDA 115
-41.44666295 49.46180764 51.311623600559329 ESP 116
9.484403904 2.280934734 82.496990472722388 NGA 117
31.10048224 39.86247494 53.499171279035693 ALB 118
33.12174903 -21.69974484 44.145987288253025 SWZ 119
48.78207789 45.07420639 38.555021222074046 GEO 120
20.10894349 15.05268988 10.343920201829693 LBY 121
146.6865715 -14.10788984 25.110081248375081 PNG 122
26.92582232 60.48446914 60.913809504175333 POL 123
19.95035191 56.24492522 54.839503230079146 AUT 124
164.0360632 3.341937016 444.48777161398789 HKG 125
35.38919913 64.19054167 29.257024475064838 EST 126
41.24670983 62.17332008 20.408890465097933 NOR 127
29.87845962 43.28266938 35.938876471991861 MNE 128
55.67187982 29.14015071 53.890590454769722 IRQ 129
-27.12601079 0.08363610438 46.010931763381734 GNB 130
-0.01092386304 8.700523086 22.963902223747191 MLI 131
67.79801233 58.41731476 14.23128383993285 KAZ 132
