22.85221818 95.60130706 12.557061120706921 HRV 0
148.0742316 72.75104977 37.190267079057826 UZB 1
44.89189472 72.83957994 16.219054210516582 BGR 2
-133.2200236 49.11650712 4.8067563876665504 ESH 3
-52.23373826 -84.08071566 8.2122012116535252 GNQ 4
39.16918736 85.03433583 16.768756670155742 SRB 5
-134.3637442 -3.587574456 30.241677316167273 BFA 6
-128.2713889 -48.98402047 18.870849556599598 TGO 7
137.4424682 54.41932858 16.009163623128554 TKM 8
117.2478205 151.4763234 8.4843270967260729 LVA 9
-15.12702138 139.5908108 57.238547839388026 DEU 10
237.6492162 -152.7230452 53.143183431408069 THA 11
125.5429704 63.58443701 20.237889446289813 AZE 12
252.1827482 4.387777034 236.80474093456917 CHN 13
-50.2705613 -91.2098087 9.789922219419763 GAB 14
175.5886551 -108.0756795 97.25798843362314 PAK 15
28.03437452 -147.2603466 23.545605091055275 RWA 16
68.86722907 36.28746034 30.225840536078788 SYR 17
-7.124758837 -165.053388 28.444318200884272 ZMB 18
9.082238661 157.1946091 15.2478088008267 DNK 19
107.2631859 -122.9904423 34.860711515510097 NPL 20
-48.19673315 42.59389293 22.136663020574257 TUN 21
171.2743532 -185.7909517 82.479617937764189 BGD 22
171.4618759 80.50647078 16.276737746062985 KGZ 23
-1.61398956 9.033132271 66.584789381892961 EGY 24
-88.50686151 37.31228703 42.35386041920701 DZA 25
-73.41271324 6.472093182 32.710506560757047 NER 26
139.3783244 21.42897696 40.760695937709116 AFG 27
80.23243991 -53.40823723 36.810586215824081 YEM 28
-113.6266945 83.57850788 20.076669064768613 PRT 29
-12.78203855 -118.6782328 63.422018311371339 COD 30
83.48579776 -18.43934106 13.020670410425378 KWT 31
-73.02844477 59.01115102 1.1329633457435904 GIB 32
305.9354546 -136.4563882 25.816605213989654 KHM 33
277.4920209 -207.8156321 104.48136402769953 IDN 34
158.0535844 48.32558375 19.974416800942763 TJK 35
-193.145924 -14.63088911 18.595133539528913 SLE 36
74.7929948 72.4092644 58.098497280179103 TUR 37
112.9328161 132.5371457 19.3284881314313 BLR 38
52.50873435 105.3877952 19.987163229818361 HUN 39
31.17733656 65.99148451 9.0569604257762002 MKD 40
282.8853564 -109.6154443 4.2198916596449774 BRN 41
-26.71242384 -195.0024611 48.747317566996678 ZAF 42
-32.40321988 -36.59732078 26.813465849264972 TCD 43
-23.30074646 86.36240817 1.1508063858912092 SMR 44
-49.36952108 96.37041871 50.468822644874962 FRA 45
53.63895931 -186.3389059 36.514378401015769 MOZ 46
37.91995783 -71.5159641 70.546041612587103 ETH 47
47.28969206 -38.52162597 12.142968576167476 ERI 48
-46.52965216 73.81086924 1.7770982283583625 AND 49
26.24659234 85.36661236 11.238449618691737 BIH 50
-56.27218723 -132.3435299 37.985730249503682 AGO 51
140.01047 170.1684926 14.769275929636084 FIN 52
0.5822701807 -37.39448398 43.500575062320337 SDN 53
214.9891769 -93.56815534 5.565028320431276 BTN 54
260.3457574 -118.6655787 46.332917598525327 MMR 55
230.1349928 106.0829747 11.644467007726591 MNG 56
363.047223 70.64593042 45.13134315363525 KOR 57
-14.47112964 -73.78318004 15.029101654374699 CAF 58
37.13489954 21.13920549 18.996217189388506 ISR 59
236.0563419 -98.81727256 5.2620541529842972 MAC 60
341.1860075 -122.4999898 62.357436562825313 VNM 61
-117.5334354 59.24017234 38.579420067195542 MAR 62
27.59542427 40.76897534 14.511818404630572 LBN 63
63.26470558 -25.07146716 38.121459497544961 SAU 64
116.58115 -13.07250781 59.22384170286221 IRN 65
61.42202565 -50.24157964 6.6859618848297169 DJI 66
112.7704406 144.7799785 10.340522835179389 LTU 67
194.987731 123.4026056 75.375622048486363 RUS 68
6.921133088 -186.0314622 25.603029953893035 ZWE 69
-140.7536455 39.58047903 13.83031670550182 MRT 70
-22.99384527 -169.2381124 10.258426419874205 BWA 71
85.3365143 -27.84038377 10.336581335956653 QAT 72
-189.1680948 3.456354074 10.444430594358346 GMB 73
120.7312519 -312.707477 237.05012914518309 IND 74
-34.50321345 -73.79704566 33.567875577731229 CMR 75
-25.0194861 42.37043679 0.14273996463758234 VAT 76
-191.627772 -33.75564555 14.598607327398124 LBR 77
-143.0790192 -30.86723572 36.635262367418953 GHA 78
72.72478359 107.0049784 27.972298945107518 ROU 79
109.5625412 108.2999688 38.017095393994964 UKR 80
13.27502844 -159.4683419 22.819205598105199 BDI 81
67.16968242 -110.5440129 46.5542406551113 KEN 82
-175.8299078 -0.5560376277 23.625512441898575 GIN 83
30.76872891 -172.0355974 28.693573347859068 MWI 84
25.79449215 104.8456479 9.130896023358769 SVN 85
7.666533643 -171.6375355 9.5742239410731038 LSO 86
-171.8763182 -29.58656154 33.699632998247999 CIV 87
77.3715306 -79.55855456 26.714119015999053 SOM 88
4.318478967 -87.98590816 20.88447149161146 SSD 89
324.857841 -192.1001959 7.3160324182542684 TLS 90
6.744455623 109.47154 1.2443781621195815 LIE 91
-53.45113025 129.2342762 21.43952368190336 BEL 92
-36.98518987 -94.28428153 15.498300193355377 COG 93
62.02794546 -150.8925526 51.503024119408458 TZA 94
32.8476409 131.2050886 20.317769221632126 CZE 95
281.6349403 -149.8681309 36.735232949191008 MYS 96
58.9937935 119.4939515 15.098083179099644 SVK 97
31.1481165 -118.8652341 43.713866559415592 UGA 98
301.4366359 108.9474396 32.078087891570178 PRK 99
-33.3972605 113.0063571 5.0748022272783357 LUX 100
-118.2908365 -18.391493 23.22454234302446 BEN 101
23.87043301 54.8311656 20.168303373972602 GRC 102
-10.58285078 107.3336589 18.601158916192968 CHE 103
-176.9238935 26.07946887 26.432728327444451 SEN 104
44.71718719 6.104242811 21.116832849381122 JOR 105
-53.83373928 149.4333823 26.324593283299887 NLD 106
101.6442565 -59.25829377 13.515899445744749 OMN 107
-4.878071228 57.12234442 48.120519234662289 ITA 108
292.3733975 -111.8009464 17.328067322333666 LAO 109
115.7128859 54.77449528 10.453205380069374 ARM 110
-5.472360543 77.39207852 1.1942482260115264 MCO 111
102.4318778 -45.69510736 19.347453128436602 ARE 112
38.31302802 35.20948992 14.534966062107987 PSE 113
127.6912506 177.727994 20.43077159041167 SWE 114
87.55586035 101.1473859 11.625204021819526 MDA 115
-87.55688931 87.36650711 43.233246755155612 ESP 116
-81.98832966 -51.87655607 93.824250225672941 NGA 117
23.29923724 68.19805035 10.55503888936032 ALB 118
28.40458257 -194.0362502 6.900410717382937 SWZ 119
121.4777943 76.10955738 12.109364060164401 GEO 120
-39.93005449 4.953888459 16.460338010442232 LBY 121
325.1092858 -152.8099597 20.1571877413366 PNG 122
81.56003738 142.3947285 40.170840382954083 POL 123
25.28092583 116.4017993 18.771797818654669 AUT 124
283.6061959 -100.2370351 17.166224104648915 HKG 125
121.7313628 156.6361421 7.2136660185443509 EST 126
117.8562289 165.5991586 14.673779446007559 NOR 127
24.12733798 78.64902772 4.9631652484305366 MNE 128
80.69145532 8.706151875 42.306690389331351 IRQ 129
-182.8305349 12.24972125 9.1975944702771741 GNB 130
-133.153707 21.09153015 30.269287604609637 MLI 131
138.9864438 98.10062775 27.770536099467865 KAZ 132
