81.16841831 38.33493337 1.6274742635229698 UZB 0
73.75583141 18.04578827 1.3538140231036011 OMN 1
89.87082297 23.10233205 1.1840187501600856 LAO 2
89.18634388 16.85880306 0.18566895452310958 BRN 3
73.17620939 34.20024614 0.42203115621259546 ARM 4
77.9366085 37.54917013 1.699995059741517 TKM 5
87.16347373 20.39986024 1.743377765354261 THA 6
90.53305673 32.92908626 7.5799033276272221 CHN 7
73.97217392 35.00867655 0.71508664975648273 AZE 8
73.57357202 20.08905742 0.70293131693153232 ARE 9
80.8915587 30.53997141 2.2853125698832177 PAK 10
67.80485082 29.33121894 0.18566895452310958 PSE 11
89.77589571 6.428419732 0.29356839353762415 TLS 12
68.58921809 30.2953001 1.0475634816625328 SYR 13
83.23764558 29.0809299 0.47939517918383051 BTN 14
86.80984125 24.12213327 2.0011519011797541 MMR 15
87.72620172 43.5432254 3.0423658459971032 MNG 16
97.31697903 27.87775012 0.76927616945970356 KOR 17
83.65979935 27.7324282 0.93451324427952775 NPL 18
68.29455094 28.55298939 0.72703878644595221 JOR 19
72.69479242 35.46612652 0.64317612524444223 GEO 20
83.88664105 38.58558262 1.0879207920603362 KGZ 21
89.92331886 24.34258769 0 MAC 22
92.21594991 22.0126929 1.3997189949970463 VNM 23
84.96500499 26.39751501 0.93451324427952775 BGD 24
67.34181837 29.04841895 0.34735480759299403 ISR 25
80.32659788 34.75391207 1.9649355194140361 AFG 26
67.46234372 29.63279014 0.25139695284905833 LBN 27
70.70479805 23.26800795 3.5673895192482963 SAU 28
75.57403895 31.52719705 3.1234352675633259 IRN 29
70.10654625 16.69731841 1.7679220668388862 YEM 30
87.60613455 16.73208227 1.3997189949970463 MYS 31
98.29468348 29.65629738 0.84406231242519092 PRK 32
73.84689366 21.05735635 0.26257555359821499 QAT 33
90.25996726 24.35797344 0.075799033276272229 HKG 34
71.86683494 27.00016339 0.32158806262222112 KWT 35
80.29399222 23.57512801 4.4113474472440064 IND 36
89.93187056 20.36451485 1.0365361905550903 KHM 37
88.31535938 10.78600563 3.3574779433827091 IDN 38
82.73777953 36.33532741 0.91901443759375256 TJK 39
71.33788536 29.23025832 1.6115095523821987 IRQ 40
70.6977131 33.51047357 2.1532796405978627 TUR 41
80.66038038 43.94346187 4.0159183385432664 KAZ 42
