37.14064804 61.32699109 4.5526776267791265 HRV 0
104.5383213 36.69050505 12.800566630480661 UZB 1
52.55306339 54.17645583 6.3724454835751505 BGR 2
-49.60205224 50.5825407 9.8701078583206741 ESH 3
-16.68032615 -29.89088724 3.2051952368216887 GNQ 4
46.50624853 57.37419739 5.6886742187974573 SRB 5
-30.89726029 4.748651324 9.9985374125564945 BFA 6
-23.28893497 -6.830424451 4.5603519857839236 TGO 7
90.3160863 40.9425848 13.370129438428238 TKM 8
64.18115463 89.20326791 4.8625002969637778 LVA 9
30.8153144 87.45339557 11.436279335159089 DEU 10
141.7705434 -13.34871887 13.708525639829128 THA 11
83.06675339 48.9155489 5.6317061854582686 AZE 12
157.1566106 43.79502991 59.624244055997465 CHN 13
-18.04921435 -38.19717207 9.901006387181587 GAB 14
118.7274216 4.874061189 17.971892835527065 PAK 15
36.58819537 -40.22454883 3.1057915955951527 RWA 16
60.69859631 30.30138648 8.2352819195243896 SYR 17
23.31057155 -66.34627791 16.602245666982306 ZMB 18
25.93331372 101.6551956 3.9727373069308731 DNK 19
128.5334868 15.36362679 7.3418742401924684 NPL 20
6.876328894 54.84024976 7.7408066349161162 TUN 21
131.373131 -1.937858546 7.3515691515904384 BGD 22
118.8307178 48.95292587 8.5574228086869208 KGZ 23
40.9807048 22.57809455 19.16075246330227 EGY 24
-10.94797578 43.05395208 29.534425053208992 DZA 25
-15.73482572 14.48374234 21.541181336294471 NER 26
112.5082858 22.78490708 15.455449563713943 AFG 27
74.83466934 -14.24240773 13.905448296150741 YEM 28
-30.0239771 64.67233329 5.8074704465109814 PRT 29
16.75170113 -41.14726322 29.304851741309538 COD 30
73.30026131 22.91816349 2.5545139778953314 KWT 31
-22.18831971 62.46225836 0.049164679376643552 GIB 32
154.2151601 -13.10519243 8.1425872479937649 KHM 33
157.093646 -43.95744453 26.410681245322071 IDN 34
115.1511097 40.78064781 7.2393717431424731 TJK 35
-49.96577066 -2.146265764 5.1257960764766386 SLE 36
61.62381321 44.55871191 16.940177626341764 TUR 37
64.61379313 81.51280398 8.7195653003162121 BLR 38
44.9956618 66.61936886 5.8369746277505596 HUN 39
47.06576977 52.34726262 3.0687320534447307 MKD 40
147.5824334 -19.68831629 1.453036016482347 BRN 41
19.72057511 -97.05206984 21.146848235527195 ZAF 42
7.510190881 6.691663882 21.685216825491182 TCD 43
22.43766388 71.58050074 0.14966318452911395 SMR 44
10.89824377 79.77641687 14.214471604740707 FRA 45
50.22269612 -78.69149456 17.133943665848665 MOZ 46
57.0372134 -27.99318026 20.110589591703491 ETH 47
61.00766238 -13.39621063 6.5627388980373613 ERI 48
0.8335098175 69.16112844 0.41407441383512078 AND 49
42.19417752 61.07500486 4.3306613245573979 BIH 50
-7.520620376 -58.06367996 21.367918388391331 AGO 51
77.46842267 93.38619194 11.132986753931805 FIN 52
33.01620618 -2.770464756 26.282090574320566 SDN 53
132.6066572 9.991743811 3.749839655771483 BTN 54
143.6225766 3.249699459 15.74128351252131 MMR 55
181.5757988 84.47460204 23.933976599751627 MNG 56
192.9094841 54.24664382 6.0581046968333183 KOR 57
8.200439126 -17.45596767 15.104965295379047 CAF 58
51.64631727 28.96424429 2.7580464920412568 ISR 59
154.796901 9.127930734 0.10993556517815699 MAC 60
163.2377998 -7.042920577 11.013729508072137 VNM 61
-32.15895153 54.29109486 12.788400021873175 MAR 62
50.96190444 32.11028612 1.9565236374913348 LBN 63
62.53990131 6.179003351 28.058804141709228 SAU 64
89.63473145 19.43842272 24.568891108590357 IRN 65
65.08155842 -16.92596961 2.9149030374888021 DJI 66
56.97654742 82.63218761 4.8903247615768484 LTU 67
129.4408488 119.8681081 79.132880342658851 RUS 68
29.78243076 -81.19716556 11.962848551320587 ZWE 69
-58.75345898 32.89913544 19.428862804347926 MRT 70
7.981773237 -75.19094883 14.599658289365967 BWA 71
79.0726942 1.387642544 2.0599159718334348 QAT 72
-63.4593917 12.7047351 1.9785551345459282 GMB 73
116.4856072 -24.91324589 34.699247425117875 IND 74
-6.636031529 -25.16570847 13.195626536088458 CMR 75
22.08522647 58.92161036 0.012694265629824517 VAT 76
-47.25134277 -9.145683076 6.3865025746447772 LBR 77
-31.11822118 -7.812722208 9.3466352887464552 GHA 78
52.85143855 63.08420151 9.343859091966177 ROU 79
65.63123407 68.17528852 14.866882024982077 UKR 80
35.0462948 -43.45098471 3.19277815183945 BDI 81
57.2683701 -47.66572331 14.579163740507054 KEN 82
-49.34299577 6.119488819 9.4890463466215635 GIN 83
39.39686169 -70.32120856 6.5873576571332961 MWI 84
38.13316441 67.96917381 2.7248352799749322 SVN 85
37.5527944 -85.05656916 3.3342449855370329 LSO 86
-40.82761959 -1.701194794 10.867284926928818 CIV 87
76.94692817 -30.66067896 15.281808080540799 SOM 88
37.16437977 -25.88492952 15.065644083474325 SSD 89
173.2818132 -41.9212513 2.333984953220948 TLS 90
31.57544969 74.10623558 0.24219115234978761 LIE 91
16.45539667 89.34177988 3.3437283629014938 BEL 92
-6.15627387 -39.48724353 11.191656516480931 COG 93
40.43032827 -56.0715649 18.604462963356873 TZA 94
39.61018469 78.26709665 5.3743239114709889 CZE 95
144.1073702 -27.17317974 11.006923884705028 MYS 96
46.91945351 72.02505404 4.23783185708528 SVK 97
43.62116474 -38.16971637 9.4055599638554988 UGA 98
187.685293 65.72224972 6.6442082198163428 PRK 99
18.89748106 89.13112075 0.97316263828712479 LUX 100
-22.81676862 -0.5379639627 6.4223324680246954 BEN 101
44.93070298 47.0794507 6.9526691021093443 GRC 102
27.74158344 73.14234301 3.8884050369080385 CHE 103
-57.5432492 12.20290586 8.4880413831868076 SEN 104
55.77760013 24.10291433 5.7201718798253314 JOR 105
17.58034139 93.4156009 3.914982317706948 NLD 106
85.45617131 -5.147265989 10.64661481915231 OMN 107
29.07677188 64.56045077 10.505262218673552 ITA 108
157.8323203 3.140981137 9.3126260878911555 LAO 109
79.14637198 45.09390608 3.3004602392946678 ARM 110
15.57693119 73.1917982 0.028385240872726803 MCO 111
82.75577741 3.622738415 5.5333021042866761 ARE 112
53.22964595 30.79679314 1.5092835896515178 PSE 113
65.73673322 100.2551724 12.841917149747891 SWE 114
59.41686228 59.7962813 3.5207540575210716 MDA 115
-12.84311399 72.27523753 13.612976759834263 ESP 116
-10.29088749 -7.62563281 18.393430203769647 NGA 117
42.97798594 53.68087307 3.2447695147537408 ALB 118
40.70373491 -86.10787953 2.521785440438141 SWZ 119
77.91206405 53.34377449 5.0523974578903728 GEO 120
19.29152391 35.53920003 25.385214666124078 LBY 121
176.5113667 -29.97688626 13.019570787693549 PNG 122
48.16127699 81.64634381 10.701152987039785 POL 123
37.15529791 72.58292492 5.5422646197479413 AUT 124
156.60627 9.177765276 0.63585473900906408 HKG 125
68.89521327 91.18434609 4.0698734210711329 EST 126
55.52957232 91.48510644 10.889830355676377 NOR 127
41.46729735 56.844488 2.2491072070557596 MNE 128
72.4671329 31.73853927 12.669964586671146 IRQ 129
-56.90864849 5.196641383 3.6373446189428389 GNB 130
-39.30385904 20.41566078 21.312072863289 MLI 131
99.16159767 64.86299352 31.590503210666249 KAZ 132
