445.138015884 808.924468661 35.8640488511823960 HRV 0
1251.831165520 626.203959126 100.8373938576358455 UZB 1
599.961346186 716.613975617 50.1994023868810046 BGR 2
-510.388912381 718.290664832 77.7524919214811803 ESH 3
-146.401156691 -410.132972715 25.2491584018160609 GNQ 4
515.145787489 750.030788787 44.8129445584643307 SRB 5
-400.566943893 -2.383323926 78.7642050680382795 BFA 6
-283.575125921 -116.679442783 35.9245041719436671 TGO 7
1054.102149757 627.326965816 105.3241662677658610 TKM 8
673.562531100 1241.948875791 38.3046994505896450 LVA 9
266.957262217 1094.590410683 90.0901215450395512 DEU 10
1766.548266809 -7.460155512 107.9899069357872605 THA 11
960.548778421 736.2293004 44.3641747359284793 AZE 12
1900.879057584 768.693524515 469.6943154861467065 CHN 13
-224.350351554 -478.780892017 77.9958973280004813 GAB 14
1429.994641373 177.99552907 141.5748918417387756 PAK 15
519.395052354 -459.807713867 24.4660989943226888 RWA 16
693.516429423 496.013926503 64.8740317846825434 SYR 17
378.426620884 -822.978162203 130.7853967383211966 ZMB 18
287.146671553 1213.424865204 31.2955268369139574 DNK 19
1592.013458340 355.309941472 57.8361478661917232 NPL 20
12.671887540 690.126840164 60.9787667963201656 TUN 21
1632.136156006 93.9381918 57.9125202352651129 BGD 22
1387.336239325 725.914185402 67.4117200492614046 KGZ 23
472.608334745 339.386613431 150.9402199547892280 EGY 24
-240.918542285 559.616174614 232.6595796437363219 DZA 25
-240.041529701 173.730241077 169.6922213891955380 NER 26
1438.671183015 433.977999338 121.7514270963587819 AFG 27
959.076100721 -96.346013166 109.5411794714662932 YEM 28
-244.090331121 888.698218074 45.7487704752816171 PRT 29
243.125659437 -503.583267353 230.8510991959970795 COD 30
905.917897537 375.895297057 20.1233694991668095 KWT 31
-182.968471130 850.597819635 0.3872983346207418 GIB 32
1935.112977304 27.035571083 64.1438227735141311 KHM 33
2018.825143551 -398.717148731 208.0520607924849230 IDN 34
1401.506627569 602.309197105 57.0286769967531555 TJK 35
-728.333425587 -61.813995024 40.3788310875884235 SLE 36
773.584686585 686.746511987 133.4474803059236478 TUR 37
727.205754697 1154.203960374 68.6890093100780490 BLR 38
472.796925351 886.125628065 45.9811918070855512 HUN 39
536.325178005 684.293191926 24.1741597578902763 MKD 40
1912.379647478 -112.115983374 11.4463968129713116 BRN 41
347.830885988 -1244.790826132 166.5858337314434152 ZAF 42
83.947030649 132.672481961 170.8268714225023928 TCD 43
229.753723188 906.230346793 1.1789826122551588 SMR 44
123.365814631 952.561146732 111.9755330418211798 FRA 45
730.029335840 -924.449446243 134.9738863632516654 MOZ 46
774.944421506 -289.617494375 158.4226309590899291 ETH 47
775.453000090 -87.274653291 51.6984525880610732 ERI 48
8.362890632 949.99326519 3.2619012860600161 AND 49
439.952406582 741.228179055 34.1150992963526534 BIH 50
-32.840752519 -768.996053367 168.3273299259515738 AGO 51
794.085060687 1360.594076466 87.7009121959401199 FIN 52
421.175606609 -0.068440945 207.0390784368973982 SDN 53
1597.281490045 171.570832123 29.5396343917794724 BTN 54
1767.707851849 215.045038379 124.0031047998394911 MMR 55
2124.396081017 1428.850835952 188.5416399631650108 MNG 56
1962.977221642 1268.466284213 47.7231599959600601 KOR 57
133.102995618 -186.008492445 118.9904618026166503 CAF 58
610.795902993 430.642893321 21.7267116701998333 ISR 59
1936.144086124 299.952779579 0.8660254037844380 MAC 60
2053.877873450 109.784835982 86.7614545751740991 VNM 61
-394.129584552 855.30403937 100.7415505141745484 MAR 62
595.348890599 464.331741458 15.4126571362630482 LBN 63
793.028139137 173.953520495 221.0352686790045027 SAU 64
1146.511256064 355.996240251 193.5432251462187878 IRN 65
835.574325350 -126.562019822 22.9623605058364610 DJI 66
620.749026765 1129.056938803 38.5238886926020712 LTU 67
1383.061422427 1758.508856734 623.3750155404039788 RUS 68
461.835802950 -1022.026937555 94.2382088115005558 ZWE 69
-652.642254251 537.61511727 153.0522786501389589 MRT 70
180.869013877 -951.848251877 115.0098691417392303 BWA 71
1010.510459920 106.829195221 16.2271377636353584 QAT 72
-830.333479192 84.305087472 15.5862118553546889 GMB 73
1463.364114471 -220.468990666 273.3458432096591650 IND 74
-42.524558184 -332.9590098 103.9495069733376909 CMR 75
252.461528696 770.513971989 0.1000000000000000 VAT 76
-657.996064986 -115.861671995 50.3101381433205077 LBR 77
-381.440158579 -155.011292455 73.6287987135467858 GHA 78
585.416051954 839.266315827 73.6069290216619834 ROU 79
705.514379340 977.22866365 117.1149435383887862 UKR 80
507.339387066 -507.229159042 25.1513419125103006 BDI 81
813.361462273 -548.913873279 114.8484218437500459 KEN 82
-634.899912075 7.054733017 74.7506521710680119 GIN 83
559.803777632 -848.350059586 51.8923886519015483 MWI 84
405.642504405 873.82774342 21.4650879336656288 SVN 85
538.416936825 -1265.924974723 26.2657571754555796 LSO 86
-524.408352731 -99.952949309 85.6078267449886283 CIV 87
1042.293645416 -300.564589141 120.3835536940157454 SOM 88
509.351967396 -299.755418954 118.6807060983375806 SSD 89
2209.303851573 -520.465330615 18.3861360812977708 TLS 90
315.654155559 957.280341379 1.9078784028338875 LIE 91
125.269965958 1088.932705357 26.3404631698077161 BEL 92
-62.566926987 -516.141166569 88.1630875139930765 COG 93
587.985062436 -659.14805692 146.5580089930259362 TZA 94
385.913160157 1029.768611606 42.3366271684459718 CZE 95
1841.459876754 -178.528317877 86.7078427825302498 MYS 96
443.401555714 968.28774542 33.3838284203594071 SVK 97
617.728684465 -449.608659602 74.0929821238152044 UGA 98
1868.733321328 1293.389760138 52.3402330908069047 PRK 99
156.870486306 1074.392378739 7.6661594035083738 LUX 100
-280.470911575 -33.732596897 50.5923907322038957 BEN 101
526.188212337 598.037949775 54.7701561071354703 GRC 102
283.491181619 958.263692517 30.6311932513246710 CHE 103
-751.915361306 99.034716425 66.8651628278881986 SEN 104
663.917694142 394.808154056 45.0610696721682373 JOR 105
157.485129861 1135.148604484 30.8405577122074668 NLD 106
1087.958553461 37.070064509 83.8694819347299330 OMN 107
287.305094634 845.689591938 82.7559665522673384 ITA 108
1961.842520709 232.742173772 73.3608887623370407 LAO 109
930.632881470 661.591937772 25.9996153817705071 ARM 110
220.181517902 895.548195231 0.2236067977499787 MCO 111
1045.903997140 152.034327846 43.5889894354066456 ARE 112
630.877354104 455.882245965 11.8894911581614782 PSE 113
607.149597231 1361.384013457 101.1631355781343444 SWE 114
684.388995885 832.708769215 27.7349959437530842 MDA 115
-93.855364695 908.12633788 107.2372136900245039 ESP 116
-106.222978440 -102.962379091 144.8955830934819176 NGA 117
491.723120078 667.380485172 25.5609076521158869 ALB 118
621.379955643 -1025.965826405 19.8655480669424485 SWZ 119
902.184941109 792.037564637 39.8006281357467628 GEO 120
166.145114860 478.897476867 199.9738732934884240 LBY 121
2317.038487326 -313.622052688 102.5626150212639374 PNG 122
508.630514481 1067.850888587 84.2991103155898998 POL 123
360.075479937 948.635050939 43.6595923022649970 AUT 124
2047.057959054 318.16836498 5.0089919145472752 HKG 125
741.519869747 1249.970615544 32.0607236350023328 EST 126
711.082629568 1512.845840301 85.7854299983393531 NOR 127
474.920821903 705.395577317 17.7175054677570358 MNE 128
850.260148432 476.558703075 99.8085667665856278 IRQ 129
-738.726828360 8.352089978 28.6534465640697746 GNB 130
-558.921576389 230.614696711 167.8874027436248468 MLI 131
1164.421553621 950.160719036 248.8564847457263340 KAZ 132
