37.11451522 61.26866798 4.5526776267791265 HRV 0
104.6031913 36.68575951 12.800566630480661 UZB 1
52.49607778 54.13203314 6.3724454835751505 BGR 2
-49.60205224 50.5825407 9.8701078583206741 ESH 3
-16.68032615 -29.89088724 3.2051952368216887 GNQ 4
46.4697268 57.37309095 5.6886742187974573 SRB 5
-30.89726029 4.748651324 9.9985374125564945 BFA 6
-23.28893497 -6.830424451 4.5603519857839236 TGO 7
90.37733612 40.93644347 13.370129438428238 TKM 8
64.19894979 89.14693013 4.8625002969637778 LVA 9
30.8153144 87.45339557 11.436279335159089 DEU 10
141.7286756 -13.37892387 13.708525639829128 THA 11
83.12872484 48.91559953 5.6317061854582686 AZE 12
157.2120097 43.75244561 59.624244055997465 CHN 13
-18.06074568 -38.20088494 9.901006387181587 GAB 14
118.7029963 4.837463548 17.971892835527065 PAK 15
36.58819537 -40.22454883 3.1057915955951527 RWA 16
60.69135134 30.30812252 8.2352819195243896 SYR 17
23.30919197 -66.33465372 16.602245666982306 ZMB 18
25.93331372 101.6551956 3.9727373069308731 DNK 19
128.5434344 15.30546011 7.3418742401924684 NPL 20
6.876328894 54.84024976 7.7408066349161162 TUN 21
131.3797495 -1.941763784 7.3515691515904384 BGD 22
118.8805656 48.94730583 8.5574228086869208 KGZ 23
40.97525568 22.58163603 19.16075246330227 EGY 24
-10.95399507 43.05083469 29.534425053208992 DZA 25
-15.73518262 14.47129076 21.541181336294471 NER 26
112.6035882 22.79410446 15.455449563713943 AFG 27
74.84193125 -14.23443571 13.905448296150741 YEM 28
-30.0239771 64.67233329 5.8074704465109814 PRT 29
16.75561118 -41.12822197 29.304851741309538 COD 30
73.30026131 22.91816349 2.5545139778953314 KWT 31
-22.18831971 62.46225836 0.049164679376643552 GIB 32
154.2124466 -13.10959759 8.1425872479937649 KHM 33
157.1048289 -43.97121579 26.410681245322071 IDN 34
115.2234304 40.76548034 7.2393717431424731 TJK 35
-49.9648581 -2.145256325 5.1257960764766386 SLE 36
61.63882931 44.57505585 16.940177626341764 TUR 37
64.62298371 81.45298475 8.7195653003162121 BLR 38
44.98713909 66.60446664 5.8369746277505596 HUN 39
47.06584814 52.3476371 3.0687320534447307 MKD 40
147.581688 -19.69136261 1.453036016482347 BRN 41
19.72309713 -97.05697033 21.146848235527195 ZAF 42
7.51758798 6.677998641 21.685216825491182 TCD 43
22.43766388 71.58050074 0.14966318452911395 SMR 44
10.90345179 79.78278079 14.214471604740707 FRA 45
50.22269612 -78.69149456 17.133943665848665 MOZ 46
57.02278149 -27.97977667 20.110589591703491 ETH 47
61.00139037 -13.37964229 6.5627388980373613 ERI 48
0.8385921221 69.16712763 0.41407441383512078 AND 49
42.1583101 61.07747485 4.3306613245573979 BIH 50
-7.520620376 -58.06367996 21.367918388391331 AGO 51
77.49744793 93.32027967 11.132986753931805 FIN 52
33.04104266 -2.767762083 26.282090574320566 SDN 53
132.5847292 9.941321075 3.749839655771483 BTN 54
143.5722222 3.2268719 15.74128351252131 MMR 55
181.5757988 84.47460204 23.933976599751627 MNG 56
192.9622513 54.26381703 6.0581046968333183 KOR 57
8.206182411 -17.4280495 15.104965295379047 CAF 58
51.64672321 28.96629096 2.7580464920412568 ISR 59
154.796901 9.127930734 0.10993556517815699 MAC 60
163.2470924 -7.069157237 11.013729508072137 VNM 61
-32.16957779 54.29479514 12.788400021873175 MAR 62
50.96190444 32.11028612 1.9565236374913348 LBN 63
62.58260892 6.198277117 28.058804141709228 SAU 64
89.63998735 19.42565099 24.568891108590357 IRN 65
65.08155842 -16.92596961 2.9149030374888021 DJI 66
56.98505317 82.58368445 4.8903247615768484 LTU 67
129.3702993 119.9559303 79.132880342658851 RUS 68
29.78065022 -81.19237756 11.962848551320587 ZWE 69
-58.76348309 32.90513439 19.428862804347926 MRT 70
7.984052137 -75.19772732 14.599658289365967 BWA 71
79.07263916 1.387750749 2.0599159718334348 QAT 72
-63.45956336 12.70462112 1.9785551345459282 GMB 73
116.4526216 -24.95945479 34.699247425117875 IND 74
-6.636504994 -25.16822903 13.195626536088458 CMR 75
22.08522647 58.92161036 0.012694265629824517 VAT 76
-47.25134277 -9.145683076 6.3865025746447772 LBR 77
-31.11822118 -7.812722208 9.3466352887464552 GHA 78
52.84146323 63.04159973 9.343859091966177 ROU 79
65.6284828 68.11006977 14.866882024982077 UKR 80
35.04836501 -43.45379299 3.19277815183945 BDI 81
57.28666299 -47.65856088 14.579163740507054 KEN 82
-49.34683 6.123105027 9.4890463466215635 GIN 83
39.39913016 -70.32409609 6.5873576571332961 MWI 84
38.13903092 67.98220713 2.7248352799749322 SVN 85
37.55227131 -85.05474414 3.3342449855370329 LSO 86
-40.82761959 -1.701194794 10.867284926928818 CIV 87
76.94905248 -30.65860842 15.281808080540799 SOM 88
37.15794692 -25.89854556 15.065644083474325 SSD 89
173.2838299 -41.92172374 2.333984953220948 TLS 90
31.58683183 74.10570075 0.24219115234978761 LIE 91
16.45539667 89.34177988 3.3437283629014938 BEL 92
-6.159853246 -39.45236571 11.191656516480931 COG 93
40.44428706 -56.0702198 18.604462963356873 TZA 94
39.63133148 78.27605478 5.3743239114709889 CZE 95
144.0906883 -27.20031092 11.006923884705028 MYS 96
46.93146296 72.03570322 4.23783185708528 SVK 97
43.6189577 -38.18670046 9.4055599638554988 UGA 98
187.7075358 65.74537924 6.6442082198163428 PRK 99
18.89748106 89.13112075 0.97316263828712479 LUX 100
-22.81676862 -0.5379639627 6.4223324680246954 BEN 101
44.92967695 47.07872718 6.9526691021093443 GRC 102
27.75418924 73.16735619 3.8884050369080385 CHE 103
-57.54278932 12.20316681 8.4880413831868076 SEN 104
55.76040968 24.10666385 5.7201718798253314 JOR 105
17.58034139 93.4156009 3.914982317706948 NLD 106
85.45739347 -5.150139201 10.64661481915231 OMN 107
29.07677188 64.56045077 10.505262218673552 ITA 108
157.8051174 3.098565941 9.3126260878911555 LAO 109
79.14637198 45.09390608 3.3004602392946678 ARM 110
15.57727019 73.19125189 0.028385240872726803 MCO 111
82.75526843 3.622922502 5.5333021042866761 ARE 112
53.23047899 30.79768145 1.5092835896515178 PSE 113
65.76454406 100.200056 12.841917149747891 SWE 114
59.36634852 59.76642567 3.5207540575210716 MDA 115
-12.83900331 72.27551574 13.612976759834263 ESP 116
-10.2899357 -7.623245775 18.393430203769647 NGA 117
42.97798594 53.68087307 3.2447695147537408 ALB 118
40.70373491 -86.10787953 2.521785440438141 SWZ 119
77.91735629 53.35030392 5.0523974578903728 GEO 120
19.29356567 35.56620828 25.385214666124078 LBY 121
176.5113667 -29.97688626 13.019570787693549 PNG 122
48.18432671 81.6116009 10.701152987039785 POL 123
37.16660627 72.58133892 5.5422646197479413 AUT 124
156.60627 9.177765276 0.63585473900906408 HKG 125
68.88943614 91.12605056 4.0698734210711329 EST 126
55.55653761 91.42231156 10.889830355676377 NOR 127
41.46729735 56.844488 2.2491072070557596 MNE 128
72.46582853 31.73081509 12.669964586671146 IRQ 129
-56.90864849 5.196641383 3.6373446189428389 GNB 130
-39.30736109 20.42711768 21.312072863289 MLI 131
99.15247796 64.8864131 31.590503210666249 KAZ 132
