1.21445422 12.52898159 0.401857389756773 NLD 0
4.85143465 9.036325614 0.467223578536471 HRV 1
7.237949278 9.828037985 0.958833511162213 ROU 2
5.485359328 9.88457589 0.598935225425353 HUN 3
7.323544392 8.208973939 0.65395685979129 BGR 4
6.430073427 7.851510633 0.314879240614894 MKD 5
3.320784444 8.90353577 1.07802025007625 ITA 6
6.186506828 8.71028125 0.583824514584466 SRB 7
0.7729188782 10.02546979 1.45864991497894 FRA 8
4.510459837 9.700672955 0.279437124203243 SVN 9
2.631348974 11.86435649 1.17355615227955 DEU 10
5.280424625 8.238788188 0.444349871734693 BIH 11
-1.785179929 8.800321575 1.39695717962367 ESP 12
5.822207466 7.640044596 0.332943033910888 ALB 13
2.94073146 13.4092785 0.407639807631635 DNK 14
1.056269503 11.80135043 0.34301541433015 BEL 15
4.297435304 11.46259532 0.551593436462886 CZE 16
-3.764352024 8.83121777 0.595908032315997 PRT 17
5.03863169 10.80920296 0.434912561522673 SVK 18
5.769570585 12.18221605 1.09816093848238 POL 19
1.39564001 11.51999851 0.1 LUX 20
4.005791523 10.38876552 0.568686429694915 AUT 21
6.49321894 6.832075868 0.713397624198992 GRC 22
2.94171319 10.33282621 0.398934751770529 CHE 23
