16.16936835 45.08794115 4.5526776267791265 HRV 0
64.93377776 41.10919541 12.800566630480661 UZB 1
24.59264869 43.25690569 6.3724454835751505 BGR 2
-11.02608851 25.45375698 9.8701078583206741 ESH 3
10.07561913 2.080700953 3.2051952368216887 GNQ 4
20.89831425 43.82066754 5.6886742187974573 SRB 5
-0.74949147 12.79664323 9.9985374125564945 BFA 6
1.309778101 7.5366097 4.5603519857839236 TGO 7
59.8655762 41.14234625 13.370129438428238 TKM 8
25.22954847 57.20888714 4.8625002969637778 LVA 9
9.099479926 51.12031555 11.436279335159089 DEU 10
100.3584936 15.2699992 13.708525639829128 THA 11
46.76769598 40.83158925 5.6317061854582686 AZE 12
104.3714187 33.81626843 59.624244055997465 CHN 13
11.8928594 -1.12762173 9.901006387181587 GAB 14
68.59857333 29.91511112 17.971892835527065 PAK 15
29.36871922 -2.404512969 3.1057915955951527 RWA 16
38.66346805 34.3453605 8.2352819195243896 SYR 17
30.1705295 -14.4098218 16.602245666982306 ZMB 18
9.778150715 55.50288049 3.9727373069308731 DNK 19
83.02638527 28.27904172 7.3418742401924684 NPL 20
9.85414817 34.41568067 7.7408066349161162 TUN 21
91.58680174 23.76730007 7.3515691515904384 BGD 22
75.29384435 41.58724026 8.5574228086869208 KGZ 23
29.8430708 27.17253498 19.16075246330227 EGY 24
3.540533541 28.3000371 29.534425053208992 DZA 25
8.757581754 17.32162615 21.541181336294471 NER 26
63.83527874 33.18884841 15.455449563713943 AFG 27
47.31507368 14.76503829 13.905448296150741 YEM 28
-7.297967907 40.07453501 5.8074704465109814 PRT 29
24.53926078 0.09100625777 29.304851741309538 COD 30
47.68079473 28.88300745 2.5545139778953314 KWT 31
-5.318990112 35.57237932 0.049164679376643552 GIB 32
104.9064689 13.22824413 8.1425872479937649 KHM 33
119.4054885 -4.841305264 26.410681245322071 IDN 34
71.1377177 38.13994473 7.2393717431424731 TJK 35
-12.50299673 7.891615131 5.1257960764766386 SLE 36
33.89242496 38.21878562 16.940177626341764 TUR 37
27.15794763 53.86935842 8.7195653003162121 BLR 38
19.58972078 46.51365085 5.8369746277505596 HUN 39
22.37234212 41.70632938 3.0687320534447307 MKD 40
114.976113 3.66762715 1.453036016482347 BRN 41
23.51072091 -28.03246024 21.146848235527195 ZAF 42
19.04329515 14.31188042 21.685216825491182 TCD 43
11.16302824 45.45070474 0.14966318452911395 SMR 44
1.765443699 47.05705067 14.214471604740707 FRA 45
35.05517373 -17.97325007 17.133943665848665 MOZ 46
37.82409702 9.038362421 20.110589591703491 ETH 47
38.86302259 14.6422219 6.5627388980373613 ERI 48
1.513185022 42.56101074 0.41407441383512078 AND 49
18.33991615 44.26684457 4.3306613245573979 BIH 50
18.01354877 -10.95166109 21.367918388391331 AGO 51
25.31111795 63.47334112 11.132986753931805 FIN 52
30.21548234 14.6939794 26.282090574320566 SDN 53
89.29266468 27.14983331 3.749839655771483 BTN 54
98.70718379 21.50958726 15.74128351252131 MMR 55
106.2329576 47.72493632 23.933976599751627 MNG 56
129.4857733 36.31431777 6.0581046968333183 KOR 57
20.47627748 6.3750461 15.104965295379047 CAF 58
34.25970827 30.58033326 2.7580464920412568 ISR 59
113.2283848 22.25703692 0.10993556517815699 MAC 60
106.2716344 16.11209664 11.013729508072137 VNM 61
-5.917993963 31.4837434 12.788400021873175 MAR 62
36.48380854 33.81678976 1.9565236374913348 LBN 63
44.39564022 24.70556142 28.058804141709228 SAU 64
52.17483446 31.66323959 24.568891108590357 IRN 65
42.80456409 12.18300004 2.9149030374888021 DJI 66
23.99348303 55.24837895 4.8903247615768484 LTU 67
100.1742995 63.87132983 79.132880342658851 RUS 68
29.99103754 -19.0929428 11.962848551320587 ZWE 69
-11.24346539 20.18148409 19.428862804347926 MRT 70
23.37410311 -19.98519485 14.599658289365967 BWA 71
52.61546888 25.74422263 2.0599159718334348 QAT 72
-17.00342336 13.89781988 1.9785551345459282 GMB 73
77.51217539 19.61261374 34.699247425117875 IND 74
11.66807332 6.051224561 13.195626536088458 CMR 75
11.16352256 41.77445114 0.012694265629824517 VAT 76
-10.64717511 6.239615177 6.3865025746447772 LBR 77
-1.250395063 7.658055028 9.3466352887464552 GHA 78
24.30972538 46.74219066 9.343859091966177 ROU 79
32.96530711 48.79761188 14.866882024982077 UKR 80
29.56218749 -3.537619337 3.19277815183945 BDI 81
38.02102455 0.4997601311 14.579163740507054 KEN 82
-10.1531575 10.1617909 9.4890463466215635 GIN 83
34.19800195 -13.9308163 6.5873576571332961 MWI 84
14.70654589 46.62616623 2.7248352799749322 SVN 85
27.78032745 -29.60624779 3.3342449855370329 LSO 86
-5.070483231 8.283311258 10.867284926928818 CIV 87
49.54069729 9.322604395 15.281808080540799 SOM 88
30.89593006 7.429113189 15.065644083474325 SSD 89
126.2252623 -9.869263072 2.333984953220948 TLS 90
8.952009857 47.01199278 0.24219115234978761 LIE 91
3.256321747 50.34438029 3.3437283629014938 BEL 92
16.25359568 -0.655823801 11.191656516480931 COG 93
34.32953318 -6.243023901 18.604462963356873 TZA 94
16.15987961 49.5408131 5.3743239114709889 CZE 95
112.4707081 1.994765548 11.006923884705028 MYS 96
19.52677197 49.03353528 4.23783185708528 SVK 97
31.26818343 2.266101686 9.4055599638554988 UGA 98
126.93649 42.17640826 6.6442082198163428 PRK 99
6.159330087 49.64175582 0.97316263828712479 LUX 100
1.984867596 9.413901857 6.4223324680246954 BEN 101
22.08468333 38.3409412 6.9526691021093443 GRC 102
6.966773549 46.89026069 3.8884050369080385 CHE 103
-14.97793273 14.58946054 8.4880413831868076 SEN 104
37.39456877 30.01968903 5.7201718798253314 JOR 105
6.215300074 52.3760685 3.914982317706948 NLD 106
58.50380858 20.58749735 10.64661481915231 OMN 107
12.0921843 43.80074017 10.505262218673552 ITA 108
104.1040179 18.96806158 9.3126260878911555 LAO 109
45.34093981 40.45943472 3.3004602392946678 ARM 110
7.576762849 42.6698073 0.028385240872726803 MCO 111
54.97010808 23.97161022 5.5333021042866761 ARE 112
35.74364998 32.05486517 1.5092835896515178 PSE 113
15.3768351 63.56933552 12.841917149747891 SWE 114
29.67960054 47.6535502 3.5207540575210716 MDA 115
-3.086732376 39.58963075 13.612976759834263 ESP 116
7.107052946 10.79203423 18.393430203769647 NGA 117
19.73775222 41.13525563 3.2447695147537408 ALB 118
31.51598423 -26.26455615 2.521785440438141 SWZ 119
44.23173263 41.82302715 5.0523974578903728 GEO 120
15.27088355 26.40310382 25.385214666124078 LBY 121
146.484485 -4.941792972 13.019570787693549 PNG 122
20.75756312 52.97708272 10.701152987039785 POL 123
13.18094951 47.51660546 5.5422646197479413 AUT 124
114.4747094 22.38825477 0.63585473900906408 HKG 125
25.77695517 58.71222773 4.0698734210711329 EST 126
11.07486231 62.56810077 10.889830355676377 NOR 127
19.13944385 41.95555814 2.2491072070557596 MNE 128
44.2067161 31.81070623 12.669964586671146 IRQ 129
-16.02830177 11.7647731 3.6373446189428389 GNB 130
-4.107171212 17.53463728 21.312072863289 MLI 131
68.65148005 47.4918485 31.590503210666249 KAZ 132
