38.22277189 63.7830107 4.5526776267791265 HRV 0
103.2807998 39.31513614 12.800566630480661 UZB 1
52.60225889 55.44961374 6.3724454835751505 BGR 2
-47.50234899 49.2392202 9.8701078583206741 ESH 3
-16.04931701 -29.86035839 3.2051952368216887 GNQ 4
47.15663616 59.45855824 5.6886742187974573 SRB 5
-31.30744723 5.226978359 9.9985374125564945 BFA 6
-23.16698318 -6.43289354 4.5603519857839236 TGO 7
89.68601291 42.18562144 13.370129438428238 TKM 8
61.87029246 90.07008012 4.8625002969637778 LVA 9
31.45422439 87.22563708 11.436279335159089 DEU 10
142.1390424 -13.90676388 13.708525639829128 THA 11
81.26599453 50.51221348 5.6317061854582686 AZE 12
154.8114584 40.11366753 59.624244055997465 CHN 13
-15.77934472 -37.43414245 9.901006387181587 GAB 14
115.8743479 8.271521312 17.971892835527065 PAK 15
35.96022871 -39.03760295 3.1057915955951527 RWA 16
60.42951369 31.75095912 8.2352819195243896 SYR 17
24.18694077 -64.90792587 16.602245666982306 ZMB 18
26.6762426 101.4627697 3.9727373069308731 DNK 19
124.7195998 19.47551288 7.3418742401924684 NPL 20
6.115589214 54.1719922 7.7408066349161162 TUN 21
131.6044006 -2.023336751 7.3515691515904384 BGD 22
118.9441572 47.52841723 8.5574228086869208 KGZ 23
41.32842157 22.75594329 19.16075246330227 EGY 24
-8.955686557 41.11904215 29.534425053208992 DZA 25
-13.63212531 13.45541474 21.541181336294471 NER 26
107.8703156 24.68979171 15.455449563713943 AFG 27
72.62806102 -14.21199036 13.905448296150741 YEM 28
-29.59362842 64.35338643 5.8074704465109814 PRT 29
17.30293677 -40.74320039 29.304851741309538 COD 30
72.87643694 26.34408917 2.5545139778953314 KWT 31
-21.73082511 62.62273967 0.049164679376643552 GIB 32
154.1026479 -13.96215719 8.1425872479937649 KHM 33
157.0706086 -42.53443145 26.410681245322071 IDN 34
114.5081457 40.29326865 7.2393717431424731 TJK 35
-49.74697659 -1.794410176 5.1257960764766386 SLE 36
59.70397219 45.18026585 16.940177626341764 TUR 37
62.44076489 82.66766058 8.7195653003162121 BLR 38
45.91984055 67.35623205 5.8369746277505596 HUN 39
47.58920852 53.02845061 3.0687320534447307 MKD 40
147.1899599 -20.38195246 1.453036016482347 BRN 41
17.41750427 -93.20618125 21.146848235527195 ZAF 42
9.078780705 6.991301813 21.685216825491182 TCD 43
22.96068545 71.41445071 0.14966318452911395 SMR 44
10.83375201 80.12658639 14.214471604740707 FRA 45
48.33490844 -77.49134981 17.133943665848665 MOZ 46
54.82878222 -25.64359561 20.110589591703491 ETH 47
60.10449761 -12.03948975 6.5627388980373613 ERI 48
1.580781776 69.06472245 0.41407441383512078 AND 49
42.7048946 62.51218952 4.3306613245573979 BIH 50
-7.19048753 -55.06362886 21.367918388391331 AGO 51
83.17991311 100.3054502 11.132986753931805 FIN 52
33.11766731 -1.846254836 26.282090574320566 SDN 53
133.027005 10.46826449 3.749839655771483 BTN 54
143.8563875 1.685394434 15.74128351252131 MMR 55
179.8559879 77.62647931 23.933976599751627 MNG 56
189.6054647 52.19089416 6.0581046968333183 KOR 57
8.348138675 -14.73108987 15.104965295379047 CAF 58
51.09576831 29.13640213 2.7580464920412568 ISR 59
154.8595314 7.995324345 0.10993556517815699 MAC 60
162.2900054 -7.485578989 11.013729508072137 VNM 61
-28.05198909 53.00551962 12.788400021873175 MAR 62
51.23967271 32.16195835 1.9565236374913348 LBN 63
62.82793094 6.784094847 28.058804141709228 SAU 64
86.41784419 21.55040788 24.568891108590357 IRN 65
63.72260785 -16.28067491 2.9149030374888021 DJI 66
56.78810579 88.88740095 4.8903247615768484 LTU 67
136.7097183 112.4398236 79.132880342658851 RUS 68
30.08381756 -79.52027983 11.962848551320587 ZWE 69
-55.58507983 28.32347859 19.428862804347926 MRT 70
9.006488696 -74.33582784 14.599658289365967 BWA 71
78.8278417 2.543594656 2.0599159718334348 QAT 72
-63.33616152 13.16261898 1.9785551345459282 GMB 73
116.4951583 -19.72271155 34.699247425117875 IND 74
-6.402124192 -24.08282302 13.195626536088458 CMR 75
22.51565583 58.75847716 0.012694265629824517 VAT 76
-47.05569944 -8.541293285 6.3865025746447772 LBR 77
-30.61534094 -6.84856958 9.3466352887464552 GHA 78
53.75616221 64.46695039 9.343859091966177 ROU 79
65.07172483 70.53757801 14.866882024982077 UKR 80
35.02564593 -43.24694853 3.19277815183945 BDI 81
56.98955383 -44.54234938 14.579163740507054 KEN 82
-48.97963433 7.016585494 9.4890463466215635 GIN 83
39.48163206 -67.8886327 6.5873576571332961 MWI 84
37.93716602 67.8247731 2.7248352799749322 SVN 85
36.81406984 -84.70922099 3.3342449855370329 LSO 86
-40.40189116 -1.699261078 10.867284926928818 CIV 87
76.10730943 -29.57966438 15.281808080540799 SOM 88
35.50739214 -24.54199389 15.065644083474325 SSD 89
172.5352518 -42.95093072 2.333984953220948 TLS 90
31.06559082 74.02102964 0.24219115234978761 LIE 91
17.1886036 89.18207056 3.3437283629014938 BEL 92
-4.405726683 -37.62777955 11.191656516480931 COG 93
41.75486153 -54.54640328 18.604462963356873 TZA 94
40.47615653 78.52494549 5.3743239114709889 CZE 95
144.7738665 -26.94125653 11.006923884705028 MYS 96
46.14857225 73.10115028 4.23783185708528 SVK 97
42.52832817 -36.09581455 9.4055599638554988 UGA 98
185.0522554 62.20218601 6.6442082198163428 PRK 99
19.54647866 88.98873393 0.97316263828712479 LUX 100
-22.82325665 -0.5414003868 6.4223324680246954 BEN 101
45.61876553 47.56967834 6.9526691021093443 GRC 102
27.1372028 73.09192243 3.8884050369080385 CHE 103
-57.32866249 12.31531928 8.4880413831868076 SEN 104
54.95044523 26.06043915 5.7201718798253314 JOR 105
18.2632199 93.28449868 3.914982317706948 NLD 106
83.27329318 -2.94323355 10.64661481915231 OMN 107
29.58514809 64.14850376 10.505262218673552 ITA 108
157.217579 2.045219828 9.3126260878911555 LAO 109
77.35099142 47.02802411 3.3004602392946678 ARM 110
16.10954948 73.08070845 0.028385240872726803 MCO 111
81.49821274 5.733286517 5.5333021042866761 ARE 112
53.12577045 31.21411913 1.5092835896515178 PSE 113
71.61250074 105.6145532 12.841917149747891 SWE 114
60.19161615 62.0742428 3.5207540575210716 MDA 115
-12.02325353 71.24992278 13.612976759834263 ESP 116
-9.759729351 -7.592499664 18.393430203769647 NGA 117
43.74622845 53.75418584 3.2447695147537408 ALB 118
39.90577407 -85.89568613 2.521785440438141 SWZ 119
76.54320995 55.25228034 5.0523974578903728 GEO 120
19.60797064 32.82191924 25.385214666124078 LBY 121
176.2873586 -31.26729087 13.019570787693549 PNG 122
52.19092453 82.05889509 10.701152987039785 POL 123
36.43734584 72.33737627 5.5422646197479413 AUT 124
156.6697728 8.028050277 0.63585473900906408 HKG 125
68.79156603 95.1626883 4.0698734210711329 EST 126
61.49193487 98.53895429 10.889830355676377 NOR 127
42.3096376 58.42692785 2.2491072070557596 MNE 128
71.29125791 34.43296299 12.669964586671146 IRQ 129
-56.875774 5.619494284 3.6373446189428389 GNB 130
-34.78440098 22.32730008 21.312072863289 MLI 131
101.8319512 65.45612287 31.590503210666249 KAZ 132
