4.977689467 69.22833708 2.4509577044999773 NLD 0
25.85374801 50.94110224 2.849630885800353 HRV 1
39.27629245 56.9859589 5.8479959344238495 ROU 2
29.05091381 56.03559739 3.6529498838908854 HUN 3
40.7461068 46.68189083 3.9885308688392893 BGR 4
35.62040357 44.68133599 1.9204715912759185 MKD 5
17.30065409 48.44871211 6.5749245998202985 ITA 6
32.96271969 49.83167307 3.5607885497958192 SRB 7
2.777663177 54.49600227 8.8964128529519488 FRA 8
23.29928743 54.33282435 1.7043075228846432 SVN 9
13.77826378 67.80684564 7.1576050768503672 DEU 10
28.28410295 46.41812882 2.7101224697669384 BIH 11
-15.63734139 47.93528799 8.5201443336093003 ESP 12
31.81819761 43.8307564 2.0306439919330481 ALB 13
12.4842296 78.15765703 2.4862250953761547 DNK 14
3.940282318 64.81913264 2.092076179123104 BEL 15
23.06748581 64.95395663 3.3642088395303458 CZE 16
-28.97732405 45.16611362 3.6344868110110329 PRT 17
27.73251262 61.93528614 2.6525636223661051 SVK 18
28.63836477 72.3911867 6.6977641361364446 POL 19
6.543689878 63.33532127 0.60990733702407007 LUX 20
21.61211041 58.81387195 3.4684602593695137 AUT 21
36.47083328 38.92214491 4.3510644521450539 GRC 22
15.19305244 57.19489809 2.4331323209872111 CHE 23
