37.16576363 61.24688644 4.5526776267791265 HRV 0
104.5215991 36.67589275 12.800566630480661 UZB 1
52.56799588 54.18633579 6.3724454835751505 BGR 2
-49.60205224 50.5825407 9.8701078583206741 ESH 3
-16.68032615 -29.89088724 3.2051952368216887 GNQ 4
46.5132846 57.36924277 5.6886742187974573 SRB 5
-30.8967567 4.750889803 9.9985374125564945 BFA 6
-23.29087543 -6.830911117 4.5603519857839236 TGO 7
90.35299405 41.09764945 13.370129438428238 TKM 8
64.1298889 89.20568651 4.8625002969637778 LVA 9
30.8153144 87.45339557 11.436279335159089 DEU 10
141.7877689 -13.3329281 13.708525639829128 THA 11
83.07356107 49.04380014 5.6317061854582686 AZE 12
157.145705 43.81623777 59.624244055997465 CHN 13
-18.03708451 -38.20822 9.901006387181587 GAB 14
118.7204747 4.881702881 17.971892835527065 PAK 15
36.58819537 -40.22454883 3.1057915955951527 RWA 16
60.69173176 30.31604057 8.2352819195243896 SYR 17
23.32277217 -66.33484384 16.602245666982306 ZMB 18
25.93331372 101.6551956 3.9727373069308731 DNK 19
128.506835 15.38609702 7.3418742401924684 NPL 20
6.876328894 54.84024976 7.7408066349161162 TUN 21
131.3557042 -1.946218235 7.3515691515904384 BGD 22
118.820739 48.95944168 8.5574228086869208 KGZ 23
40.98547807 22.5733332 19.16075246330227 EGY 24
-10.95418654 43.03779361 29.534425053208992 DZA 25
-15.7377991 14.46816159 21.541181336294471 NER 26
112.5570481 22.81004454 15.455449563713943 AFG 27
74.83639783 -14.23815065 13.905448296150741 YEM 28
-30.0239771 64.67233329 5.8074704465109814 PRT 29
16.76385352 -41.13878595 29.304851741309538 COD 30
73.30026131 22.91816349 2.5545139778953314 KWT 31
-22.18831971 62.46225836 0.049164679376643552 GIB 32
154.2207164 -13.10201962 8.1425872479937649 KHM 33
157.1046367 -43.93778712 26.410681245322071 IDN 34
115.1241947 40.79830264 7.2393717431424731 TJK 35
-49.96323705 -2.144511201 5.1257960764766386 SLE 36
61.63714183 44.56574465 16.940177626341764 TUR 37
64.58177087 81.51608885 8.7195653003162121 BLR 38
44.98961256 66.62845922 5.8369746277505596 HUN 39
47.06707805 52.34662728 3.0687320534447307 MKD 40
147.5835138 -19.68516759 1.453036016482347 BRN 41
19.71696867 -97.04748942 21.146848235527195 ZAF 42
7.507400716 6.678199539 21.685216825491182 TCD 43
22.43766388 71.58050074 0.14966318452911395 SMR 44
10.89572295 79.77471196 14.214471604740707 FRA 45
50.22269612 -78.69149456 17.133943665848665 MOZ 46
56.99668027 -27.9749691 20.110589591703491 ETH 47
60.99802445 -13.38626608 6.5627388980373613 ERI 48
0.8314814462 69.15865597 0.41407441383512078 AND 49
42.20274035 61.07190201 4.3306613245573979 BIH 50
-7.520620376 -58.06367996 21.367918388391331 AGO 51
77.28639681 93.32049887 11.132986753931805 FIN 52
33.02528485 -2.750859043 26.282090574320566 SDN 53
132.6210079 10.00471973 3.749839655771483 BTN 54
143.6264986 3.267655708 15.74128351252131 MMR 55
181.5757988 84.47460204 23.933976599751627 MNG 56
192.9089293 54.23920386 6.0581046968333183 KOR 57
8.185430029 -17.45794259 15.104965295379047 CAF 58
51.64701985 28.96573147 2.7580464920412568 ISR 59
154.796901 9.127930734 0.10993556517815699 MAC 60
163.2223929 -7.018940465 11.013729508072137 VNM 61
-32.15256936 54.29693887 12.788400021873175 MAR 62
50.96190444 32.11028612 1.9565236374913348 LBN 63
62.5867092 6.184683559 28.058804141709228 SAU 64
89.7464928 19.58983955 24.568891108590357 IRN 65
65.08155842 -16.92596961 2.9149030374888021 DJI 66
56.94051826 82.61605894 4.8903247615768484 LTU 67
129.281936 120.1053339 79.132880342658851 RUS 68
29.77910606 -81.19311082 11.962848551320587 ZWE 69
-58.75345898 32.89913544 19.428862804347926 MRT 70
7.992624062 -75.1738495 14.599658289365967 BWA 71
79.0726942 1.387642544 2.0599159718334348 QAT 72
-63.4593917 12.7047351 1.9785551345459282 GMB 73
116.5163531 -24.90880898 34.699247425117875 IND 74
-6.629903135 -25.15581414 13.195626536088458 CMR 75
22.08522647 58.92161036 0.012694265629824517 VAT 76
-47.25134277 -9.145683076 6.3865025746447772 LBR 77
-31.11822118 -7.812722208 9.3466352887464552 GHA 78
52.84089849 63.09544596 9.343859091966177 ROU 79
65.62872783 68.18030875 14.866882024982077 UKR 80
35.04834274 -43.45580065 3.19277815183945 BDI 81
57.27832248 -47.64706469 14.579163740507054 KEN 82
-49.34492323 6.121179202 9.4890463466215635 GIN 83
39.39828635 -70.31645833 6.5873576571332961 MWI 84
38.15924727 67.97583057 2.7248352799749322 SVN 85
37.5461992 -85.05817495 3.3342449855370329 LSO 86
-40.82761959 -1.701194794 10.867284926928818 CIV 87
76.94562477 -30.65644951 15.281808080540799 SOM 88
37.15747413 -25.876428 15.065644083474325 SSD 89
173.2817463 -41.9211598 2.333984953220948 TLS 90
31.57574234 74.10636318 0.24219115234978761 LIE 91
16.45539667 89.34177988 3.3437283629014938 BEL 92
-6.145240178 -39.50657974 11.191656516480931 COG 93
40.44561593 -56.06389173 18.604462963356873 TZA 94
39.5992747 78.27361619 5.3743239114709889 CZE 95
144.1170078 -27.15514933 11.006923884705028 MYS 96
46.91950735 72.04710304 4.23783185708528 SVK 97
43.62111699 -38.15798761 9.4055599638554988 UGA 98
187.6859456 65.72158349 6.6442082198163428 PRK 99
18.89748106 89.13112075 0.97316263828712479 LUX 100
-22.81676862 -0.5379639627 6.4223324680246954 BEN 101
44.93173674 47.07948146 6.9526691021093443 GRC 102
27.74018603 73.14331372 3.8884050369080385 CHE 103
-57.5432492 12.20290586 8.4880413831868076 SEN 104
55.79470259 24.0979925 5.7201718798253314 JOR 105
17.58034139 93.4156009 3.914982317706948 NLD 106
85.45431892 -5.144745875 10.64661481915231 OMN 107
29.07677188 64.56045077 10.505262218673552 ITA 108
157.8354696 3.172877449 9.3126260878911555 LAO 109
79.14518625 45.10708647 3.3004602392946678 ARM 110
15.5769238 73.19175455 0.028385240872726803 MCO 111
82.75473618 3.625455712 5.5333021042866761 ARE 112
53.22964595 30.79679314 1.5092835896515178 PSE 113
65.55411237 100.1935975 12.841917149747891 SWE 114
59.44097995 59.78607762 3.5207540575210716 MDA 115
-12.84473852 72.27608924 13.612976759834263 ESP 116
-10.29642477 -7.619552534 18.393430203769647 NGA 117
42.97798594 53.68087307 3.2447695147537408 ALB 118
40.70044563 -86.0981325 2.521785440438141 SWZ 119
77.95751162 53.37498701 5.0523974578903728 GEO 120
19.29152391 35.53920003 25.385214666124078 LBY 121
176.5113667 -29.97688626 13.019570787693549 PNG 122
48.16848033 81.49946972 10.701152987039785 POL 123
37.15372984 72.57585537 5.5422646197479413 AUT 124
156.60627 9.177765276 0.63585473900906408 HKG 125
68.84029561 91.18273582 4.0698734210711329 EST 126
55.3453852 91.42271667 10.889830355676377 NOR 127
41.46729735 56.844488 2.2491072070557596 MNE 128
72.46348772 31.72767159 12.669964586671146 IRQ 129
-56.90864849 5.196641383 3.6373446189428389 GNB 130
-39.30290501 20.41487526 21.312072863289 MLI 131
99.04290611 65.07071042 31.590503210666249 KAZ 132
