72.63692759 52.31035255 1.7559590738011 UZB 0
69.4241864 30.35013452 1.46069407755915 OMN 1
83.0491874 35.93538943 1.27749391464641 LAO 2
84.91173955 32.11804865 0.200327029880197 BRN 3
65.16517173 47.46855251 0.455349405387274 ARM 4
69.31951033 50.94971665 1.8342051960369 TKM 5
81.27664261 33.3259196 1.88101285209276 THA 6
83.49095572 47.70678206 8.17831674822937 CHN 7
65.97519222 48.3864113 0.771540858947784 AZE 8
69.27625029 32.56045049 0.758425894584022 ARE 9
73.56187771 43.96302289 2.46573198329505 PAK 10
61.50457857 40.74668927 0.200327029880197 PSE 11
87.29340623 21.92936979 0.316744845659016 TLS 12
62.07252472 42.04369574 1.13026586179379 SYR 13
76.34207739 42.75403404 0.517242167014133 BTN 14
79.92661098 37.36548544 2.15913757758868 MMR 15
81.77611193 59.04980518 3.28255262331266 MNG 16
92.59293515 43.93302205 0.830008498627575 KOR 17
76.49486934 41.2388355 1.00829060567002 NPL 18
62.1358334 39.99347765 0.784436585375896 JOR 19
64.59872418 48.87846396 0.69395318776374 GEO 20
75.54570132 52.64256226 1.17380927564405 KGZ 21
84.32596681 39.59666869 0 MAC 22
85.69072817 36.80048573 1.51022312618102 VNM 23
77.79284592 39.69910666 1.00829060567002 BGD 24
61.04520651 40.3796679 0.374777555560862 ISR 25
72.5737977 48.44149449 2.12006200778883 AFG 26
61.12142926 41.01944473 0.271244080705563 LBN 27
64.62648733 34.16931283 3.84902553392579 SAU 28
67.78481704 44.67373707 3.37002226237096 IRN 29
66.13899778 28.62448676 1.90749486158932 YEM 30
83.67971515 30.93355508 1.51022312618102 MYS 31
93.25122938 45.54285262 0.910698810774548 PRK 32
68.95742534 33.55055158 0.283305202566495 QAT 33
84.72763205 39.51810126 0.0817831674822937 HKG 34
66.10629323 39.11522288 0.34697659388187 KWT 35
72.82954061 36.78610132 4.75961171939485 IND 36
84.81923991 34.32405659 1.1183679950726 KHM 37
85.09794674 25.96690355 3.6225419915445 IDN 38
74.79392869 50.61466262 0.991568208982733 TJK 39
64.57767772 40.643283 1.73873399072816 IRQ 40
62.49180889 46.72843714 2.32327540169769 TUR 41
74.17602721 58.19525019 4.3329645231651 KAZ 42
