-79.54206991 9.420402962 5.4112177593872115 ECU 0
-30.80756344 32.12658348 4.162585745945858 SUR 1
-23.6794854 1.783827334 30.011777918051362 BRA 2
-49.3175151 -45.95862856 17.148789956564176 ARG 3
-90.03221945 31.24446651 3.7134148315639344 NIC 4
-100.359015 41.42352022 1.5585495969623204 BLZ 5
-55.17035708 -17.69521664 10.779432063945654 BOL 6
-95.49432754 37.39537256 3.4493794041639858 HND 7
-37.66697655 -27.9848773 6.5591052689396285 PRY 8
-105.2505976 160.7272032 32.497256445753457 CAN 9
-28.96192062 -37.79305289 4.3758251458373021 URY 10
-100.1768104 34.18861049 1.4918012341502951 SLV 11
-118.4550572 44.95299619 14.414250154933546 MEX 12
-87.13876457 24.54272859 2.3248214720880873 CRI 13
-81.66031008 24.10367995 2.8243214135934158 PAN 14
-103.5150388 37.43418354 3.3936874521203024 GTM 15
-54.17366284 34.68567849 9.8453937208227593 VEN 16
-68.08455732 -32.07827845 8.9427291487690415 CHL 17
-72.73815554 -7.777769694 11.659176208262862 PER 18
-109.7730893 95.63676094 31.485464686567518 USA 19
-67.04668387 18.71054866 10.989172304478625 COL 20
-23.99384465 33.5403089 2.9724289122313401 GUF 21
-40.09942848 33.05355821 4.7683463885384132 GUY 22
