14.71761195 45.42512828 4.5526776267791265 HRV 0
64.37420316 41.88661422 12.800566630480661 UZB 1
25.61388558 41.66809583 6.3724454835751505 BGR 2
-12.83030723 24.50954019 9.8701078583206741 ESH 3
10.5592451 2.326499932 3.2051952368216887 GNQ 4
20.25619978 43.70484386 5.6886742187974573 SRB 5
-1.826395153 13.52421336 9.9985374125564945 BFA 6
1.725008566 8.425743731 4.5603519857839236 TGO 7
60.03248349 40.54222766 13.370129438428238 TKM 8
25.33085037 55.97896291 4.8625002969637778 LVA 9
9.773265642 51.42851992 11.436279335159089 DEU 10
100.5263473 15.60393863 13.708525639829128 THA 11
47.45528176 40.77767951 5.6317061854582686 AZE 12
106.0442506 35.43591601 59.624244055997465 CHN 13
12.0361171 -1.553072486 9.901006387181587 GAB 14
70.40185823 30.68161512 17.971892835527065 PAK 15
29.65633032 -2.112772197 3.1057915955951527 RWA 16
37.58314544 35.54209795 8.2352819195243896 SYR 17
30.53285293 -15.43599566 16.602245666982306 ZMB 18
9.700904174 56.10775079 3.9727373069308731 DNK 19
84.86178257 28.80985345 7.3418742401924684 NPL 20
8.118472822 33.94318325 7.7408066349161162 TUN 21
90.36505178 24.38319305 7.3515691515904384 BGD 22
75.85996416 40.36774422 8.5574228086869208 KGZ 23
28.87996901 27.01789165 19.16075246330227 EGY 24
3.212777636 27.71996777 29.534425053208992 DZA 25
8.272904794 16.03602118 21.541181336294471 NER 26
65.41797639 32.93766988 15.455449563713943 AFG 27
47.49118801 15.0223608 13.905448296150741 YEM 28
-7.336944305 38.44738863 5.8074704465109814 PRT 29
25.00656198 0.4646375815 29.304851741309538 COD 30
47.74856087 30.00593269 2.5545139778953314 KWT 31
-6.225785719 35.91235704 0.049164679376643552 GIB 32
104.9773759 12.31485018 8.1425872479937649 KHM 33
120.1408145 -5.306488333 26.410681245322071 IDN 34
70.69309125 38.86264781 7.2393717431424731 TJK 35
-10.69490719 8.377959792 5.1257960764766386 SLE 36
34.83075721 38.75998332 16.940177626341764 TUR 37
28.90850651 52.67116757 8.7195653003162121 BLR 38
20.25053257 46.42526663 5.8369746277505596 HUN 39
21.97864181 41.64016272 3.0687320534447307 MKD 40
114.6711868 4.397401829 1.453036016482347 BRN 41
24.04375048 -29.19421247 21.146848235527195 ZAF 42
18.94584577 13.96921999 21.685216825491182 TCD 43
11.03029988 44.96327934 0.14966318452911395 SMR 44
1.611979406 45.45445622 14.214471604740707 FRA 45
35.9648839 -18.73822091 17.133943665848665 MOZ 46
36.77145974 7.926237093 20.110589591703491 ETH 47
38.24289129 15.29109053 6.5627388980373613 ERI 48
1.645531728 41.6414423 0.41407441383512078 AND 49
17.66593608 44.35787626 4.3306613245573979 BIH 50
18.99092497 -12.96817817 21.367918388391331 AGO 51
25.53189756 63.63247829 11.132986753931805 FIN 52
30.34393453 15.073478 26.282090574320566 SDN 53
90.91549823 26.29419325 3.749839655771483 BTN 54
97.3915115 20.89811225 15.74128351252131 MMR 55
105.196 46.91211712 23.933976599751627 MNG 56
126.9809091 36.81626626 6.0581046968333183 KOR 57
21.95371896 6.858872583 15.104965295379047 CAF 58
34.25784684 31.94433911 2.7580464920412568 ISR 59
114.8558149 22.06670731 0.10993556517815699 MAC 60
105.3526697 16.38217158 11.013729508072137 VNM 61
-4.385732144 32.4352074 12.788400021873175 MAR 62
35.61127154 33.75780517 1.9565236374913348 LBN 63
45.39944037 24.91167204 28.058804141709228 SAU 64
52.03861809 30.96482799 24.568891108590357 IRN 65
42.49031742 11.29402419 2.9149030374888021 DJI 66
23.80776274 55.73762645 4.8903247615768484 LTU 67
99.31661767 60.16156922 79.132880342658851 RUS 68
30.48081248 -19.91272393 11.962848551320587 ZWE 69
-11.3447036 19.85804608 19.428862804347926 MRT 70
23.28080986 -22.56183043 14.599658289365967 BWA 71
50.36565934 26.55537776 2.0599159718334348 QAT 72
-16.72196364 12.67580757 1.9785551345459282 GMB 73
76.49484089 19.8360893 34.699247425117875 IND 74
11.31807487 6.614200901 13.195626536088458 CMR 75
12.39191737 41.35267885 0.012694265629824517 VAT 76
-10.33383822 6.011403703 6.3865025746447772 LBR 77
-1.798968153 8.812326059 9.3466352887464552 GHA 78
26.03114697 45.86194327 9.343859091966177 ROU 79
32.15357662 49.31766423 14.866882024982077 UKR 80
29.91778181 -4.247308785 3.19277815183945 BDI 81
37.3153883 1.621172539 14.579163740507054 KEN 82
-9.094720048 10.60086967 9.4890463466215635 GIN 83
34.50297063 -13.28697952 6.5873576571332961 MWI 84
14.8281951 46.23855515 2.7248352799749322 SVN 85
29.11092844 -29.28908073 3.3342449855370329 LSO 86
-5.798007932 7.95799917 10.867284926928818 CIV 87
49.08380503 10.08918421 15.281808080540799 SOM 88
29.70089628 8.649554099 15.065644083474325 SSD 89
125.0013491 -8.780935746 2.333984953220948 TLS 90
9.978340317 46.83198717 0.24219115234978761 LIE 91
3.358620485 51.33325272 3.3437283629014938 BEL 92
14.93848743 -1.554167769 11.191656516480931 COG 93
34.65296699 -6.436749903 18.604462963356873 TZA 94
14.59007294 48.83900703 5.3743239114709889 CZE 95
112.6952472 3.061413249 11.006923884705028 MYS 96
20.37050311 48.25580524 4.23783185708528 SVK 97
31.93916047 1.73253765 9.4055599638554988 UGA 98
126.3799661 39.89431849 6.6442082198163428 PRK 99
5.434572004 49.97613662 0.97316263828712479 LUX 100
2.905306633 9.774237056 6.4223324680246954 BEN 101
21.21071137 39.25688623 6.9526691021093443 GRC 102
7.629338806 46.42116065 3.8884050369080385 CHE 103
-14.26819123 13.64467272 8.4880413831868076 SEN 104
35.93140935 31.38316438 5.7201718798253314 JOR 105
7.110135347 52.49424427 3.914982317706948 NLD 106
56.63486023 20.31527971 10.64661481915231 OMN 107
12.35839197 43.16202637 10.505262218673552 ITA 108
104.227432 18.47876105 9.3126260878911555 LAO 109
45.56869207 40.84778151 3.3004602392946678 ARM 110
8.087571021 43.6575693 0.028385240872726803 MCO 111
53.56312017 24.75619499 5.5333021042866761 ARE 112
34.73633461 32.03817695 1.5092835896515178 PSE 113
14.71514985 62.75075067 12.841917149747891 SWE 114
29.22792964 47.33018927 3.5207540575210716 MDA 115
-3.978314309 40.81773032 13.612976759834263 ESP 116
8.144496023 10.4616818 18.393430203769647 NGA 117
19.4852901 40.76514702 3.2447695147537408 ALB 118
30.27563891 -26.40716586 2.521785440438141 SWZ 119
43.14028506 41.64008623 5.0523974578903728 GEO 120
17.77932722 25.83476759 25.385214666124078 LBY 121
147.4071154 -5.673726411 13.019570787693549 PNG 122
20.57030571 51.00815175 10.701152987039785 POL 123
13.63521473 47.47712161 5.5422646197479413 AUT 124
113.7955418 22.10097499 0.63585473900906408 HKG 125
24.92008012 58.94657801 4.0698734210711329 EST 126
9.557433555 62.05983924 10.889830355676377 NOR 127
18.93644578 42.50724322 2.2491072070557596 MNE 128
45.16288493 33.34353422 12.669964586671146 IRQ 129
-15.01387278 11.38470671 3.6373446189428389 GNB 130
-2.953060526 17.34415714 21.312072863289 MLI 131
67.74293364 47.6168828 31.590503210666249 KAZ 132
