6.798617422 70.613873680 2.26411339518832 NLD 0
27.285590260 50.886421220 2.63239445055997 HRV 1
39.950953570 56.149265310 5.40218458516284 ROU 2
30.943066650 55.632178000 3.37447388377364 HUN 3
41.292691130 46.244355850 3.68447246179773 BGR 4
36.227696370 44.176225660 1.77406792736699 MKD 5
18.627124470 50.239815970 6.07369716395956 ITA 6
34.909824880 49.066043060 3.28933830160511 SRB 7
4.441864549 56.470677280 8.21821097626951 FRA 8
25.052550480 54.451602560 1.57438273414456 SVN 9
14.873234030 66.955624810 6.6119580530546 DEU 10
29.778145680 46.411697040 2.50352120525556 BIH 11
-10.173375533 49.773583329 7.87062660414133 ESP 12
32.745648500 43.067602480 1.87584153514891 ALB 13
13.037825943 75.678890901 2.29669224057169 DNK 14
5.960828631 66.504559990 1.9325905511182 BEL 15
24.317226030 64.657340380 3.10774448853476 CZE 16
-20.596160903 45.602590795 3.3574183097232 PRT 17
28.354493250 60.836876650 2.4503502520512 SVK 18
32.654333660 68.733051670 6.18717225131887 POL 19
7.636937927 64.655879390 0.563412158865285 LUX 20
22.648008760 58.580796360 3.20404849071803 AUT 21
36.615783050 38.402295760 4.01936895579319 GRC 22
16.578331420 58.282046040 2.2476468974142 CHE 23