73.26094157 51.81263568 1.6274742635229698 UZB 0
69.48972584 30.50087242 1.3538140231036011 OMN 1
84.48551049 38.33093778 1.1840187501600856 LAO 2
84.90052319 32.09866566 0.18566895452310958 BRN 3
66.21543056 46.71065901 0.42203115621259546 ARM 4
70.16222962 50.51313838 1.699995059741517 TKM 5
82.46211349 34.71826152 1.743377765354261 THA 6
83.61034066 47.33718433 7.5799033276272221 CHN 7
67.10907443 47.40973628 0.71508664975648273 AZE 8
69.0698437 32.51115729 0.70293131693153232 ARE 9
74.29612448 44.15219344 2.2853125698832177 PAK 10
61.50013308 40.73652659 0.18566895452310958 PSE 11
87.29340623 21.92936979 0.29356839353762415 TLS 12
62.28847034 41.76726546 1.0475634816625328 SYR 13
76.83417654 42.9736407 0.47939517918383051 BTN 14
80.96483642 38.15041163 2.0011519011797541 MMR 15
81.20275255 57.72586693 3.0423658459971032 MNG 16
91.45721852 44.33100054 0.76927616945970356 KOR 17
77.44228176 41.4947336 0.93451324427952775 NPL 18
62.05507813 40.01206666 0.72703878644595221 JOR 19
65.78176814 47.68361417 0.64317612524444223 GEO 20
75.9063631 52.57413597 1.0879207920603362 KGZ 21
84.32596681 39.59666869 0 MAC 22
86.98854929 37.70056178 1.3997189949970463 VNM 23
78.84275416 40.21047299 0.93451324427952775 BGD 24
61.06473124 40.42871384 0.34735480759299403 ISR 25
73.13057449 48.23030815 1.9649355194140361 AFG 26
61.16747307 41.01884587 0.25139695284905833 LBN 27
65.70745251 35.14374389 3.5673895192482963 SAU 28
68.90084179 44.02463511 3.1234352675633259 IRN 29
66.13899778 28.62448676 1.7679220668388862 YEM 30
83.36636767 31.69930803 1.3997189949970463 MYS 31
91.94798931 45.8668473 0.84406231242519092 PRK 32
69.20999107 33.59433112 0.26257555359821499 QAT 33
84.65482131 39.67031371 0.075799033276272229 HKG 34
66.08342961 39.13562745 0.32158806262222112 KWT 35
73.92983566 37.48025669 4.4113474472440064 IND 36
85.05225894 35.72252935 1.0365361905550903 KHM 37
85.09794674 25.96690355 3.3574779433827091 IDN 38
75.23446413 50.20283549 0.91901443759375256 TJK 39
65.04042373 41.13008734 1.6115095523821987 IRQ 40
63.87828939 45.64272173 2.1532796405978627 TUR 41
74.16522979 57.37232875 4.0159183385432664 KAZ 42
