4.974308766 69.08968053 2.4509577044999773 NLD 0
25.80300393 50.80143372 2.849630885800353 HRV 1
39.18037155 56.84860497 5.8479959344238495 ROU 2
29.17370709 56.02496974 3.6529498838908854 HUN 3
40.7118971 46.67234199 3.9885308688392893 BGR 4
35.64393503 44.5213615 1.9204715912759185 MKD 5
17.24931791 48.32432253 6.5749245998202985 ITA 6
32.93779 49.70162461 3.5607885497958192 SRB 7
2.606497545 54.42625163 8.8964128529519488 FRA 8
23.37992423 54.21092032 1.7043075228846432 SVN 9
13.81567378 67.89146305 7.1576050768503672 DEU 10
28.27127831 46.32720366 2.7101224697669384 BIH 11
-15.95967985 47.72474403 8.5201443336093003 ESP 12
32.07365182 43.87206978 2.0306439919330481 ALB 13
12.4927572 77.79724521 2.4862250953761547 DNK 14
4.057380957 64.72398183 2.092076179123104 BEL 15
23.10850863 64.96103918 3.3642088395303458 CZE 16
-29.37661591 45.10438041 3.6344868110110329 PRT 17
27.85788041 61.73185759 2.6525636223661051 SVK 18
28.96255143 72.17113145 6.6977641361364446 POL 19
6.532724287 63.0537636 0.60990733702407007 LUX 20
21.62461852 58.84045446 3.4684602593695137 AUT 21
36.18355817 38.75466426 4.3510644521450539 GRC 22
15.10125909 57.26820457 2.4331323209872111 CHE 23
