35.40819331 64.6591952 2.8615370866238208 HRV 0
100.4360697 47.14600834 8.0456599710605445 UZB 1
47.72703369 57.2523991 4.0053328126022913 BGR 2
-54.35214395 45.41565408 6.203751286809938 ESH 3
-13.61270879 -31.40688747 2.014591366207501 GNQ 4
40.73789795 59.90695405 3.5755556587313491 SRB 5
-30.98608863 1.46243054 6.2844743167698622 BFA 6
-22.53969143 -9.074716761 2.8663607233292003 TGO 7
85.66701632 49.85875021 8.4036526144484398 TKM 8
54.1912489 98.86926461 3.0562728297819453 LVA 9
22.12071531 90.11311974 7.1881517061640654 DEU 10
142.0333845 0.6206703376 8.6163479466602961 THA 11
77.47963187 57.05859481 3.539749007455792 AZE 12
151.6706664 59.754551 37.476184262326683 CHN 13
-14.77042382 -39.82322259 6.2231722283977087 GAB 14
117.3613851 16.51030471 11.296042039785883 PAK 15
40.44892102 -36.33090123 1.9521122650644627 RWA 16
56.4731265 36.80355457 5.1761988358032571 SYR 17
30.52697017 -63.577555 10.43516488359837 ZMB 18
15.65458891 103.736442 2.4970217685365359 DNK 19
126.467925 28.04984808 4.6146569438746017 NPL 20
1.380884567 55.25918836 4.8654016563582276 TUN 21
130.8356217 11.07295506 4.6207505772901625 BGD 22
112.5603438 60.6645616 5.3786770644470705 KGZ 23
38.32218506 26.59826937 12.04328711061145 EGY 24
-15.95059841 42.65437611 18.563548652062174 DZA 25
-17.36950291 13.38238362 13.539480353478149 NER 26
110.4700032 34.41083892 9.7143583935900431 AFG 27
75.86475808 -6.518409321 8.7401215872418803 YEM 28
-36.36413758 61.7439978 3.6502237637941177 PRT 29
20.56093699 -39.19536673 18.419252789285672 COD 30
70.78426815 29.7675427 1.6056125834716548 KWT 31
-28.31362673 59.93491296 0.030901936161855173 GIB 32
154.646964 2.278102292 5.1179365861862234 KHM 33
160.7073678 -28.74823689 16.600152714954323 IDN 34
110.9768051 51.74016205 4.5502300898722856 TJK 35
-49.51699204 -7.363786687 3.2217645908053609 SLE 36
60.47514249 53.20169811 10.64756842141413 TUR 37
55.78716178 91.24137968 5.4805900025355632 BLR 38
38.71946629 71.56737015 3.6687683030188847 HUN 39
42.68570695 55.26995944 1.928818884120256 MKD 40
148.8097219 -4.864595945 0.91329032938929411 BRN 41
29.18344314 -95.50313949 13.291626478279163 ZAF 42
6.810145585 7.860264481 13.630012327827052 TCD 43
15.17903181 73.46301001 0.094069202377342315 SMR 44
5.521193153 82.09262854 8.9343549001740286 FRA 45
57.82824287 -73.28413777 10.7693580040799 MOZ 46
59.51922267 -21.75608179 12.640297132402791 ETH 47
62.24062373 -6.695480406 4.1249397137412886 ERI 48
-11.83131187 74.05161943 0.26026206750102998 AND 49
34.99840093 59.57865277 2.7219911018816467 BIH 50
-1.686025408 -58.52442207 13.430577770908654 AGO 51
67.70573223 100.9451753 6.9975203809468365 FIN 52
33.45916881 0.9818007613 16.519328416765436 SDN 53
130.9192355 23.09137302 2.3569218212962175 BTN 54
142.4148901 17.51391028 9.8940162811411714 MMR 55
172.3915868 102.9891607 15.043446359506245 MNG 56
186.7728154 73.47103649 3.8077572553501451 KOR 57
9.428012431 -16.2748343 9.4940652355111013 CAF 58
48.50823324 33.97470034 1.7335407798667928 ISR 59
153.1121514 24.53708979 0.069098829894267105 MAC 60
163.3038022 9.05086158 6.9225625078330566 VNM 61
-38.63601635 51.31881604 8.0380127786601907 MAR 62
47.50142026 37.0378354 1.2297521169972385 LBN 63
62.0688962 13.37699284 17.636062827189139 SAU 64
88.34528899 28.25569961 15.442515119216102 IRN 65
66.49452839 -10.42376672 1.8321312927196423 DJI 66
47.94109482 88.83654653 3.0737616009915341 LTU 67
117.81942 133.1676725 49.73813004899354 RUS 68
37.48683748 -78.41634463 7.5191211848412927 ZWE 69
-62.57170104 27.27983671 12.211805013064447 MRT 70
15.45168052 -74.02495718 9.1764598928151706 BWA 71
78.86584854 9.314027143 1.2947382687625775 QAT 72
-64.48731004 6.293358751 1.2435997800790115 GMB 73
118.2343682 -13.69945899 21.809842805662846 IND 74
-4.257491657 -25.85246628 8.2939706717096016 CMR 75
16.09220609 60.83218143 0.0079788456080286552 VAT 76
-46.20333401 -13.92564761 4.0141682476414831 LBR 77
-30.21053031 -11.27249071 5.8747281724000917 GHA 78
46.61659576 66.2185741 5.8729832234496548 ROU 79
54.30315694 77.78968822 9.3444205288579756 UKR 80
39.36839918 -39.7795485 2.0067867395466026 BDI 81
62.66383464 -41.41019989 9.1635782621702848 KEN 82
-49.91130752 1.016247954 5.9642391277240385 GIN 83
46.25948745 -66.04640017 4.1404135728534062 MWI 84
31.09663418 71.55769444 1.7126662258547731 SVN 85
45.920135 -80.8488098 2.0957042128093146 LSO 86
-40.46418869 -5.852013329 6.8305163243713096 CIV 87
79.79804333 -22.8303237 9.6052178867038016 SOM 88
39.33744758 -22.00269376 9.4693503061046105 SSD 89
176.6291609 -24.41314625 1.4670014112087997 TLS 90
24.03546489 76.88720344 0.15222667215103919 LIE 91
8.508828994 92.71653985 2.1016648887586133 BEL 92
-2.668190213 -39.7547217 7.034396636012695 COG 93
45.90313043 -50.44331928 11.693637263754326 TZA 94
31.2104492 81.82595125 3.3779741174170201 CZE 95
146.1797451 -12.94072132 6.9182849056703137 MYS 96
38.53216349 77.34500203 2.6636441277096723 SVK 97
47.17334477 -33.65470051 5.9117646500434855 UGA 98
180.8504217 84.13287294 4.1761463891978092 PRK 99
10.37285169 91.08541726 0.61167102287130437 LUX 100
-22.56936573 -2.772341294 4.0366887459331542 BEN 101
41.24333107 48.81352824 4.3700261950646242 GRC 102
20.31147036 75.82081312 2.4440156174200909 CHE 103
-58.49787031 6.73180168 5.3350681075941653 SEN 104
52.17874244 30.045235 3.5953531784685278 JOR 105
9.255827291 96.81386648 2.4607204845120085 NLD 106
85.88257355 3.51494783 6.6918164758255898 OMN 107
22.48584288 67.14087679 6.60297080263725 ITA 108
156.7608079 18.70533641 5.8533520510245216 LAO 109
74.25376079 52.78739927 2.0744691699927422 ARM 110
8.747875812 74.5844289 0.017841241161527712 MCO 111
82.24594877 12.06294973 3.4778981691510249 ARE 112
49.91217873 35.98069659 0.94864414308992251 PSE 113
55.84092546 108.8927718 8.0716504000200491 SWE 114
53.9708501 65.58604762 2.2129325057450684 MDA 115
-19.88204147 70.45754321 8.5562917146788315 ESP 116
-9.383388933 -8.467392844 11.560994867881758 NGA 117
39.19684658 54.2949916 2.0394653575731141 ALB 118
49.18069121 -81.66037994 1.5850414094500571 SWZ 119
72.24981524 60.83858929 3.1756306699768504 GEO 120
15.09754961 37.27051085 15.955606606482256 LBY 121
178.6223084 -12.20439389 8.1833127041034572 PNG 122
39.5037202 85.86306818 6.726095861022678 POL 123
29.18488992 75.89884137 3.4835314628924903 AUT 124
154.9075046 24.7673209 0.39965973138036587 HKG 125
59.33024966 98.50748461 2.558075639653592 EST 126
45.25787454 97.48443034 6.8446870137510043 NOR 127
36.6867834 56.20188549 1.4136524068663683 MNE 128
68.39011427 38.16847092 7.9635714458920726 IRQ 129
-57.28722841 -0.5071438889 2.2862142627261157 GNB 130
-41.73493581 16.68399634 13.395476660243068 MLI 131
93.97845385 74.28045036 19.855874703428899 KAZ 132
