4.907417629 4.957490865 0.3627304788006380 ECU 0
8.489446450 6.705060232 0.2790308554957581 SUR 1
8.765882794 4.441751135 2.0117812769571479 BRA 2
6.411156055 1.136005182 1.1495358472693453 ARG 3
4.564798395 6.611995214 0.2489215551345898 NIC 4
3.836810279 7.244354509 0.1044743469360406 BLZ 5
6.457734985 2.999155934 0.7225783044807205 BOL 6
4.175952818 6.89454563 0.2312224527772755 HND 7
7.423101930 2.356142143 0.4396768898422024 PRY 8
3.924007933 14.816612555 2.1783905055061363 CAN 9
7.762014433 1.642478421 0.2933249447490692 URY 10
3.882409262 6.73899009 0.1000000000000000 SLV 11
2.649312614 7.612330306 0.9662312796747059 MEX 12
4.651717889 6.217175172 0.1558398946768710 CRI 13
4.985132239 6.131098856 0.1893229036777206 PAN 14
3.650624396 6.970442383 0.2274892508755214 GTM 15
6.938948818 6.413437955 0.6599668572087285 VEN 16
5.259245522 2.455569741 0.5994584897808212 CHL 17
5.230680607 3.864858715 0.7815502455260893 PER 18
3.534542081 10.546573225 2.1105670089152988 USA 19
5.770289207 5.637234657 0.7366378343786404 COL 20
8.966634016 6.696182289 0.1992510023578561 GUF 21
7.899332113 6.606460599 0.3196368443316354 GUY 22