59.82810351 36.72810577 2.0557569644500666 UZB 0
53.66060136 12.29297566 1.710080871288759 OMN 1
77.38291427 16.83465317 1.4956026317811606 LAO 2
78.2988862 8.754793331 0.23452920571340155 BRN 3
47.55922467 31.79147422 0.53309198679485736 ARM 4
55.97333599 35.92450233 2.1473621807261263 TKM 5
74.68088029 13.42005515 2.2021613878159085 THA 6
75.33174575 29.60121541 9.5746147296343835 CHN 7
48.7199975 32.43471756 0.90326734706082012 AZE 8
52.83390598 15.08842654 0.88791324243983027 ARE 9
61.97602797 27.19532732 2.8867106145893273 PAK 10
43.88503315 25.62766743 0.23452920571340155 PSE 11
85.52499884 -2.044135569 0.37082323394226197 TLS 12
44.62746121 26.86999361 1.3232380821000413 SYR 13
67.51569859 23.90139618 0.60555180528483843 BTN 14
73.0948229 18.19165378 2.5277708225428466 MMR 15
73.64780571 46.41029491 3.8429884370489713 MNG 16
89.95068361 25.38417672 0.97171726668594127 KOR 17
67.68833061 22.24071076 1.1804377822478243 NPL 18
44.67153062 24.68810563 0.9183647828790974 JOR 19
46.92671912 33.34372384 0.81243300030876908 GEO 20
64.3488684 36.52695118 1.374215737339372 KGZ 21
83.21863081 19.91706164 0 MAC 22
79.95806353 15.12368335 1.7680660989436372 VNM 23
70.48686904 20.48670878 1.1804377822478243 BGD 24
43.39646159 25.09495992 0.43876396748588703 ISR 25
59.06959988 31.73154881 2.482023813996677 AFG 26
43.30008646 25.90829836 0.31755404570407358 LBN 27
47.98439725 18.25181064 4.5061762348399528 SAU 28
52.9998799 29.15035563 3.9453919169220955 IRN 29
49.16506735 10.65105174 2.2331647160070136 YEM 30
76.33062095 8.271277953 1.7680660989436372 MYS 31
89.56089226 27.95964649 1.0661839735897147 PRK 32
53.89322838 16.15249901 0.33167438349248202 QAT 33
86.02992893 22.1155876 0.095746147296343842 HKG 34
49.40510264 24.36618556 0.40621650015438454 KWT 35
62.9797316 16.8819419 5.5722283544134807 IND 36
77.88779759 13.04742216 1.3093088722801136 KHM 37
81.47163648 2.502906233 4.2410247705886848 IDN 38
62.4286913 34.83923912 1.1608603422236872 TJK 39
47.79409917 27.02672756 2.0355910135354089 IRQ 40
44.16105752 31.1039444 2.7199321775973 TUR 41
62.51938002 43.05932345 5.0727389539493881 KAZ 42
