81.05370967 38.27068175 1.6274742635229698 UZB 0
73.78305397 18.08727112 1.3538140231036011 OMN 1
89.85792689 23.15520332 1.1840187501600856 LAO 2
89.18577959 16.85877844 0.18566895452310958 BRN 3
71.66216515 33.63154398 0.42203115621259546 ARM 4
76.9584954 37.70107913 1.699995059741517 TKM 5
87.13865141 20.66509564 1.743377765354261 THA 6
90.61894034 33.25202559 7.5799033276272221 CHN 7
72.5883303 34.29121077 0.71508664975648273 AZE 8
73.51887642 20.13495195 0.70293131693153232 ARE 9
80.99608126 31.06828918 2.2853125698832177 PAK 10
68.16008875 29.18026896 0.18566895452310958 PSE 11
89.77605564 6.425895197 0.29356839353762415 TLS 12
69.02524428 30.13983161 1.0475634816625328 SYR 13
82.97295448 29.11072148 0.47939517918383051 BTN 14
86.92947571 24.40876407 2.0011519011797541 MMR 15
87.6930969 43.52916167 3.0423658459971032 MNG 16
97.31676513 27.87737034 0.76927616945970356 KOR 17
83.60655924 27.84285628 0.93451324427952775 NPL 18
68.76652077 28.30575645 0.72703878644595221 JOR 19
71.39876042 34.94704287 0.64317612524444223 GEO 20
83.7736386 38.60281306 1.0879207920603362 KGZ 21
89.92331886 24.34258769 0 MAC 22
92.19814492 22.05403192 1.3997189949970463 VNM 23
85.12140821 26.74546961 0.93451324427952775 BGD 24
67.64142498 29.05744573 0.34735480759299403 ISR 25
79.48014473 35.03935353 1.9649355194140361 AFG 26
67.48830863 29.63920042 0.25139695284905833 LBN 27
70.44434265 23.16419571 3.5673895192482963 SAU 28
75.56367967 31.78789782 3.1234352675633259 IRN 29
70.10562991 16.69673103 1.7679220668388862 YEM 30
87.60480671 16.73418157 1.3997189949970463 MYS 31
98.29244696 29.65962932 0.84406231242519092 PRK 32
73.68750773 21.08567479 0.26257555359821499 QAT 33
90.25996726 24.35797344 0.075799033276272229 HKG 34
71.83394796 26.89465638 0.32158806262222112 KWT 35
80.57862009 23.4358422 4.4113474472440064 IND 36
89.90422293 20.35971038 1.0365361905550903 KHM 37
88.31252518 10.78491752 3.3574779433827091 IDN 38
82.69207954 36.31824676 0.91901443759375256 TJK 39
71.54361484 29.28616307 1.6115095523821987 IRQ 40
69.10183479 33.34371591 2.1532796405978627 TUR 41
80.62136595 43.89888955 4.0159183385432664 KAZ 42
