17.66969286 43.0396726 2.8615370866238203 HRV 0
60.33851235 40.37254041 8.0456599710605428 UZB 1
26.95632266 41.40553288 4.0053328126022905 BGR 2
-13.46474698 28.74045984 6.2037512868099371 ESH 3
10.28711078 2.000062055 2.014591366207501 GNQ 4
23.3411369 42.56711009 3.5755556587313486 SRB 5
-2.378974898 12.29803955 6.2844743167698613 BFA 6
0.7283172531 5.844188071 2.8663607233291999 TGO 7
54.01649818 42.45667647 8.403652614448438 TKM 8
28.65513203 58.47706379 3.0562728297819448 LVA 9
10.9969817 50.91007909 7.1881517061640636 DEU 10
99.64998744 9.360698351 8.6163479466602961 THA 11
47.21198881 39.1693742 3.5397490074557925 AZE 12
108.5890903 31.20126916 37.476184262326676 CHN 13
10.74995563 -1.555315173 6.2231722283977078 GAB 14
71.34513369 28.92013288 11.296042039785883 PAK 15
34.14941968 -3.103967324 1.9521122650644622 RWA 16
37.88685888 33.92922053 5.1761988358032553 SYR 17
31.36489832 -14.5197365 10.435164883598368 ZMB 18
11.50215077 56.31322833 2.4970217685365359 DNK 19
83.01596631 26.28466027 4.6146569438746008 NPL 20
10.94566214 37.23051041 4.8654016563582276 TUN 21
91.54758758 19.50892864 4.6207505772901625 BGD 22
73.5742771 40.7524498 5.3786770644470714 KGZ 23
29.26694315 28.81751572 12.043287110611452 EGY 24
3.465489591 31.68450861 18.56354865206217 DZA 25
8.87185681 19.63277473 13.539480353478147 NER 26
63.44827643 31.56015588 9.7143583935900413 AFG 27
48.2610237 13.45091577 8.7401215872418785 YEM 28
-9.735304539 39.45700726 3.6502237637941173 PRT 29
25.98756431 -3.271180802 18.419252789285672 COD 30
45.71079822 30.93059293 1.6056125834716548 KWT 31
-7.870259071 35.33993815 0.030901936161855166 GIB 32
105.4135087 7.062892761 5.1179365861862225 KHM 33
123.1891518 -5.737706293 16.600152714954319 IDN 34
71.21345972 37.52019952 4.5502300898722847 TJK 35
-14.52431241 7.038817012 3.2217645908053605 SLE 36
33.49617243 38.73407776 10.647568421414128 TUR 37
29.68674439 52.86710484 5.4805900025355623 BLR 38
21.31370763 46.63030909 3.6687683030188847 HUN 39
23.49018512 40.26489077 1.9288188841202558 MKD 40
115.1851157 0.8426831258 0.91329032938929411 BRN 41
20.71621066 -30.7662214 13.291626478279163 ZAF 42
19.24642757 16.59488291 13.63001232782705 TCD 43
10.3133641 46.62363774 0.094069202377342287 SMR 44
1.362673678 45.61413787 8.9343549001740286 FRA 45
38.02508692 -19.65765074 10.7693580040799 MOZ 46
39.54230518 8.487510029 12.640297132402788 ETH 47
41.34806921 14.94947677 4.1249397137412878 ERI 48
1.643204333 41.91260597 0.26026206750102998 AND 49
19.78266545 42.18684036 2.7219911018816463 BIH 50
18.82111853 -13.88822356 13.430577770908654 AGO 51
32.85508056 66.41313349 6.9975203809468356 FIN 52
30.92772391 17.21215419 16.519328416765436 SDN 53
88.48654861 25.73153221 2.3569218212962175 BTN 54
97.01246467 16.21934626 9.8940162811411696 MMR 55
102.6427554 51.10196766 15.043446359506243 MNG 56
125.7228631 36.74707968 3.8077572553501451 KOR 57
21.03520766 7.442223942 9.4940652355110995 CAF 58
35.38360919 30.76792681 1.7335407798667928 ISR 59
114.508693 16.61846311 0.069098829894267105 MAC 60
108.3820457 10.869339 6.9225625078330557 VNM 61
-7.12243651 32.04613833 8.0380127786601907 MAR 62
35.98842383 31.8581211 1.2297521169972385 LBN 63
42.93826998 23.43691678 17.636062827189136 SAU 64
52.35749488 33.19759356 15.4425151192161 IRN 65
44.85989849 10.90688103 1.832131292719642 DJI 66
27.89484356 56.16755738 3.0737616009915345 LTU 67
77.38149329 73.78052386 49.738130048993526 RUS 68
29.86967704 -21.5129215 7.5191211848412927 ZWE 69
-13.52657671 21.47193208 12.211805013064447 MRT 70
22.52021012 -22.01729006 9.1764598928151688 BWA 71
52.89518263 23.35407317 1.2947382687625772 QAT 72
-20.3317823 13.76658405 1.2435997800790115 GMB 73
78.23672319 17.0122974 21.809842805662843 IND 74
13.77106028 5.655736964 8.2939706717095998 CMR 75
11.30784219 39.17047558 0.0079788456080286535 VAT 76
-11.74028961 5.108835885 4.0141682476414822 LBR 77
-2.759389696 5.896672673 5.8747281724000926 GHA 78
25.76548452 45.47573351 5.872983223449654 ROU 79
32.62378577 47.81052043 9.344420528857972 UKR 80
33.9966909 -4.794105441 2.0067867395466026 BDI 81
41.80250272 0.1386395611 9.1635782621702848 KEN 82
-12.07387681 11.20306438 5.9642391277240385 GIN 83
37.09113642 -13.8238591 4.1404135728534062 MWI 84
15.97501761 46.37469499 1.7126662258547729 SVN 85
27.09452068 -31.07374663 2.0957042128093142 LSO 86
-7.695140644 7.248291373 6.8305163243713087 CIV 87
52.6685663 7.622584146 9.6052178867038016 SOM 88
29.32267434 7.186045808 9.4693503061046087 SSD 89
128.4532754 -10.64007728 1.4670014112087995 TLS 90
11.19605819 47.94525482 0.15222667215103919 LIE 91
2.802260209 49.96290091 2.1016648887586129 BEL 92
15.97412225 -1.879265038 7.0343966360126942 COG 93
39.13530037 -7.726573135 11.693637263754326 TZA 94
15.47483008 51.3472566 3.3779741174170201 CZE 95
110.7949191 -1.237571371 6.918284905670312 MYS 96
20.7387601 49.43912298 2.6636441277096723 SVK 97
35.23186036 0.1456895127 5.9117646500434855 UGA 98
120.7978741 42.74129634 4.1761463891978083 PRK 99
4.948654825 48.35885152 0.61167102287130426 LUX 100
1.141562775 8.536203702 4.0366887459331542 BEN 101
23.93202512 37.11385962 4.3700261950646242 GRC 102
9.113056322 46.6389854 2.4440156174200904 CHE 103
-15.53637459 14.79598471 5.3350681075941644 SEN 104
37.25160618 29.76571031 3.5953531784685269 JOR 105
5.342609527 51.83267121 2.4607204845120081 NLD 106
59.24660465 17.23058183 6.6918164758255889 OMN 107
12.06334437 41.67750613 6.6029708026372491 ITA 108
103.9253438 14.20772152 5.8533520510245216 LAO 109
45.00068094 38.67586369 2.0744691699927422 ARM 110
8.868302749 42.41877305 0.017841241161527712 MCO 111
55.36672391 23.07800159 3.477898169151024 ARE 112
37.01705715 31.56075743 0.9486441430899224 PSE 113
27.80195859 63.27918136 8.0716504000200491 SWE 114
28.90299116 44.89121152 2.2129325057450684 MDA 115
-4.666880709 40.53475956 8.5562917146788298 ESP 116
7.15118232 9.923069585 11.560994867881757 NGA 117
21.9323562 39.1871486 2.0394653575731141 ALB 118
31.77567042 -27.74695666 1.5850414094500569 SWZ 119
43.34631181 41.13250377 3.1756306699768504 GEO 120
17.05506512 28.14407268 15.955606606482256 LBY 121
147.8720109 -7.703154409 8.1833127041034555 PNG 122
24.46585395 54.32306066 6.7260958610226771 POL 123
14.64105101 48.73639957 3.4835314628924898 AUT 124
116.117386 17.25270171 0.39965973138036581 HKG 125
30.9495283 60.08709027 2.558075639653592 EST 126
22.53705285 60.59006119 6.8446870137510034 NOR 127
21.49786156 41.21118342 1.4136524068663681 MNE 128
43.31228971 35.04253275 7.9635714458920717 IRQ 129
-16.48263806 11.5092515 2.2862142627261157 GNB 130
-3.506414901 20.03112455 13.395476660243069 MLI 131
60.61886307 51.95754957 19.855874703428896 KAZ 132
