72.63839742 52.29870504 1.7559590738011 UZB 0
67.01390045 31.47056642 1.46069407755915 OMN 1
83.04427482 35.85750404 1.27749391464641 LAO 2
84.92316075 32.09521006 0.200327029880197 BRN 3
65.15912071 47.62686846 0.455349405387274 ARM 4
69.36433961 50.85994007 1.8342051960369 TKM 5
81.19548008 33.2968124 1.88101285209276 THA 6
83.5226163 47.66995781 8.17831674822937 CHN 7
66.09827779 48.41054082 0.771540858947784 AZE 8
67.56304686 33.61839956 0.758425894584022 ARE 9
73.58645289 43.98222517 2.46573198329505 PAK 10
61.61401647 41.20811515 0.200327029880197 PSE 11
90.61646069 25.20105447 0.316744845659016 TLS 12
62.38545073 42.30081762 1.13026586179379 SYR 13
76.29195496 42.74264652 0.517242167014133 BTN 14
80.00533428 37.45977445 2.15913757758868 MMR 15
83.49177965 59.14772083 3.28255262331266 MNG 16
92.6482864 47.97255758 0.830008498627575 KOR 17
76.47886893 41.23461805 1.00829060567002 NPL 18
62.1786517 40.40444242 0.784436585375896 JOR 19
64.70081263 48.8316375 0.69395318776374 GEO 20
75.54570132 52.64256226 1.17380927564405 KGZ 21
88.02280519 40.86949584 0 MAC 22
85.81861774 35.76716399 1.51022312618102 VNM 23
77.75853768 39.67984404 1.00829060567002 BGD 24
61.12945352 40.89927953 0.374777555560862 ISR 25
72.54243133 48.43898908 2.12006200778883 AFG 26
61.21771078 41.53670462 0.271244080705563 LBN 27
63.20384176 35.14738214 3.84902553392579 SAU 28
67.81543466 44.661233 3.37002226237096 IRN 29
64.29210447 29.5044554 1.90749486158932 YEM 30
83.65916156 30.94383187 1.51022312618102 MYS 31
92.3618509 49.6896498 0.910698810774548 PRK 32
67.32006912 35.47687068 0.283305202566495 QAT 33
88.3150943 40.98580525 0.0817831674822937 HKG 34
66.14997623 39.06997778 0.34697659388187 KWT 35
72.76996379 36.83313288 4.75961171939485 IND 36
84.15088948 33.73455507 1.1183679950726 KHM 37
87.32691478 27.35393047 3.6225419915445 IDN 38
74.79563723 50.61316453 0.991568208982733 TJK 39
64.69284003 40.61644704 1.73873399072816 IRQ 40
62.52711299 46.74010451 2.32327540169769 TUR 41
74.57823161 58.04525436 4.3329645231651 KAZ 42
