1.396355026 16.19454446 5.4112177593872115 ECU 0
53.06161904 42.64693494 4.162585745945858 SUR 1
64.05246425 10.23325566 30.011777918051362 BRA 2
38.13674042 -43.93671481 17.148789956564176 ARG 3
-12.89471279 35.2120771 3.7134148315639344 NIC 4
-25.85905077 45.48076686 1.5585495969623204 BLZ 5
31.5393782 -14.30461037 10.779432063945654 BOL 6
-19.49603236 39.86662121 3.4493794041639858 HND 7
51.01157072 -23.91938959 6.5591052689396285 PRY 8
-34.69455211 173.361855 32.497256445753457 CAN 9
61.43710486 -33.24892345 4.3758251458373021 URY 10
-23.86118189 36.63944447 1.4918012341502951 SLV 11
-45.80874758 47.17334089 14.414250154933546 MEX 12
-8.08710451 29.32484741 2.3248214720880873 CRI 13
-1.613586583 29.81625142 2.8243214135934158 PAN 14
-28.09717076 40.71380449 3.3936874521203024 GTM 15
27.92941177 43.54288639 9.8453937208227593 VEN 16
17.40828917 -28.05827823 8.9427291487690415 CHL 17
12.55529838 -2.26693523 11.659176208262862 PER 18
-46.83669532 94.78343307 31.485464686567518 USA 19
15.61550228 26.41831337 10.989172304478625 COL 20
60.52335139 43.00153019 2.9724289122313401 GUF 21
42.64134781 42.47601742 4.7683463885384132 GUY 22
