81.03283235 38.291468 2.0557569644500666 UZB 0
73.78119797 18.08563831 1.710080871288759 OMN 1
89.85423136 23.15752306 1.4956026317811606 LAO 2
89.17530416 16.85869172 0.23452920571340155 BRN 3
71.62122501 33.61800904 0.53309198679485736 ARM 4
76.91035097 37.72109536 2.1473621807261263 TKM 5
87.11557236 20.6730942 2.2021613878159085 THA 6
90.6358493 33.27959089 9.5746147296343835 CHN 7
72.55034166 34.2770616 0.90326734706082012 AZE 8
73.51033994 20.13066261 0.88791324243983027 ARE 9
80.99503363 31.06491718 2.8867106145893273 PAK 10
68.14529857 29.17380092 0.23452920571340155 PSE 11
89.77111181 6.422473273 0.37082323394226197 TLS 12
68.98304434 30.11746919 1.3232380821000413 SYR 13
82.96762449 29.11919091 0.60555180528483843 BTN 14
86.91893422 24.42051426 2.5277708225428466 MMR 15
87.64986303 43.50973247 3.8429884370489713 MNG 16
97.30038979 27.88108956 0.97171726668594127 KOR 17
83.59649379 27.84984456 1.1804377822478243 NPL 18
68.75008176 28.29301342 0.9183647828790974 JOR 19
71.35778151 34.93641354 0.81243300030876908 GEO 20
83.76344847 38.59821948 1.374215737339372 KGZ 21
89.92331886 24.34258769 0 MAC 22
92.2004714 22.05014144 1.7680660989436372 VNM 23
85.11032477 26.74291565 1.1804377822478243 BGD 24
67.62526535 29.05007671 0.43876396748588703 ISR 25
79.48303484 35.04372995 2.482023813996677 AFG 26
67.48113122 29.63562209 0.31755404570407358 LBN 27
70.44147275 23.14074691 4.5061762348399528 SAU 28
75.55023903 31.80667357 3.9453919169220955 IRN 29
70.09341345 16.69576891 2.2331647160070136 YEM 30
87.59092771 16.73164697 1.7680660989436372 MYS 31
98.27289268 29.66246573 1.0661839735897147 PRK 32
73.68585236 21.08336048 0.33167438349248202 QAT 33
90.25911606 24.35498905 0.095746147296343842 HKG 34
71.82956269 26.89427272 0.40621650015438454 KWT 35
80.57066873 23.42850926 5.5722283544134807 IND 36
89.89116264 20.35451207 1.3093088722801136 KHM 37
88.30471812 10.77405149 4.2410247705886848 IDN 38
82.67271023 36.31279182 1.1608603422236872 TJK 39
71.51820463 29.30084106 2.0355910135354089 IRQ 40
69.0587839 33.32399443 2.7199321775973 TUR 41
80.58566915 43.93457177 5.0727389539493881 KAZ 42
