37.0746599 61.62884159 4.5526776267791265 HRV 0
102.9761831 37.69377055 12.800566630480661 UZB 1
52.23151288 55.47070716 6.3724454835751505 BGR 2
-48.58262882 49.8005009 9.8701078583206741 ESH 3
-16.20904966 -29.85363368 3.2051952368216887 GNQ 4
46.34687855 58.81172291 5.6886742187974573 SRB 5
-31.15005502 5.203251007 9.9985374125564945 BFA 6
-23.0065519 -6.586183188 4.5603519857839236 TGO 7
89.38208342 43.13511238 13.370129438428238 TKM 8
64.1438866 90.19893106 4.8625002969637778 LVA 9
31.20133381 87.3164175 11.436279335159089 DEU 10
141.8463762 -13.71234466 13.708525639829128 THA 11
81.74178263 50.54746688 5.6317061854582686 AZE 12
155.8822675 42.88877218 59.624244055997465 CHN 13
-17.30072957 -37.20080632 9.901006387181587 GAB 14
117.2790003 6.445694422 17.971892835527065 PAK 15
36.09297208 -39.20720999 3.1057915955951527 RWA 16
60.37074754 30.90211073 8.2352819195243896 SYR 17
24.15461325 -65.17024891 16.602245666982306 ZMB 18
26.38211636 101.5396449 3.9727373069308731 DNK 19
125.6010002 17.8984266 7.3418742401924684 NPL 20
6.784213661 54.73678582 7.7408066349161162 TUN 21
131.1177624 -1.66830564 7.3515691515904384 BGD 22
118.1753774 48.53638779 8.5574228086869208 KGZ 23
41.13506534 22.2728429 19.16075246330227 EGY 24
-10.41532668 42.77048953 29.534425053208992 DZA 25
-14.3842221 14.31113819 21.541181336294471 NER 26
110.915115 24.01794699 15.455449563713943 AFG 27
73.3766718 -13.96547764 13.905448296150741 YEM 28
-29.77998451 64.26736116 5.8074704465109814 PRT 29
16.98898099 -40.52013948 29.304851741309538 COD 30
73.208558 25.02525105 2.5545139778953314 KWT 31
-21.91219922 62.55950614 0.049164679376643552 GIB 32
154.0871627 -13.65714093 8.1425872479937649 KHM 33
156.826627 -44.20088761 26.410681245322071 IDN 34
114.5090515 40.40996005 7.2393717431424731 TJK 35
-49.74156797 -1.938557187 5.1257960764766386 SLE 36
59.98209525 44.99347057 16.940177626341764 TUR 37
64.08440382 82.60316024 8.7195653003162121 BLR 38
44.88780393 67.25269584 5.8369746277505596 HUN 39
47.36031271 53.12281975 3.0687320534447307 MKD 40
147.3391226 -20.166745 1.453036016482347 BRN 41
17.98146015 -94.1032389 21.146848235527195 ZAF 42
8.156843159 5.603858674 21.685216825491182 TCD 43
22.75364748 71.48068531 0.14966318452911395 SMR 44
10.68875407 80.08205395 14.214471604740707 FRA 45
49.00625507 -77.81360601 17.133943665848665 MOZ 46
56.15386753 -26.51985419 20.110589591703491 ETH 47
60.2789335 -12.18772602 6.5627388980373613 ERI 48
1.345556616 69.07193177 0.41407441383512078 AND 49
41.99558214 62.33934685 4.3306613245573979 BIH 50
-7.834410967 -56.73541251 21.367918388391331 AGO 51
77.59350123 94.72178747 11.132986753931805 FIN 52
33.85141751 -2.122529887 26.282090574320566 SDN 53
132.996112 10.85370019 3.749839655771483 BTN 54
143.2828415 2.687637053 15.74128351252131 MMR 55
181.5789817 81.92265639 23.933976599751627 MNG 56
191.1888929 52.99943479 6.0581046968333183 KOR 57
7.928224055 -16.15853628 15.104965295379047 CAF 58
51.19233466 29.28798768 2.7580464920412568 ISR 59
154.8357127 8.444035741 0.10993556517815699 MAC 60
162.6932897 -7.243799034 11.013729508072137 VNM 61
-31.45221726 53.63320063 12.788400021873175 MAR 62
51.14626011 32.31030333 1.9565236374913348 LBN 63
62.83059575 7.027234848 28.058804141709228 SAU 64
88.69588482 21.18983486 24.568891108590357 IRN 65
63.93573988 -16.22032823 2.9149030374888021 DJI 66
56.60091861 84.02569242 4.8903247615768484 LTU 67
129.2086258 120.5871264 79.132880342658851 RUS 68
30.01921645 -80.03474286 11.962848551320587 ZWE 69
-57.91294139 31.15990927 19.428862804347926 MRT 70
8.940837905 -74.42144747 14.599658289365967 BWA 71
79.08546827 2.444062695 2.0599159718334348 QAT 72
-63.37403765 12.97903105 1.9785551345459282 GMB 73
115.7333534 -22.9569137 34.699247425117875 IND 74
-6.961041997 -25.08938124 13.195626536088458 CMR 75
22.34529363 58.82347531 0.012694265629824517 VAT 76
-47.14979801 -8.715162969 6.3865025746447772 LBR 77
-30.76576861 -7.087937812 9.3466352887464552 GHA 78
52.85979436 64.23598841 9.343859091966177 ROU 79
65.40146618 69.47448775 14.866882024982077 UKR 80
35.30443359 -43.13581664 3.19277815183945 BDI 81
57.41842216 -45.87694701 14.579163740507054 KEN 82
-48.98208565 6.835262069 9.4890463466215635 GIN 83
39.53746124 -68.52066509 6.5873576571332961 MWI 84
37.91890438 68.43114231 2.7248352799749322 SVN 85
37.12789929 -84.8391671 3.3342449855370329 LSO 86
-40.65344351 -1.561695354 10.867284926928818 CIV 87
75.61692653 -30.12598844 15.281808080540799 SOM 88
36.49548837 -25.09415161 15.065644083474325 SSD 89
172.8343098 -42.5373691 2.333984953220948 TLS 90
31.12269083 74.08535843 0.24219115234978761 LIE 91
16.88231697 89.26305477 3.3437283629014938 BEL 92
-5.59202371 -38.67015893 11.191656516480931 COG 93
40.989932 -54.50094364 18.604462963356873 TZA 94
39.68258057 78.61001477 5.3743239114709889 CZE 95
144.5399078 -27.27013503 11.006923884705028 MYS 96
46.56545521 72.63024677 4.23783185708528 SVK 97
43.17168016 -37.03855002 9.4055599638554988 UGA 98
186.5785723 63.62482403 6.6442082198163428 PRK 99
19.28717195 89.04405711 0.97316263828712479 LUX 100
-22.78685032 -0.4471908926 6.4223324680246954 BEN 101
45.48072873 47.70167062 6.9526691021093443 GRC 102
27.37458228 73.09143075 3.8884050369080385 CHE 103
-57.46937517 12.21912028 8.4880413831868076 SEN 104
55.82526177 24.56147064 5.7201718798253314 JOR 105
17.99282761 93.33702936 3.914982317706948 NLD 106
83.62169274 -3.021506279 10.64661481915231 OMN 107
28.89766884 64.28622216 10.505262218673552 ITA 108
157.4707929 2.847190773 9.3126260878911555 LAO 109
77.57501386 46.74006515 3.3004602392946678 ARM 110
15.89771186 73.12708315 0.028385240872726803 MCO 111
81.6439129 5.833105304 5.5333021042866761 ARE 112
53.10129756 31.15369215 1.5092835896515178 PSE 113
65.90137836 101.2860743 12.841917149747891 SWE 114
59.39821614 61.13175602 3.5207540575210716 MDA 115
-12.37753385 71.85780898 13.612976759834263 ESP 116
-10.07098409 -7.700220275 18.393430203769647 NGA 117
43.59027833 53.880726 3.2447695147537408 ALB 118
40.19841907 -85.98221073 2.521785440438141 SWZ 119
76.66659318 55.04215485 5.0523974578903728 GEO 120
18.87969162 33.54433538 25.385214666124078 LBY 121
176.3772234 -30.75632204 13.019570787693549 PNG 122
48.10789442 82.05220622 10.701152987039785 POL 123
36.80194654 73.04128919 5.5422646197479413 AUT 124
156.6447105 8.483021489 0.63585473900906408 HKG 125
68.72869987 92.24075003 4.0698734210711329 EST 126
55.66517167 92.84554356 10.889830355676377 NOR 127
41.89798928 58.00916943 2.2491072070557596 MNE 128
71.85801463 33.44960002 12.669964586671146 IRQ 129
-56.89690636 5.462848617 3.6373446189428389 GNB 130
-37.11216121 21.87844336 21.312072863289 MLI 131
98.03440514 67.11043549 31.590503210666249 KAZ 132
