65.19406631 41.01152276 9.165249799839879 UZB 0
57.51090934 20.31420715 7.6241105511623832 OMN 1
104.4408805 17.33635153 6.667895066691008 LAO 2
115.9585318 5.839273307 1.0456093754722486 BRN 3
46.47161969 40.70579471 2.3767017744604053 ARM 4
58.44017787 40.41759486 9.5736563890706456 TKM 5
98.02226544 12.93962467 9.8179695206792577 THA 6
107.4938405 36.38889132 42.686824002953294 CHN 7
48.79178386 41.44179091 4.027066922312823 AZE 8
53.92984648 23.37603366 3.9586132058775765 ARE 9
72.33028221 29.18934588 12.869918156710751 PAK 10
34.21863745 31.57655664 1.0456093754722486 PSE 11
127.4758966 -9.833304873 1.6532535846592511 TLS 12
38.19716634 35.82498563 5.8994364493626845 SYR 13
92.85421082 28.32669989 2.6997517985615711 BTN 14
96.2944484 20.41084632 11.269644917170192 MMR 15
104.0633222 57.77844099 17.133323448509998 MNG 16
126.9193063 36.35036478 4.3322394806414879 KOR 17
84.8732104 26.8050118 5.2627851125215495 NPL 18
35.4356884 30.0788212 4.0943763236693087 JOR 19
44.89330406 43.55142076 3.6220971263765955 GEO 20
75.98114815 42.49998058 6.1267118289713665 KGZ 21
114.0717033 22.29941319 0 MAC 22
107.5089882 13.06171744 7.8826280244570492 VNM 23
90.70733546 22.69435314 5.2627851125215495 BGD 24
33.37051565 30.80486472 1.956156021707913 ISR 25
64.94577105 33.69132122 11.065689504068517 AFG 26
34.69979482 33.7510879 1.415761787097328 LBN 27
43.13418957 22.95518925 20.090035713661454 SAU 28
53.23200734 32.10209559 17.589872296277676 IRN 29
45.73767077 12.36626206 9.956192692197936 YEM 30
111.659359 2.914378823 7.8826280244570492 MYS 31
126.5973324 40.30736036 4.7534035489208106 PRK 32
51.48694098 24.83461792 1.4787149597373157 QAT 33
114.6553268 22.09001432 0.42686824002953294 HKG 34
46.36316202 30.48118645 1.8110485631882978 KWT 35
78.31998259 16.91584351 24.842851413426768 IND 36
105.2742967 8.610948835 5.8373353889155064 KHM 37
120.1230711 -4.565923991 18.907902102207885 IDN 38
70.93316904 39.36635089 5.1755023590806051 TJK 39
43.47747825 33.51679121 9.0753432686786972 IRQ 40
33.26810722 41.29777729 12.126364291787961 TUR 41
69.27230968 51.75338228 22.615961169691023 KAZ 42
