65.04089877 40.93435757 9.165249799839879 UZB 0
57.32126957 20.22324553 7.6241105511623832 OMN 1
104.330256 17.73364515 6.667895066691008 LAO 2
116.1292625 5.941494235 1.0456093754722486 BRN 3
46.36391735 40.4478965 2.3767017744604053 ARM 4
58.33652763 40.27038453 9.5736563890706456 TKM 5
98.11645148 13.10344977 9.8179695206792577 THA 6
107.4821137 36.32493887 42.686824002953294 CHN 7
49.02806862 41.45552488 4.027066922312823 AZE 8
53.89002339 23.71016369 3.9586132058775765 ARE 9
72.13898793 29.16650937 12.869918156710751 PAK 10
34.3965832 31.60940569 1.0456093754722486 PSE 11
127.3699855 -9.684877663 1.6532535846592511 TLS 12
38.01449805 35.79963405 5.8994364493626845 SYR 13
92.74820946 28.41142018 2.6997517985615711 BTN 14
96.62526474 20.47472923 11.269644917170192 MMR 15
104.2053799 57.23481813 17.133323448509998 MNG 16
126.8270721 36.35813499 4.3322394806414879 KOR 17
84.75840424 26.96415961 5.2627851125215495 NPL 18
35.96335648 30.17472308 4.0943763236693087 JOR 19
44.75181348 43.47918441 3.6220971263765955 GEO 20
75.57207034 42.23339237 6.1267118289713665 KGZ 21
113.9487132 22.42317053 0 MAC 22
107.3881545 13.2624111 7.8826280244570492 VNM 23
90.59077354 22.77659657 5.2627851125215495 BGD 24
33.67080777 30.75476062 1.956156021707913 ISR 25
64.7056422 33.34319776 11.065689504068517 AFG 26
34.87580123 33.81307814 1.415761787097328 LBN 27
43.29913687 23.22014421 20.090035713661454 SAU 28
53.34787267 32.06502161 17.589872296277676 IRN 29
45.67701473 12.74043698 9.956192692197936 YEM 30
111.7145181 3.000642373 7.8826280244570492 MYS 31
126.5049737 40.14248767 4.7534035489208106 PRK 32
51.40493701 24.56023519 1.4787149597373157 QAT 33
114.5568521 22.26586849 0.42686824002953294 HKG 34
46.44717959 30.60901115 1.8110485631882978 KWT 35
78.09159794 16.82029882 24.842851413426768 IND 36
105.0750127 8.785138395 5.8373353889155064 KHM 37
120.1234176 -4.476916894 18.907902102207885 IDN 38
70.84390676 39.1784883 5.1755023590806051 TJK 39
43.80067921 33.56890807 9.0753432686786972 IRQ 40
33.28917741 41.34763034 12.126364291787961 TUR 41
69.22960408 51.35997287 22.615961169691023 KAZ 42
