72.635107 52.31272272 1.7559590738011 UZB 0
67.01390045 31.47056642 1.46069407755915 OMN 1
83.0242602 35.8699441 1.27749391464641 LAO 2
84.92316075 32.09521006 0.200327029880197 BRN 3
65.15883977 47.62887386 0.455349405387274 ARM 4
69.36442458 50.85988434 1.8342051960369 TKM 5
81.21346996 33.28906455 1.88101285209276 THA 6
83.51619389 47.66044417 8.17831674822937 CHN 7
66.10444873 48.40221932 0.771540858947784 AZE 8
67.56304686 33.61839956 0.758425894584022 ARE 9
73.58449115 43.97933902 2.46573198329505 PAK 10
61.61364867 41.20832037 0.200327029880197 PSE 11
90.61646069 25.20105447 0.316744845659016 TLS 12
62.39516628 42.29912107 1.13026586179379 SYR 13
76.28796013 42.74249991 0.517242167014133 BTN 14
79.97569702 37.42885605 2.15913757758868 MMR 15
83.49177965 59.14772083 3.28255262331266 MNG 16
92.6482864 47.97255758 0.830008498627575 KOR 17
76.48483835 41.23696432 1.00829060567002 NPL 18
62.17894378 40.40553544 0.784436585375896 JOR 19
64.71101202 48.83325563 0.69395318776374 GEO 20
75.54570132 52.64256226 1.17380927564405 KGZ 21
88.02280519 40.86949584 0.01 MAC 22
85.79841068 35.81383189 1.51022312618102 VNM 23
77.76700888 39.68226239 1.00829060567002 BGD 24
61.13081557 40.90097163 0.374777555560862 ISR 25
72.55796566 48.45166687 2.12006200778883 AFG 26
61.22153399 41.54145821 0.271244080705563 LBN 27
63.20384176 35.14738214 3.84902553392579 SAU 28
67.81601255 44.65309166 3.37002226237096 IRN 29
64.29210447 29.5044554 1.90749486158932 YEM 30
83.65916156 30.94383187 1.51022312618102 MYS 31
92.3618509 49.6896498 0.910698810774548 PRK 32
67.32006912 35.47687068 0.283305202566495 QAT 33
88.31503439 40.9857984 0.0817831674822937 HKG 34
66.14997623 39.06997778 0.34697659388187 KWT 35
72.78873726 36.82462219 4.75961171939485 IND 36
84.16757744 33.76201245 1.1183679950726 KHM 37
87.32691478 27.35393047 3.6225419915445 IDN 38
74.79392869 50.61466262 0.991568208982733 TJK 39
64.69408451 40.6048672 1.73873399072816 IRQ 40
62.52582523 46.75379301 2.32327540169769 TUR 41
74.57705549 58.05243477 4.3329645231651 KAZ 42
