-76.63794937 -1.583712345 5.4112177593872115 ECU 0
-54.29186288 5.705687259 4.162585745945858 SUR 1
-54.9802381 -8.772463984 30.011777918051362 BRA 2
-62.87370143 -34.29530911 17.148789956564176 ARG 3
-84.29413598 11.93874587 3.7134148315639344 NIC 4
-89.37897396 17.26716943 1.5585495969623204 BLZ 5
-65.52933644 -17.71306705 10.779432063945654 BOL 6
-86.91134508 14.14301938 3.4493794041639858 HND 7
-58.84761601 -23.0368937 6.5591052689396285 PRY 8
-95.34169076 60.31415517 32.497256445753457 CAN 9
-54.53726539 -34.70840351 4.3758251458373021 URY 10
-88.63969375 15.27405417 1.4918012341502951 SLV 11
-101.5683891 22.35246894 14.414250154933546 MEX 12
-84.36496374 9.396914521 2.3248214720880873 CRI 13
-79.59851129 10.15310404 2.8243214135934158 PAN 14
-91.14193683 15.11986531 3.3936874521203024 GTM 15
-64.44671057 8.541111526 9.8453937208227593 VEN 16
-71.50219548 -28.11561061 8.9427291487690415 CHL 17
-76.74769951 -10.46235063 11.659176208262862 PER 18
-96.53097027 37.1216125 31.485464686567518 USA 19
-73.40759773 3.11758174 10.989172304478625 COL 20
-52.30572549 3.586900954 2.9724289122313401 GUF 21
-59.29505593 4.283201485 4.7683463885384132 GUY 22
