4.977689467 69.22833708 2.2641133951883203 NLD 0
25.85374801 50.94110224 2.6323944505599672 HRV 1
39.27629245 56.9859589 5.4021845851628383 ROU 2
29.05091381 56.03559739 3.3744738837736432 HUN 3
40.7461068 46.68189083 3.6844724617977298 BGR 4
35.62040357 44.68133599 1.7740679273669924 MKD 5
17.30065409 48.44871211 6.0736971639595589 ITA 6
32.96271969 49.83167307 3.289338301605107 SRB 7
2.777663177 54.49600227 8.2182109762695141 FRA 8
23.29928743 54.33282435 1.5743827341445586 SVN 9
13.77826378 67.80684564 6.6119580530546003 DEU 10
28.28410295 46.41812882 2.5035212052555575 BIH 11
-15.63734139 47.93528799 7.8706266041413286 ESP 12
31.81819761 43.8307564 1.8758415351489148 ALB 13
12.4842296 78.15765703 2.2966922405716947 DNK 14
3.940282318 64.81913264 1.932590551118204 BEL 15
23.06748581 64.95395663 3.1077444885347592 CZE 16
-28.97732405 45.16611362 3.3574183097231969 PRT 17
27.73251262 61.93528614 2.4503502520512006 SVK 18
28.63836477 72.3911867 6.1871722513188692 POL 19
6.543689878 63.33532127 0.56341215886528451 LUX 20
21.61211041 58.81387195 3.204048490718026 AUT 21
36.47083328 38.92214491 4.0193689557931895 GRC 22
15.19305244 57.19489809 2.2476468974141959 CHE 23
