16.17682832 43.55113099 4.5526776267791265 HRV 0
63.19617127 40.23429093 12.800566630480661 UZB 1
26.78944533 41.50389755 6.3724454835751505 BGR 2
-12.29905232 27.06226543 9.8701078583206741 ESH 3
10.20485452 2.252461406 3.2051952368216887 GNQ 4
21.39333248 43.04942135 5.6886742187974573 SRB 5
-0.7010178764 12.62290346 9.9985374125564945 BFA 6
1.392863282 7.650382953 4.5603519857839236 TGO 7
57.4779536 40.17063217 13.370129438428238 TKM 8
26.3365469 57.06451481 4.8625002969637778 LVA 9
9.741744027 51.26588314 11.436279335159089 DEU 10
99.23473626 14.76729539 13.708525639829128 THA 11
46.08611206 39.61337353 5.6317061854582686 AZE 12
106.9217231 33.13667069 59.624244055997465 CHN 13
12.19007506 -0.4820015015 9.901006387181587 GAB 14
70.85018009 29.82814881 17.971892835527065 PAK 15
31.77395978 -2.038022229 3.1057915955951527 RWA 16
39.37454333 34.16798635 8.2352819195243896 SYR 17
29.76784772 -12.8448837 16.602245666982306 ZMB 18
10.04082856 54.55995882 3.9727373069308731 DNK 19
82.20413352 28.53606919 7.3418742401924684 NPL 20
9.22568894 34.93087938 7.7408066349161162 TUN 21
91.79053232 22.04201196 7.3515691515904384 BGD 22
76.22941875 40.967855 8.5574228086869208 KGZ 23
30.14844617 27.26299967 19.16075246330227 EGY 24
2.053833809 28.44663416 29.534425053208992 DZA 25
9.04063818 18.48086659 21.541181336294471 NER 26
63.49900905 31.96094845 15.455449563713943 AFG 27
46.35872849 14.648127 13.905448296150741 YEM 28
-8.923951666 37.89368277 5.8074704465109814 PRT 29
25.09552067 -0.2916869505 29.304851741309538 COD 30
48.08216436 29.34920103 2.5545139778953314 KWT 31
-7.487538212 33.07195534 0.049164679376643552 GIB 32
105.169473 10.38307861 8.1425872479937649 KHM 33
119.9452363 -4.52154713 26.410681245322071 IDN 34
69.30489539 38.00790555 7.2393717431424731 TJK 35
-13.72543857 9.258313489 5.1257960764766386 SLE 36
32.56903707 39.89903277 16.940177626341764 TUR 37
28.36323479 53.19540207 8.7195653003162121 BLR 38
20.64839092 46.66974409 5.8369746277505596 HUN 39
23.47534032 40.52024813 3.0687320534447307 MKD 40
114.1144994 2.512322259 1.453036016482347 BRN 41
22.76924266 -30.15072418 21.146848235527195 ZAF 42
18.41451531 16.45765103 21.685216825491182 TCD 43
9.537813219 48.13916984 0.14966318452911395 SMR 44
1.023293984 45.41159488 14.214471604740707 FRA 45
36.71343982 -16.53819822 17.133943665848665 MOZ 46
38.19130748 9.040473522 20.110589591703491 ETH 47
37.88494047 16.1874475 6.5627388980373613 ERI 48
0.2877015666 42.34069485 0.41407441383512078 AND 49
17.97696355 42.49595794 4.3306613245573979 BIH 50
17.47152669 -13.11771831 21.367918388391331 AGO 51
25.64451839 64.8825877 11.132986753931805 FIN 52
29.04971178 16.32793895 26.282090574320566 SDN 53
88.47461146 25.77558193 3.749839655771483 BTN 54
96.88277238 20.93897348 15.74128351252131 MMR 55
108.4405409 50.60165456 23.933976599751627 MNG 56
128.1081884 34.29929359 6.0581046968333183 KOR 57
20.76644376 8.389326158 15.104965295379047 CAF 58
34.94417013 30.60233165 2.7580464920412568 ISR 59
114.9900024 22.20405848 0.10993556517815699 MAC 60
107.3741707 14.2633522 11.013729508072137 VNM 61
-6.607364472 30.43995742 12.788400021873175 MAR 62
35.45463311 31.97010595 1.9565236374913348 LBN 63
43.92538214 23.16268726 28.058804141709228 SAU 64
53.19356572 32.24174897 24.568891108590357 IRN 65
42.80390111 12.1003173 2.9149030374888021 DJI 66
24.50815787 55.63012845 4.8903247615768484 LTU 67
96.7574372 68.8066031 79.132880342658851 RUS 68
30.1506156 -19.08563371 11.962848551320587 ZWE 69
-11.53927044 20.09477912 19.428862804347926 MRT 70
24.48475881 -20.02267127 14.599658289365967 BWA 71
52.38070655 23.62933446 2.0599159718334348 QAT 72
-20.40380472 13.84636559 1.9785551345459282 GMB 73
77.56034438 20.17024607 34.699247425117875 IND 74
12.82811504 5.689479818 13.195626536088458 CMR 75
10.5400962 40.0990922 0.012694265629824517 VAT 76
-9.751721135 5.292269624 6.3865025746447772 LBR 77
-1.652188054 7.911284769 9.3466352887464552 GHA 78
25.74166907 45.9596166 9.343859091966177 ROU 79
33.34215776 49.2788955 14.866882024982077 UKR 80
31.34326241 -3.654309514 3.19277815183945 BDI 81
39.43213211 1.413757883 14.579163740507054 KEN 82
-11.36775726 11.98259779 9.4890463466215635 GIN 83
34.4424469 -11.51896402 6.5873576571332961 MWI 84
15.3344276 46.1038484 2.7248352799749322 SVN 85
29.35538501 -29.98861408 3.3342449855370329 LSO 86
-6.309981984 6.937917154 10.867284926928818 CIV 87
49.46179902 8.823373652 15.281808080540799 SOM 88
30.22385078 7.780608854 15.065644083474325 SSD 89
126.6766016 -7.361715247 2.333984953220948 TLS 90
9.366095827 46.76795624 0.24219115234978761 LIE 91
3.566410027 49.95263641 3.3437283629014938 BEL 92
16.59873203 -1.297246026 11.191656516480931 COG 93
36.19022532 -5.170380532 18.604462963356873 TZA 94
15.00511609 48.91347485 5.3743239114709889 CZE 95
112.0731753 0.2553847376 11.006923884705028 MYS 96
19.68834872 48.82356188 4.23783185708528 SVK 97
33.981494 1.481998893 9.4055599638554988 UGA 98
128.2442288 41.91993653 6.6442082198163428 PRK 99
4.734461424 49.50495787 0.97316263828712479 LUX 100
2.360665049 10.31667278 6.4223324680246954 BEN 101
23.36293681 37.73358754 6.9526691021093443 GRC 102
7.968006816 46.34843512 3.8884050369080385 CHE 103
-14.60105321 14.48897288 8.4880413831868076 SEN 104
38.21492329 29.61532941 5.7201718798253314 JOR 105
5.390175751 52.73481407 3.914982317706948 NLD 106
58.88649116 18.9572498 10.64661481915231 OMN 107
12.37630679 43.09285184 10.505262218673552 ITA 108
103.9426952 18.43911739 9.3126260878911555 LAO 109
44.26509851 39.17316466 3.3004602392946678 ARM 110
7.366518926 43.1526308 0.028385240872726803 MCO 111
55.09703777 24.17022215 5.5333021042866761 ARE 112
36.93039401 32.07725741 1.5092835896515178 PSE 113
14.07676447 64.37994303 12.841917149747891 SWE 114
28.66359269 47.27815651 3.5207540575210716 MDA 115
-2.738385284 40.30703055 13.612976759834263 ESP 116
7.709993548 9.992792403 18.393430203769647 NGA 117
19.42475656 40.01676396 3.2447695147537408 ALB 118
31.92534704 -28.12753594 2.521785440438141 SWZ 119
43.06420631 41.66882286 5.0523974578903728 GEO 120
15.85597825 28.85204074 25.385214666124078 LBY 121
149.1353059 -5.276025347 13.019570787693549 PNG 122
21.02475193 52.35023906 10.701152987039785 POL 123
13.81350016 46.93477553 5.5422646197479413 AUT 124
115.6827354 23.34824904 0.63585473900906408 HKG 125
27.2841733 60.25982326 4.0698734210711329 EST 126
7.207352371 62.63393653 10.889830355676377 NOR 127
18.57555839 41.20828912 2.2491072070557596 MNE 128
45.05004724 32.69577305 12.669964586671146 IRQ 129
-15.71740837 12.20743411 3.6373446189428389 GNB 130
-2.942398322 19.02879542 21.312072863289 MLI 131
66.98582455 48.88711695 31.590503210666249 KAZ 132
