37.02133925 60.75136727 4.5526776267791265 HRV 0
103.635641 37.24667655 12.800566630480661 UZB 1
52.13518743 54.82795073 6.3724454835751505 BGR 2
-49.2741228 50.9213429 9.8701078583206741 ESH 3
-16.85903852 -29.79595063 3.2051952368216887 GNQ 4
46.23838457 58.25820742 5.6886742187974573 SRB 5
-30.92271483 5.062315561 9.9985374125564945 BFA 6
-23.21268526 -6.551680344 4.5603519857839236 TGO 7
89.57575166 41.86912841 13.370129438428238 TKM 8
63.54010936 89.81387876 4.8625002969637778 LVA 9
31.20133381 87.3164175 11.436279335159089 DEU 10
141.7771981 -13.67520798 13.708525639829128 THA 11
82.26720236 49.74809416 5.6317061854582686 AZE 12
156.3531124 43.63364997 59.624244055997465 CHN 13
-18.12414929 -37.84704099 9.901006387181587 GAB 14
118.0482432 5.402566544 17.971892835527065 PAK 15
36.15050664 -39.87441643 3.1057915955951527 RWA 16
59.91459779 30.49509401 8.2352819195243896 SYR 17
23.24536235 -65.72258489 16.602245666982306 ZMB 18
26.38211636 101.5396449 3.9727373069308731 DNK 19
127.4973158 16.16758927 7.3418742401924684 NPL 20
7.140650891 55.01146429 7.7408066349161162 TUN 21
131.0125541 -1.840257925 7.3515691515904384 BGD 22
118.1601859 49.29014865 8.5574228086869208 KGZ 23
41.06402852 22.66132973 19.16075246330227 EGY 24
-10.67220482 43.10265238 29.534425053208992 DZA 25
-15.56929922 14.5591434 21.541181336294471 NER 26
111.7743418 23.49612484 15.455449563713943 AFG 27
74.04955541 -14.30017719 13.905448296150741 YEM 28
-29.81461114 64.65768208 5.8074704465109814 PRT 29
16.64992799 -40.54158362 29.304851741309538 COD 30
73.42430317 23.60915727 2.5545139778953314 KWT 31
-21.91219922 62.55950614 0.049164679376643552 GIB 32
154.1849742 -13.67177436 8.1425872479937649 KHM 33
156.7214878 -44.56496123 26.410681245322071 IDN 34
114.6106595 41.08012129 7.2393717431424731 TJK 35
-49.88660639 -1.969167788 5.1257960764766386 SLE 36
60.67304326 44.77777677 16.940177626341764 TUR 37
64.32450579 82.16194315 8.7195653003162121 BLR 38
44.90244107 67.07751265 5.8369746277505596 HUN 39
46.90871531 53.01131244 3.0687320534447307 MKD 40
147.3786799 -20.23943587 1.453036016482347 BRN 41
18.84766098 -95.97367919 21.146848235527195 ZAF 42
7.545320925 6.491946274 21.685216825491182 TCD 43
22.75364748 71.48068531 0.14966318452911395 SMR 44
10.85059024 80.04286834 14.214471604740707 FRA 45
49.68638473 -78.30563374 17.133943665848665 MOZ 46
56.66288083 -27.41071422 20.110589591703491 ETH 47
60.96543595 -12.93051156 6.5627388980373613 ERI 48
1.186631518 69.09169092 0.41407441383512078 AND 49
41.9169119 61.9129589 4.3306613245573979 BIH 50
-8.043404041 -57.38228474 21.367918388391331 AGO 51
76.45775656 94.31989201 11.132986753931805 FIN 52
33.27639857 -2.300269889 26.282090574320566 SDN 53
132.8717927 10.37538299 3.749839655771483 BTN 54
143.2520904 2.947528187 15.74128351252131 MMR 55
182.3865908 83.35484572 23.933976599751627 MNG 56
192.2647174 53.34817105 6.0581046968333183 KOR 57
7.975228816 -16.82985229 15.104965295379047 CAF 58
51.54073826 29.33777597 2.7580464920412568 ISR 59
154.8357127 8.444035741 0.10993556517815699 MAC 60
162.9273348 -7.243295868 11.013729508072137 VNM 61
-31.86515425 54.26464066 12.788400021873175 MAR 62
51.1549401 32.29191073 1.9565236374913348 LBN 63
62.74032373 6.689342019 28.058804141709228 SAU 64
89.21132529 20.36525065 24.568891108590357 IRN 65
64.78047474 -16.75421311 2.9149030374888021 DJI 66
56.69912476 83.31430957 4.8903247615768484 LTU 67
128.8716623 120.5642804 79.132880342658851 RUS 68
29.6354051 -80.61889183 11.962848551320587 ZWE 69
-58.50341317 33.26596866 19.428862804347926 MRT 70
7.925527796 -74.64254662 14.599658289365967 BWA 71
79.15120727 1.928622837 2.0599159718334348 QAT 72
-63.39333981 12.9744184 1.9785551345459282 GMB 73
116.4140557 -24.36549351 34.699247425117875 IND 74
-6.774121681 -25.14043819 13.195626536088458 CMR 75
22.34529363 58.82347531 0.012694265629824517 VAT 76
-47.2455396 -8.852226637 6.3865025746447772 LBR 77
-31.04247338 -7.425379987 9.3466352887464552 GHA 78
52.82309646 63.70168954 9.343859091966177 ROU 79
65.53925451 68.88270482 14.866882024982077 UKR 80
35.1837317 -43.30409345 3.19277815183945 BDI 81
57.21808861 -47.05949381 14.579163740507054 KEN 82
-49.05867017 6.617788277 9.4890463466215635 GIN 83
39.2138939 -69.87664283 6.5873576571332961 MWI 84
37.99001523 67.93430017 2.7248352799749322 SVN 85
37.10175309 -85.01152312 3.3342449855370329 LSO 86
-40.81790012 -1.457969466 10.867284926928818 CIV 87
76.51906519 -30.64773409 15.281808080540799 SOM 88
36.81712295 -25.55115202 15.065644083474325 SSD 89
172.9036355 -42.62394939 2.333984953220948 TLS 90
31.37225851 74.05171442 0.24219115234978761 LIE 91
16.85357577 89.27055095 3.3437283629014938 BEL 92
-6.228602243 -38.94876983 11.191656516480931 COG 93
40.51430018 -55.66304013 18.604462963356873 TZA 94
39.37374511 78.57731778 5.3743239114709889 CZE 95
144.1256578 -27.51695189 11.006923884705028 MYS 96
46.76103237 72.50569331 4.23783185708528 SVK 97
43.3791295 -37.76920274 9.4055599638554988 UGA 98
187.876582 64.15063167 6.6442082198163428 PRK 99
19.28867807 89.04466431 0.97316263828712479 LUX 100
-22.78922081 -0.3449610231 6.4223324680246954 BEN 101
45.44588953 47.51394411 6.9526691021093443 GRC 102
27.56685496 73.09624169 3.8884050369080385 CHE 103
-57.49921398 12.31393237 8.4880413831868076 SEN 104
55.08706019 24.21194977 5.7201718798253314 JOR 105
17.99282761 93.33702936 3.914982317706948 NLD 106
84.19157876 -4.564969271 10.64661481915231 OMN 107
28.90306521 64.33770584 10.505262218673552 ITA 108
157.4462848 2.87864662 9.3126260878911555 LAO 109
78.33053674 45.88269373 3.3004602392946678 ARM 110
15.89771186 73.12708315 0.028385240872726803 MCO 111
82.62531755 4.471519228 5.5333021042866761 ARE 112
53.13136834 31.15649039 1.5092835896515178 PSE 113
64.74250199 101.1179153 12.841917149747891 SWE 114
59.41634012 60.46413205 3.5207540575210716 MDA 115
-12.49198844 72.19720799 13.612976759834263 ESP 116
-10.2639623 -7.590164632 18.393430203769647 NGA 117
43.44717718 53.91076488 3.2447695147537408 ALB 118
40.2328106 -86.10786915 2.521785440438141 SWZ 119
77.4491983 54.17846904 5.0523974578903728 GEO 120
19.54367031 35.78497102 25.385214666124078 LBY 121
176.3772234 -30.75632204 13.019570787693549 PNG 122
48.11514821 81.294896 10.701152987039785 POL 123
36.97148646 72.57995663 5.5422646197479413 AUT 124
156.6448586 8.485897007 0.63585473900906408 HKG 125
68.21174464 91.81409542 4.0698734210711329 EST 126
54.50928501 92.43154452 10.889830355676377 NOR 127
41.6170859 57.86123413 2.2491072070557596 MNE 128
71.65521965 32.1371973 12.669964586671146 IRQ 129
-56.88541221 5.45062509 3.6373446189428389 GNB 130
-38.96696708 21.03351337 21.312072863289 MLI 131
98.38204986 65.85762461 31.590503210666249 KAZ 132
