37.21296487 61.23870404 4.5526776267791265 HRV 0
104.4454695 36.79466259 12.800566630480661 UZB 1
52.64297706 54.1864253 6.3724454835751505 BGR 2
-49.60205224 50.5825407 9.8701078583206741 ESH 3
-16.68032615 -29.89088724 3.2051952368216887 GNQ 4
46.59242609 57.36729848 5.6886742187974573 SRB 5
-30.89880649 4.748720522 9.9985374125564945 BFA 6
-23.28848769 -6.830899575 4.5603519857839236 TGO 7
90.24181425 41.06750541 13.370129438428238 TKM 8
64.10069607 89.27067712 4.8625002969637778 LVA 9
30.8153144 87.45339557 11.436279335159089 DEU 10
141.7962438 -13.32752831 13.708525639829128 THA 11
82.94708788 48.99037416 5.6317061854582686 AZE 12
157.0995754 43.83927516 59.624244055997465 CHN 13
-18.01445873 -38.21465011 9.901006387181587 GAB 14
118.6537808 5.016097667 17.971892835527065 PAK 15
36.58819537 -40.22454883 3.1057915955951527 RWA 16
60.77068282 30.29766466 8.2352819195243896 SYR 17
23.33478446 -66.33953378 16.602245666982306 ZMB 18
25.93331372 101.6551956 3.9727373069308731 DNK 19
128.5145663 15.45481476 7.3418742401924684 NPL 20
6.876328894 54.84024976 7.7408066349161162 TUN 21
131.3367368 -1.93719229 7.3515691515904384 BGD 22
118.8038778 49.0075026 8.5574228086869208 KGZ 23
40.98982299 22.57960621 19.16075246330227 EGY 24
-10.96991946 43.03431756 29.534425053208992 DZA 25
-15.73094069 14.47044335 21.541181336294471 NER 26
112.4181743 22.9058642 15.455449563713943 AFG 27
74.83710396 -14.24582312 13.905448296150741 YEM 28
-30.0239771 64.67233329 5.8074704465109814 PRT 29
16.7612069 -41.16339586 29.304851741309538 COD 30
73.30026131 22.91816349 2.5545139778953314 KWT 31
-22.18831971 62.46225836 0.049164679376643552 GIB 32
154.224322 -13.10032202 8.1425872479937649 KHM 33
157.0937387 -43.91757932 26.410681245322071 IDN 34
115.1337114 40.84134654 7.2393717431424731 TJK 35
-49.96273513 -2.141189242 5.1257960764766386 SLE 36
61.68299175 44.5505642 16.940177626341764 TUR 37
64.51695179 81.58414524 8.7195653003162121 BLR 38
45.02406781 66.61315068 5.8369746277505596 HUN 39
47.06630602 52.34566711 3.0687320534447307 MKD 40
147.5807951 -19.68221318 1.453036016482347 BRN 41
19.70596232 -97.0157448 21.146848235527195 ZAF 42
7.494183606 6.67282922 21.685216825491182 TCD 43
22.43766388 71.58050074 0.14966318452911395 SMR 44
10.89371867 79.76740893 14.214471604740707 FRA 45
50.22269612 -78.69149456 17.133943665848665 MOZ 46
56.99841741 -27.9652872 20.110589591703491 ETH 47
60.98650812 -13.38340068 6.5627388980373613 ERI 48
0.8266846049 69.15378243 0.41407441383512078 AND 49
42.25699902 61.03466877 4.3306613245573979 BIH 50
-7.520620376 -58.06367996 21.367918388391331 AGO 51
77.21168605 93.41210531 11.132986753931805 FIN 52
32.99660073 -2.745542154 26.282090574320566 SDN 53
132.6209465 10.00492697 3.749839655771483 BTN 54
143.6414538 3.261242445 15.74128351252131 MMR 55
181.5757988 84.47460204 23.933976599751627 MNG 56
192.8463724 54.22957209 6.0581046968333183 KOR 57
8.206967721 -17.49182802 15.104965295379047 CAF 58
51.64557031 28.96575049 2.7580464920412568 ISR 59
154.796901 9.127930734 0.10993556517815699 MAC 60
163.2126453 -7.0103351 11.013729508072137 VNM 61
-32.14975628 54.29434245 12.788400021873175 MAR 62
50.96190444 32.11028612 1.9565236374913348 LBN 63
62.52850373 6.178035438 28.058804141709228 SAU 64
89.77002596 19.5705955 24.568891108590357 IRN 65
65.08155842 -16.92596961 2.9149030374888021 DJI 66
56.88573923 82.70868613 4.8903247615768484 LTU 67
129.3159955 119.9474436 79.132880342658851 RUS 68
29.78886978 -81.18748474 11.962848551320587 ZWE 69
-58.75345898 32.89913544 19.428862804347926 MRT 70
8.013067436 -75.16995177 14.599658289365967 BWA 71
79.0726942 1.387642544 2.0599159718334348 QAT 72
-63.4593917 12.7047351 1.9785551345459282 GMB 73
116.5209421 -24.75958109 34.699247425117875 IND 74
-6.630817665 -25.15252246 13.195626536088458 CMR 75
22.08522647 58.92161036 0.012694265629824517 VAT 76
-47.25134277 -9.145683076 6.3865025746447772 LBR 77
-31.11822118 -7.812722208 9.3466352887464552 GHA 78
52.92417392 63.08934448 9.343859091966177 ROU 79
65.63308374 68.26283057 14.866882024982077 UKR 80
35.03672417 -43.45371785 3.19277815183945 BDI 81
57.26501258 -47.62424561 14.579163740507054 KEN 82
-49.340254 6.118590191 9.4890463466215635 GIN 83
39.39928054 -70.31412606 6.5873576571332961 MWI 84
38.15924727 67.97583057 2.7248352799749322 SVN 85
37.54656561 -85.05853998 3.3342449855370329 LSO 86
-40.82761959 -1.701194794 10.867284926928818 CIV 87
76.94535428 -30.65311193 15.281808080540799 SOM 88
37.162827 -25.83628034 15.065644083474325 SSD 89
173.2818132 -41.9212513 2.333984953220948 TLS 90
31.57379053 74.10670303 0.24219115234978761 LIE 91
16.45539667 89.34177988 3.3437283629014938 BEL 92
-6.132480903 -39.52994087 11.191656516480931 COG 93
40.4638746 -56.07604741 18.604462963356873 TZA 94
39.60791701 78.27472647 5.3743239114709889 CZE 95
144.1214657 -27.14102201 11.006923884705028 MYS 96
46.91122606 72.06794271 4.23783185708528 SVK 97
43.62094825 -38.15685486 9.4055599638554988 UGA 98
187.6624192 65.70997936 6.6442082198163428 PRK 99
18.89748106 89.13112075 0.97316263828712479 LUX 100
-22.81676862 -0.5379639627 6.4223324680246954 BEN 101
44.93299634 47.08177537 6.9526691021093443 GRC 102
27.72915622 73.11327722 3.8884050369080385 CHE 103
-57.5432492 12.20290586 8.4880413831868076 SEN 104
55.83746746 24.11534027 5.7201718798253314 JOR 105
17.58034139 93.4156009 3.914982317706948 NLD 106
85.45288598 -5.141413507 10.64661481915231 OMN 107
29.07677188 64.56045077 10.505262218673552 ITA 108
157.8408196 3.180801905 9.3126260878911555 LAO 109
79.14637198 45.09390608 3.3004602392946678 ARM 110
15.57663838 73.19228843 0.028385240872726803 MCO 111
82.75573755 3.623233442 5.5333021042866761 ARE 112
53.22964595 30.79679314 1.5092835896515178 PSE 113
65.48069579 100.2696438 12.841917149747891 SWE 114
59.49828978 59.83842247 3.5207540575210716 MDA 115
-12.84567971 72.27677362 13.612976759834263 ESP 116
-10.30341947 -7.629721447 18.393430203769647 NGA 117
42.97798594 53.68087307 3.2447695147537408 ALB 118
40.69895311 -86.09687241 2.521785440438141 SWZ 119
77.91206405 53.34377449 5.0523974578903728 GEO 120
19.29152391 35.53920003 25.385214666124078 LBY 121
176.5113667 -29.97688626 13.019570787693549 PNG 122
48.09110982 81.59830272 10.701152987039785 POL 123
37.14338879 72.5568762 5.5422646197479413 AUT 124
156.60627 9.177765276 0.63585473900906408 HKG 125
68.84124444 91.28268003 4.0698734210711329 EST 126
55.27104195 91.51354376 10.889830355676377 NOR 127
41.46729735 56.844488 2.2491072070557596 MNE 128
72.53013308 31.74566271 12.669964586671146 IRQ 129
-56.90864849 5.196641383 3.6373446189428389 GNB 130
-39.28621068 20.38967101 21.312072863289 MLI 131
99.03587169 64.98340085 31.590503210666249 KAZ 132
