72.63775713 52.3175097 1.7559590738011 UZB 0
68.54490631 30.55621591 1.46069407755915 OMN 1
83.02243722 35.86244005 1.27749391464641 LAO 2
84.92316075 32.09521006 0.200327029880197 BRN 3
65.17280042 47.60537733 0.455349405387274 ARM 4
69.36442458 50.85988434 1.8342051960369 TKM 5
81.217409 33.29039008 1.88101285209276 THA 6
83.49262176 47.6859975 8.17831674822937 CHN 7
66.10493241 48.40188331 0.771540858947784 AZE 8
68.98773711 32.72531408 0.758425894584022 ARE 9
73.58685515 43.9851546 2.46573198329505 PAK 10
61.49903609 40.74201178 0.200327029880197 PSE 11
88.39027665 23.87069975 0.316744845659016 TLS 12
62.18446046 41.88381428 1.13026586179379 SYR 13
76.34207739 42.75403404 0.517242167014133 BTN 14
79.97224351 37.4295866 2.15913757758868 MMR 15
83.48295244 59.1396413 3.28255262331266 MNG 16
92.58452756 43.92461064 0.830008498627575 KOR 17
76.49486934 41.2388355 1.00829060567002 NPL 18
62.13213201 39.9786899 0.784436585375896 JOR 19
64.71010345 48.8337319 0.69395318776374 GEO 20
75.54570132 52.64256226 1.17380927564405 KGZ 21
84.32596681 39.59666869 0 MAC 22
85.79418117 35.88482298 1.51022312618102 VNM 23
77.76785662 39.67712968 1.00829060567002 BGD 24
61.04575731 40.3762524 0.374777555560862 ISR 25
72.55796566 48.45166687 2.12006200778883 AFG 26
61.09488818 41.01670428 0.271244080705563 LBN 27
64.62648733 34.16931283 3.84902553392579 SAU 28
67.82744256 44.66556447 3.37002226237096 IRN 29
65.82300352 28.52831633 1.90749486158932 YEM 30
83.65916156 30.94383187 1.51022312618102 MYS 31
92.29191931 45.64239544 0.910698810774548 PRK 32
68.73553966 33.8844177 0.283305202566495 QAT 33
88.30812979 40.98349814 0.0817831674822937 HKG 34
66.16335206 39.0716321 0.34697659388187 KWT 35
72.81199069 36.80136325 4.75961171939485 IND 36
84.17547389 33.77950185 1.1183679950726 KHM 37
85.12280331 26.02425371 3.6225419915445 IDN 38
74.79392869 50.61466262 0.991568208982733 TJK 39
64.71775467 40.57711724 1.73873399072816 IRQ 40
62.5566036 46.72080964 2.32327540169769 TUR 41
74.53536406 58.06049982 4.3329645231651 KAZ 42
