37.17320723 61.25723663 4.5526776267791265 HRV 0
104.5145094 36.6966592 12.800566630480661 UZB 1
52.58233552 54.19036256 6.3724454835751505 BGR 2
-49.60205224 50.5825407 9.8701078583206741 ESH 3
-16.68032615 -29.89088724 3.2051952368216887 GNQ 4
46.52501306 57.36639519 5.6886742187974573 SRB 5
-30.8967567 4.750889803 9.9985374125564945 BFA 6
-23.29073293 -6.830876831 4.5603519857839236 TGO 7
90.34439272 41.10756614 13.370129438428238 TKM 8
64.12052424 89.21419132 4.8625002969637778 LVA 9
30.8153144 87.45339557 11.436279335159089 DEU 10
141.7906927 -13.32894761 13.708525639829128 THA 11
83.06054972 49.04842532 5.6317061854582686 AZE 12
157.1319974 43.82038607 59.624244055997465 CHN 13
-18.03412534 -38.20915725 9.901006387181587 GAB 14
118.7248049 4.906317634 17.971892835527065 PAK 15
36.58819537 -40.22454883 3.1057915955951527 RWA 16
60.70570781 30.32131489 8.2352819195243896 SYR 17
23.32542864 -66.33409835 16.602245666982306 ZMB 18
25.93331372 101.6551956 3.9727373069308731 DNK 19
128.5071797 15.41471028 7.3418742401924684 NPL 20
6.876328894 54.84024976 7.7408066349161162 TUN 21
131.3483344 -1.942866275 7.3515691515904384 BGD 22
118.8121915 48.97496357 8.5574228086869208 KGZ 23
40.98593231 22.57459077 19.16075246330227 EGY 24
-10.95671436 43.03624724 29.534425053208992 DZA 25
-15.73634954 14.46885832 21.541181336294471 NER 26
112.5293656 22.82144219 15.455449563713943 AFG 27
74.8366621 -14.23889794 13.905448296150741 YEM 28
-30.0239771 64.67233329 5.8074704465109814 PRT 29
16.76323795 -41.1414451 29.304851741309538 COD 30
73.30026131 22.91816349 2.5545139778953314 KWT 31
-22.18831971 62.46225836 0.049164679376643552 GIB 32
154.2214976 -13.10145239 8.1425872479937649 KHM 33
157.1035311 -43.93257679 26.410681245322071 IDN 34
115.1261623 40.81013163 7.2393717431424731 TJK 35
-49.96305757 -2.143821279 5.1257960764766386 SLE 36
61.64779751 44.56751799 16.940177626341764 TUR 37
64.568162 81.52511904 8.7195653003162121 BLR 38
44.99875635 66.62184376 5.8369746277505596 HUN 39
47.06698634 52.34646117 3.0687320534447307 MKD 40
147.5819387 -19.68391793 1.453036016482347 BRN 41
19.71363701 -97.03939573 21.146848235527195 ZAF 42
7.505815768 6.677871518 21.685216825491182 TCD 43
22.43766388 71.58050074 0.14966318452911395 SMR 44
10.8955529 79.7737652 14.214471604740707 FRA 45
50.22269612 -78.69149456 17.133943665848665 MOZ 46
56.99720118 -27.97368083 20.110589591703491 ETH 47
60.99420915 -13.38528971 6.5627388980373613 ERI 48
0.8309098558 69.15796027 0.41407441383512078 AND 49
42.21462378 61.06819699 4.3306613245573979 BIH 50
-7.520620376 -58.06367996 21.367918388391331 AGO 51
77.27633846 93.33257427 11.132986753931805 FIN 52
33.02047823 -2.752199052 26.282090574320566 SDN 53
132.6209465 10.00492697 3.749839655771483 BTN 54
143.6285087 3.270216727 15.74128351252131 MMR 55
181.5757988 84.47460204 23.933976599751627 MNG 56
192.8928332 54.23862412 6.0581046968333183 KOR 57
8.18592885 -17.46292841 15.104965295379047 CAF 58
51.64689613 28.96563023 2.7580464920412568 ISR 59
154.796901 9.127930734 0.10993556517815699 MAC 60
163.2188427 -7.013666279 11.013729508072137 VNM 61
-32.15207901 54.29661639 12.788400021873175 MAR 62
50.96190444 32.11028612 1.9565236374913348 LBN 63
62.57379287 6.184432831 28.058804141709228 SAU 64
89.76090794 19.60058024 24.568891108590357 IRN 65
65.08155842 -16.92596961 2.9149030374888021 DJI 66
56.92838865 82.62739002 4.8903247615768484 LTU 67
129.2790721 120.1036043 79.132880342658851 RUS 68
29.78158557 -81.19079544 11.962848551320587 ZWE 69
-58.75345898 32.89913544 19.428862804347926 MRT 70
7.997408328 -75.17356712 14.599658289365967 BWA 71
79.0726942 1.387642544 2.0599159718334348 QAT 72
-63.4593917 12.7047351 1.9785551345459282 GMB 73
116.5215181 -24.88129986 34.699247425117875 IND 74
-6.630859641 -25.15549525 13.195626536088458 CMR 75
22.08522647 58.92161036 0.012694265629824517 VAT 76
-47.25134277 -9.145683076 6.3865025746447772 LBR 77
-31.11822118 -7.812722208 9.3466352887464552 GHA 78
52.85388583 63.09858278 9.343859091966177 ROU 79
65.62880584 68.19176379 14.866882024982077 UKR 80
35.04659559 -43.45601542 3.19277815183945 BDI 81
57.27556157 -47.64378175 14.579163740507054 KEN 82
-49.34348311 6.120926155 9.4890463466215635 GIN 83
39.39828635 -70.31645833 6.5873576571332961 MWI 84
38.15924727 67.97583057 2.7248352799749322 SVN 85
37.54662737 -85.05819869 3.3342449855370329 LSO 86
-40.82761959 -1.701194794 10.867284926928818 CIV 87
76.94594662 -30.65567098 15.281808080540799 SOM 88
37.16077888 -25.86747737 15.065644083474325 SSD 89
173.2818132 -41.9212513 2.333984953220948 TLS 90
31.57497274 74.10646349 0.24219115234978761 LIE 91
16.45539667 89.34177988 3.3437283629014938 BEL 92
-6.143886128 -39.51214651 11.191656516480931 COG 93
40.44632512 -56.06349782 18.604462963356873 TZA 94
39.5992747 78.27361619 5.3743239114709889 CZE 95
144.1189649 -27.14996847 11.006923884705028 MYS 96
46.91858267 72.05393054 4.23783185708528 SVK 97
43.62094825 -38.15685486 9.4055599638554988 UGA 98
187.6746343 65.71608304 6.6442082198163428 PRK 99
18.89748106 89.13112075 0.97316263828712479 LUX 100
-22.81676862 -0.5379639627 6.4223324680246954 BEN 101
44.93183933 47.07976995 6.9526691021093443 GRC 102
27.73880577 73.13911174 3.8884050369080385 CHE 103
-57.5432492 12.20290586 8.4880413831868076 SEN 104
55.80770328 24.10523384 5.7201718798253314 JOR 105
17.58034139 93.4156009 3.914982317706948 NLD 106
85.45394792 -5.143918197 10.64661481915231 OMN 107
29.07677188 64.56045077 10.505262218673552 ITA 108
157.8359441 3.179155482 9.3126260878911555 LAO 109
79.14503482 45.10645741 3.3004602392946678 ARM 110
15.57688838 73.19183113 0.028385240872726803 MCO 111
82.7547836 3.62552594 5.5333021042866761 ARE 112
53.22964595 30.79679314 1.5092835896515178 PSE 113
65.54450861 100.2031031 12.841917149747891 SWE 114
59.44878744 59.79320453 3.5207540575210716 MDA 115
-12.84510039 72.2763537 13.612976759834263 ESP 116
-10.29780648 -7.621139551 18.393430203769647 NGA 117
42.97798594 53.68087307 3.2447695147537408 ALB 118
40.700595 -86.09779723 2.521785440438141 SWZ 119
77.95622157 53.37423472 5.0523974578903728 GEO 120
19.29152391 35.53920003 25.385214666124078 LBY 121
176.5113667 -29.97688626 13.019570787693549 PNG 122
48.15655903 81.51287503 10.701152987039785 POL 123
37.15241967 72.57304233 5.5422646197479413 AUT 124
156.60627 9.177765276 0.63585473900906408 HKG 125
68.83836977 91.19525856 4.0698734210711329 EST 126
55.33549247 91.43455514 10.889830355676377 NOR 127
41.46729735 56.844488 2.2491072070557596 MNE 128
72.47712238 31.734542 12.669964586671146 IRQ 129
-56.90864849 5.196641383 3.6373446189428389 GNB 130
-39.29995314 20.41163548 21.312072863289 MLI 131
99.04452405 65.07372709 31.590503210666249 KAZ 132
