37.11747325 61.27591158 2.8615370866238208 HRV 0
104.6163369 36.68333536 8.0456599710605445 UZB 1
52.48944818 54.12948503 4.0053328126022913 BGR 2
-49.60205224 50.5825407 6.203751286809938 ESH 3
-16.68032615 -29.89088724 2.014591366207501 GNQ 4
46.46382591 57.37262719 3.5755556587313491 SRB 5
-30.89726029 4.748651324 6.2844743167698622 BFA 6
-23.28907542 -6.830314496 2.8663607233292003 TGO 7
90.39531929 40.95336475 8.4036526144484398 TKM 8
64.1965519 89.14231898 3.0562728297819453 LVA 9
30.8153144 87.45339557 7.1881517061640654 DEU 10
141.7284278 -13.37954774 8.6163479466602961 THA 11
83.1470814 48.93419639 3.539749007455792 AZE 12
157.2129669 43.75204349 37.476184262326683 CHN 13
-18.0611289 -38.20096011 6.2231722283977087 GAB 14
118.7100851 4.830392066 11.296042039785883 PAK 15
36.58819537 -40.22454883 1.9521122650644627 RWA 16
60.68258311 30.30957766 5.1761988358032571 SYR 17
23.30814914 -66.33405296 10.43516488359837 ZMB 18
25.93331372 101.6551956 2.4970217685365359 DNK 19
128.5429489 15.30079173 4.6146569438746017 NPL 20
6.876328894 54.84024976 4.8654016563582276 TUN 21
131.3812696 -1.941985248 4.6207505772901625 BGD 22
118.880435 48.95012077 5.3786770644470705 KGZ 23
40.9756493 22.58025124 12.04328711061145 EGY 24
-10.95463981 43.05087978 18.563548652062174 DZA 25
-15.73606922 14.46766667 13.539480353478149 NER 26
112.6143599 22.78948155 9.7143583935900431 AFG 27
74.84136577 -14.23485782 8.7401215872418803 YEM 28
-30.0239771 64.67233329 3.6502237637941177 PRT 29
16.75790821 -41.12518691 18.419252789285672 COD 30
73.30026131 22.91816349 1.6056125834716548 KWT 31
-22.18831971 62.46225836 0.030901936161855173 GIB 32
154.2120817 -13.10991846 5.1179365861862234 KHM 33
157.1045846 -43.97389845 16.600152714954323 IDN 34
115.2289574 40.76471251 4.5502300898722856 TJK 35
-49.96497755 -2.146088369 3.2217645908053609 SLE 36
61.63650226 44.57578234 10.64756842141413 TUR 37
64.6245228 81.44831479 5.4805900025355632 BLR 38
44.98713909 66.60446664 3.6687683030188847 HUN 39
47.06591238 52.34766255 1.928818884120256 MKD 40
147.581688 -19.69136261 0.91329032938929411 BRN 41
19.72175773 -97.05840486 13.291626478279163 ZAF 42
7.518981318 6.67861269 13.630012327827052 TCD 43
22.43766388 71.58050074 0.094069202377342315 SMR 44
10.90473983 79.78403098 8.9343549001740286 FRA 45
50.22269612 -78.69149456 10.7693580040799 MOZ 46
57.02014301 -27.98063835 12.640297132402791 ETH 47
61.00110787 -13.38030532 4.1249397137412886 ERI 48
0.8397988521 69.16845123 0.26026206750102998 AND 49
42.15388061 61.07918405 2.7219911018816467 BIH 50
-7.520620376 -58.06367996 13.430577770908654 AGO 51
77.49285366 93.31276868 6.9975203809468365 FIN 52
33.04162478 -2.768123942 16.519328416765436 SDN 53
132.5837726 9.939873444 2.3569218212962175 BTN 54
143.5701961 3.22762829 9.8940162811411714 MMR 55
181.5757988 84.47460204 15.043446359506245 MNG 56
192.9655147 54.26310005 3.8077572553501451 KOR 57
8.205780279 -17.42461377 9.4940652355111013 CAF 58
51.64691708 28.96624344 1.7335407798667928 ISR 59
154.796901 9.127930734 0.069098829894267105 MAC 60
163.2470213 -7.068876209 6.9225625078330566 VNM 61
-32.17109615 54.29641878 8.0380127786601907 MAR 62
50.96190444 32.11028612 1.2297521169972385 LBN 63
62.58239068 6.198973056 17.636062827189139 SAU 64
89.64789139 19.44140956 15.442515119216102 IRN 65
65.08155842 -16.92596961 1.8321312927196423 DJI 66
56.98556804 82.57580081 3.0737616009915341 LTU 67
129.370598 119.9865367 49.73813004899354 RUS 68
29.77959528 -81.19277568 7.5191211848412927 ZWE 69
-58.76463581 32.90529393 12.211805013064447 MRT 70
7.983901099 -75.19777948 9.1764598928151706 BWA 71
79.0725916 1.3877065 1.2947382687625775 QAT 72
-63.45961545 12.70456932 1.2435997800790115 GMB 73
116.4687178 -24.96904905 21.809842805662846 IND 74
-6.636607708 -25.16885735 8.2939706717096016 CMR 75
22.08522647 58.92161036 0.0079788456080286552 VAT 76
-47.25134277 -9.145683076 4.0141682476414831 LBR 77
-31.11822118 -7.812722208 5.8747281724000917 GHA 78
52.83794684 63.03945646 5.8729832234496548 ROU 79
65.62895432 68.10408668 9.3444205288579756 UKR 80
35.04838081 -43.45376204 2.0067867395466026 BDI 81
57.28939645 -47.66034006 9.1635782621702848 KEN 82
-49.34821885 6.122831717 5.9642391277240385 GIN 83
39.39913016 -70.32409609 4.1404135728534062 MWI 84
38.13900164 67.98244244 1.7126662258547731 SVN 85
37.55243888 -85.05475965 2.0957042128093146 LSO 86
-40.82761959 -1.701194794 6.8305163243713096 CIV 87
76.94899596 -30.65985812 9.6052178867038016 SOM 88
37.16004431 -25.89766174 9.4693503061046105 SSD 89
173.2841282 -41.92164605 1.4670014112087997 TLS 90
31.58684791 74.10570524 0.15222667215103919 LIE 91
16.45539667 89.34177988 2.1016648887586133 BEL 92
-6.158747883 -39.45121323 7.034396636012695 COG 93
40.44411186 -56.0683915 11.693637263754326 TZA 94
39.63133148 78.27605478 3.3779741174170201 CZE 95
144.0898535 -27.20201816 6.9182849056703137 MYS 96
46.93232709 72.03163181 2.6636441277096723 SVK 97
43.61939171 -38.18751391 5.9117646500434855 UGA 98
187.7075982 65.74534091 4.1761463891978092 PRK 99
18.89748106 89.13112075 0.61167102287130437 LUX 100
-22.81676862 -0.5379639627 4.0366887459331542 BEN 101
44.92953461 47.07856465 4.3700261950646242 GRC 102
27.75534734 73.16817557 2.4440156174200909 CHE 103
-57.54250733 12.20295046 5.3350681075941653 SEN 104
55.75906651 24.10805713 3.5953531784685278 JOR 105
17.58034139 93.4156009 2.4607204845120085 NLD 106
85.45743511 -5.150097621 6.6918164758255898 OMN 107
29.07677188 64.56045077 6.60297080263725 ITA 108
157.8039574 3.098286445 5.8533520510245216 LAO 109
79.14637198 45.09390608 2.0744691699927422 ARM 110
15.57733478 73.1911578 0.017841241161527712 MCO 111
82.75543536 3.623045705 3.4778981691510249 ARE 112
53.23046519 30.79771961 0.94864414308992251 PSE 113
65.75989604 100.1947856 8.0716504000200491 SWE 114
59.36204632 59.76383723 2.2129325057450684 MDA 115
-12.83803946 72.27574898 8.5562917146788315 ESP 116
-10.28994096 -7.622670023 11.560994867881758 NGA 117
42.97798594 53.68087307 2.0394653575731141 ALB 118
40.70373491 -86.10787953 1.5850414094500571 SWZ 119
77.91938468 53.35562487 3.1756306699768504 GEO 120
19.29159496 35.56306949 15.955606606482256 LBY 121
176.5113667 -29.97688626 8.1833127041034572 PNG 122
48.18432671 81.6116009 6.726095861022678 POL 123
37.16810119 72.58724279 3.4835314628924903 AUT 124
156.60627 9.177765276 0.39965973138036587 HKG 125
68.89001936 91.12239978 2.558075639653592 EST 126
55.55198027 91.41479357 6.8446870137510043 NOR 127
41.46729735 56.844488 1.4136524068663683 MNE 128
72.45874557 31.72652831 7.9635714458920726 IRQ 129
-56.90864849 5.196641383 2.2862142627261157 GNB 130
-39.30793953 20.42611831 13.395476660243068 MLI 131
99.15364949 64.9116906 19.855874703428899 KAZ 132
