4.258462735 52.98874834 6.594505034529087 NLD 0
15.50020288 45.64623061 7.667168302601846 HRV 1
24.03916299 48.16614258 15.734518209212151 ROU 2
20.27776907 47.42484696 9.8285647100203199 HUN 3
26.24175117 42.55517143 10.731473189702124 BGR 4
21.22651442 42.84098511 5.1671881379621123 MKD 5
14.00968969 43.12376709 17.690380089202598 ITA 6
20.7173222 44.82933954 9.5805969949663297 SRB 7
2.11296455 44.24935923 23.936536824085962 FRA 8
14.21493095 46.08441401 4.5855807790618197 SVN 9
7.625193245 50.31682693 19.258130251615338 DEU 10
17.1147646 43.461132 7.291809335695798 BIH 11
-4.296553473 39.80379266 22.924155157693185 ESP 12
19.67700825 41.18009321 5.4636161217929544 ALB 13
10.50878489 56.91249964 6.6893948754515371 DNK 14
3.597854857 51.13669483 5.6289045178200103 BEL 15
18.17842976 48.99404465 9.051682976314833 CZE 16
-8.104603657 39.24293348 9.7788882807471733 PRT 17
21.24132384 49.35843376 7.1369424817025244 SVK 18
20.06702575 52.5177115 18.020890052385052 POL 19
5.198973774 49.63380698 1.641006287957139 LUX 20
12.67650518 46.7638092 9.3321800700525035 AUT 21
21.35677359 38.64821901 11.706899871242298 GRC 22
7.621235968 44.38705001 6.5465443614005681 CHE 23
