104.8431953 -1144.912349 9299.9955315274165 HRV 0
30068.96893 -1308.951658 26148.394905946767 UZB 1
3358.506785 647.4967551 13017.331640957444 BGR 2
-3315.684213 25125.90497 20162.191682132296 ESH 3
-2643.632224 133.6449634 6547.4219401743785 GNQ 4
1240.482321 -368.7563362 11620.555890876883 SRB 5
-8552.393037 11783.83355 20424.541529502047 BFA 6
-3542.974207 3429.937232 9315.6723508198993 TGO 7
25605.64651 1657.111231 27311.870996957427 TKM 8
19545.47511 17404.26153 9932.8866967913218 LVA 9
888.9896678 4761.699243 23361.493045033207 DEU 10
10604.87603 -19510.05201 28003.13082664596 THA 11
13759.79287 6808.100005 11504.184274231324 AZE 12
47838.06578 -23003.26033 121797.59885256168 CHN 13
-10780.11018 -1471.734499 20225.309742292549 GAB 14
27435.87215 -20625.25135 36712.136629304121 PAK 15
-18433.1192 -9724.544568 6344.3648614595022 RWA 16
3458.250268 -2466.501119 16822.646216360579 SYR 17
-23810.8852 -25176.7379 33914.285871694694 ZMB 18
-512.2653699 610.7093893 8115.3207477437409 DNK 19
27270.81817 -28250.39454 14997.635067592451 NPL 20
-17185.24476 28411.61551 15812.555383164239 TUN 21
13968.35345 -25668.56556 15017.439376193026 BGD 22
33560.85993 -5715.039025 17480.700459452979 KGZ 23
-17997.18091 12730.49404 39140.68310948721 EGY 24
-16528.01533 40831.32682 60331.533119202053 DZA 25
-22588.34268 25574.83238 44003.311148803972 NER 26
27554.79819 -10367.42115 31571.664779167633 AFG 27
-6776.741328 -9227.801417 28405.395158536103 YEM 28
-379.1809135 2527.361957 11863.227232330881 PRT 29
-38024.1277 -16502.78531 59862.571565178427 COD 30
353.4319006 -712.4247185 5218.2408962828777 KWT 31
-19.4332587 -11.47003316 100.43129252602915 GIB 32
10669.6877 -11383.16165 16633.29390510522 KHM 33
-4759.421542 -46499.62487 53950.496323601539 IDN 34
29187.62743 -6819.005548 14788.247792084925 TJK 35
-1564.711176 634.671199 10470.734920117422 SLE 36
10625.72294 1664.326694 34604.597369595911 TUR 37
16121.68257 16531.71593 17811.917508240575 BLR 38
1850.061117 1162.783642 11923.496984811374 HUN 39
507.0150857 -53.482956 6268.6613733908316 MKD 40
52.2918287 -232.3072715 2968.1935705152059 BRN 41
-7072.620057 -26273.30805 43197.786054407276 ZAF 42
-36412.11746 18520.80565 44297.540065437912 TCD 43
9.67824325 -14.01965397 305.72490772636235 SMR 44
-5428.465454 814.2203545 29036.653425565593 FRA 45
-13708.26101 -18588.13005 35000.413513259671 MOZ 46
-25492.14876 1467.846952 41080.965680309062 ETH 47
-15355.07739 2561.007662 13406.054069659185 ERI 48
-18.42900279 15.02711009 845.85171937834752 AND 49
-573.1823246 -734.3362539 8846.4710811153491 BIH 50
-37497.80646 -30717.44159 43649.377755453119 AGO 51
20085.31097 23188.14505 22741.941238077216 FIN 52
-42574.52214 8904.789575 53687.817354487663 SDN 53
26308.47294 -24835.99074 7659.9959192127062 BTN 54
19218.38632 -27241.57071 32155.552913708801 MMR 55
64986.97398 7573.903313 48891.200668395286 MNG 56
5443.702654 571.8995513 12375.211079887971 KOR 57
-34891.06965 791.1204348 30855.712015411074 CAF 58
-417.7229853 147.9355709 5634.0075345670757 ISR 59
20261.90696 -9745.215692 224.57119715636793 MAC 60
19582.06348 -14087.85466 22498.32815045743 VNM 61
-1734.641163 19734.49064 26123.54153064562 MAR 62
115.9699472 -23.82131643 3996.6943802410251 LBN 63
672.4589028 -14470.52445 57317.204188364689 SAU 64
18310.35543 -3950.499517 50188.174137452326 IRN 65
-8925.743882 253.060743 5954.4267013388362 DJI 66
18232.29027 15517.65491 9989.725203222486 LTU 67
42386.96271 39026.50193 161648.92265922896 RUS 68
-15145.8842 -25247.16558 24437.143850734199 ZWE 69
-3798.249818 32403.27045 39688.366292459454 MRT 70
-16035.67356 -32279.65657 29823.494651649296 BWA 71
-88.72257776 -399.4896513 4207.8993734783753 QAT 72
4.870213338 116.0968586 4041.6992852567869 GMB 73
26979.29276 -44761.68476 70881.989118404235 IND 74
-19289.08799 4389.625513 26955.4046830562 CMR 75
7.186548623 -14.89860858 25.931248226093295 VAT 76
-2055.349381 2450.44224 13046.046804834818 LBR 77
-7051.940017 4676.719367 19092.866560300299 GHA 78
4405.186803 3847.967686 19087.195476211375 ROU 79
8602.255664 11689.72689 30369.366718788409 UKR 80
-17271.55893 -9673.380261 6522.056903526458 BDI 81
-21386.29302 -5731.025051 29781.629352053424 KEN 82
-2860.999822 6193.175726 19383.777165103125 GIN 83
-13109.52949 -12733.49808 13456.344111773569 MWI 84
-282.0378577 -180.4030996 5566.1652340280116 SVN 85
-694.948034 -2393.639439 6811.0386916302705 LSO 86
-5739.621274 8527.192253 22199.17805420675 CIV 87
-14913.84423 -3758.868666 31216.958131787353 SOM 88
-32286.76086 -5271.288724 30775.388494839979 SSD 89
-2295.114268 -18364.47917 4767.7545864285985 TLS 90
11.91493504 -4.572292295 494.73668449087711 LIE 91
-90.08333142 413.432045 6830.4108884654916 BEL 92
-27443.98076 -8547.624022 22861.789067041256 COG 93
-22621.55335 -15944.37355 38004.321107201555 TZA 94
1597.872428 2311.521276 10978.415881605315 CZE 95
2720.875055 -22178.15721 22484.425943428512 MYS 96
2633.37222 2495.202918 8656.8434150564353 SVK 97
-22095.9834 -9889.827882 19213.235112641327 UGA 98
22853.33502 5425.179035 13572.475764892877 PRK 99
-8.749301953 7.695003275 1987.9308243317384 LUX 100
-11262.23646 9371.962745 13119.23842428275 BEN 101
2423.539582 -814.0739708 14202.585133960029 GRC 102
-908.9514692 -68.14166975 7943.0507566152937 CHE 103
-2812.643835 10951.24345 17338.971349681033 SEN 104
1043.537784 -2364.760977 11684.897830022712 JOR 105
402.4136671 436.7140852 7997.3415746640276 NLD 106
-955.5131586 -6360.385786 21748.403546433161 OMN 107
-2977.727879 -2120.367323 21459.65510857106 ITA 108
16870.30475 -17194.63862 19023.394165829694 LAO 109
6834.058307 1594.476135 6742.0248024764123 ARM 110
-18.49813542 -11.3588342 57.984033774964949 MCO 111
-135.1966928 -3710.38356 11303.169049740827 ARE 112
-147.8562419 60.8212594 3083.0934650422473 PSE 113
10679.39735 21785.36019 26232.863800065159 SWE 114
957.3000623 898.8474618 7192.0306436714718 MDA 115
1314.264505 9309.674157 27807.948072706196 ESP 116
-25700.68334 14962.21365 37573.233320615705 NGA 117
293.5065954 -281.0011442 6628.262412112621 ALB 118
-3881.640726 -8498.871707 5151.3845807126854 SWZ 119
12880.00209 8700.179926 10320.799677424764 GEO 120
-35327.30204 32110.51125 51855.721471067329 LBY 121
-678.1550696 -35382.08586 26595.766288336232 PNG 122
12704.82708 12327.25414 21859.811548323698 POL 123
199.2452405 1283.55813 11321.477254400592 AUT 124
20320.01668 -9789.756698 1298.8941269861889 HKG 125
21005.51059 18525.57845 8313.7458288741727 EST 126
16930.20214 26096.19432 22245.232794690761 NOR 127
-61.9776139 -64.8391108 4594.3703223156954 MNE 128
6215.708679 -5127.076748 25881.607199149232 IRQ 129
-826.7882771 1285.452464 7430.1963538598757 GNB 130
-9995.526328 22305.09238 43535.29914578997 MLI 131
44942.9037 5026.367428 64531.592786143912 KAZ 132
