6.793840972 70.61069741 2.2641133951883203 NLD 0
27.2821451 50.88427685 2.6323944505599672 HRV 1
39.95095357 56.14926531 5.4021845851628383 ROU 2
30.95492803 55.6321847 3.3744738837736432 HUN 3
41.29269113 46.24435585 3.6844724617977298 BGR 4
36.22769637 44.17622566 1.7740679273669924 MKD 5
18.61426813 50.25127214 6.0736971639595589 ITA 6
34.91548303 49.06664283 3.289338301605107 SRB 7
4.465033986 56.4670594 8.2182109762695141 FRA 8
25.05255048 54.45160256 1.5743827341445586 SVN 9
14.88328802 66.98464039 6.6119580530546003 DEU 10
29.78056953 46.40738747 2.5035212052555575 BIH 11
-17.63915324 46.73656784 7.8706266041413286 ESP 12
32.7456485 43.06760248 1.8758415351489148 ALB 13
13.16436422 76.3748519 2.2966922405716947 DNK 14
5.953512064 66.49895079 1.932590551118204 BEL 15
24.32144302 64.66221165 3.1077444885347592 CZE 16
-28.78051187 45.3438971 3.3574183097231969 PRT 17
28.35502274 60.83805529 2.4503502520512006 SVK 18
32.65819838 68.73756818 6.1871722513188692 POL 19
7.636937927 64.65587939 0.56341215886528451 LUX 20
22.65496883 58.58506557 3.204048490718026 AUT 21
36.61578305 38.40229576 4.0193689557931895 GRC 22
16.57577032 58.30408014 2.2476468974141959 CHE 23
