64.43007967 39.64069997 9.165249799839879 UZB 0
56.92182341 20.39583285 7.6241105511623832 OMN 1
104.7222557 18.50626351 6.667895066691008 LAO 2
114.5196594 4.260232495 1.0456093754722486 BRN 3
45.38705695 40.84040148 2.3767017744604053 ARM 4
59.43093524 38.78173993 9.5736563890706456 TKM 5
99.69649533 14.05365266 9.8179695206792577 THA 6
104.5721348 34.23440328 42.686824002953294 CHN 7
49.2172259 40.49384087 4.027066922312823 AZE 8
53.26136659 24.67177069 3.9586132058775765 ARE 9
68.2217788 29.05605166 12.869918156710751 PAK 10
35.4235011 31.68284596 1.0456093754722486 PSE 11
125.7067599 -8.91055885 1.6532535846592511 TLS 12
37.99903197 35.30899983 5.8994364493626845 SYR 13
90.02286225 27.88861702 2.6997517985615711 BTN 14
98.33205479 21.06139079 11.269644917170192 MMR 15
105.75077 46.78854264 17.133323448509998 MNG 16
127.6584156 36.62010173 4.3322394806414879 KOR 17
84.95827726 27.72876087 5.2627851125215495 NPL 18
36.26832105 30.30966521 4.0943763236693087 JOR 19
44.26307846 42.25024976 3.6220971263765955 GEO 20
74.88099596 41.92522498 6.1267118289713665 KGZ 21
113.6089309 23.74793198 0 MAC 22
105.9754545 14.88380233 7.8826280244570492 VNM 23
89.58435341 24.05534 5.2627851125215495 BGD 24
34.94361091 31.23799784 1.956156021707913 ISR 25
64.08617078 33.20020773 11.065689504068517 AFG 26
35.49094955 34.29270551 1.415761787097328 LBN 27
45.52601708 24.02272693 20.090035713661454 SAU 28
53.11111888 31.35756671 17.589872296277676 IRN 29
48.51312776 14.87338628 9.956192692197936 YEM 30
112.3284683 1.62463715 7.8826280244570492 MYS 31
128.108346 39.56102598 4.7534035489208106 PRK 32
50.49920573 25.19137368 1.4787149597373157 QAT 33
114.4049975 21.49099876 0.42686824002953294 HKG 34
48.72926891 29.77992255 1.8110485631882978 KWT 35
76.55947029 19.28870575 24.842851413426768 IND 36
105.2627776 11.64711089 5.8373353889155064 KHM 37
119.3454563 -4.923733345 18.907902102207885 IDN 38
71.88924779 39.16158942 5.1755023590806051 TJK 39
45.4448016 32.9530922 9.0753432686786972 IRQ 40
34.00855309 37.83041553 12.126364291787961 TUR 41
68.27611311 47.71113739 22.615961169691023 KAZ 42
