65.32174706 41.34111403 9.165249799839879 UZB 0
57.73848756 20.1565008 7.6241105511623832 OMN 1
104.4566792 17.13873383 6.667895066691008 LAO 2
115.950218 5.86266601 1.0456093754722486 BRN 3
46.36217684 40.91591014 2.3767017744604053 ARM 4
58.42848185 40.73563284 9.5736563890706456 TKM 5
97.90476927 12.57303373 9.8179695206792577 THA 6
107.5332907 36.65100359 42.686824002953294 CHN 7
48.80188951 41.6639237 4.027066922312823 AZE 8
54.02978519 23.17155053 3.9586132058775765 ARE 9
72.75409609 29.48679764 12.869918156710751 PAK 10
33.96492733 31.7479551 1.0456093754722486 PSE 11
127.5770229 -9.560769858 1.6532535846592511 TLS 12
38.01050856 35.84980921 5.8994364493626845 SYR 13
93.07133479 28.0509385 2.6997517985615711 BTN 14
96.14699336 20.30215732 11.269644917170192 MMR 15
104.0933801 58.47615216 17.133323448509998 MNG 16
126.6239704 36.32299451 4.3322394806414879 KOR 17
84.96900557 26.66228171 5.2627851125215495 NPL 18
35.04783683 29.98129475 4.0943763236693087 JOR 19
44.92715736 43.48780754 3.6220971263765955 GEO 20
76.48223544 42.71149778 6.1267118289713665 KGZ 21
114.2321696 22.38182477 0 MAC 22
107.5751165 12.76130266 7.8826280244570492 VNM 23
90.50357848 22.66958636 5.2627851125215495 BGD 24
32.98787025 30.86013967 1.956156021707913 ISR 25
65.07885966 33.87407007 11.065689504068517 AFG 26
34.73549605 33.59695308 1.415761787097328 LBN 27
42.94592346 22.71505144 20.090035713661454 SAU 28
53.08055924 32.24826514 17.589872296277676 IRN 29
45.9169611 12.0270068 9.956192692197936 YEM 30
111.6259103 2.560934055 7.8826280244570492 MYS 31
126.5166358 40.58993973 4.7534035489208106 PRK 32
51.447713 24.72641365 1.4787149597373157 QAT 33
114.8724842 22.09622469 0.42686824002953294 HKG 34
46.1916198 30.28233002 1.8110485631882978 KWT 35
78.85815781 16.97221395 24.842851413426768 IND 36
105.3197179 8.218483551 5.8373353889155064 KHM 37
119.8976858 -4.687784752 18.907902102207885 IDN 38
71.04828951 39.60547908 5.1755023590806051 TJK 39
43.28180147 33.47838978 9.0753432686786972 IRQ 40
33.32451501 41.07905134 12.126364291787961 TUR 41
69.49406281 52.31072846 22.615961169691023 KAZ 42
