73.08491698 74.62819328 5.41121775938721 ECU 0
134.2148093 100.3859499 4.16258574594586 SUR 1
131.3580166 66.33149424 30.0117779180514 BRA 2
94.43570717 16.81096292 17.1487899565642 ARG 3
68.36771757 98.44712054 3.71341483156393 NIC 4
57.1913776 108.1175719 1.55854959696232 BLZ 5
96.99011122 44.6220449 10.7794320639457 BOL 6
62.59227653 102.9545624 3.44937940416399 HND 7
110.966189 33.80410526 6.55910526893963 PRY 8
43.08731778 222.668727 32.4972564457535 CAN 9
114.8573601 23.53820889 4.3758251458373 URY 10
57.88156485 100.4960729 1.4918012341503 SLV 11
39.00911034 113.3719608 14.4142501549335 MEX 12
69.80362335 92.58606387 2.32482147208809 CRI 13
74.79856353 91.35222807 2.82432141359342 PAN 14
54.46005979 103.9851455 3.3936874521203 GTM 15
110.6714094 100.238846 9.84539372082276 VEN 16
78.64136808 37.57886693 8.94272914876904 CHL 17
78.67206387 58.51287528 11.6591762082629 PER 18
46.04959058 158.7252886 31.4854646865675 USA 19
86.51521339 84.03563333 10.9891723044786 COL 20
140.9306422 97.99596479 2.97242891223134 GUF 21
125.2823709 100.5249184 4.76834638853841 GUY 22
