72.63692759 52.31035255 1.7559590738011 UZB 0
69.4241864 30.35013452 1.46069407755915 OMN 1
83.03982937 35.92565944 1.27749391464641 LAO 2
84.91173955 32.11804865 0.200327029880197 BRN 3
65.16905372 47.47297969 0.455349405387274 ARM 4
69.31951033 50.94971665 1.8342051960369 TKM 5
81.2679416 33.31356347 1.88101285209276 THA 6
83.49106759 47.7105082 8.17831674822937 CHN 7
65.98266197 48.39041921 0.771540858947784 AZE 8
69.27625029 32.56045049 0.758425894584022 ARE 9
73.56166895 43.96730185 2.46573198329505 PAK 10
61.50457857 40.74668927 0.200327029880197 PSE 11
87.29340623 21.92936979 0.316744845659016 TLS 12
62.08616966 42.03200875 1.13026586179379 SYR 13
76.34207739 42.75403404 0.517242167014133 BTN 14
79.91678575 37.35420473 2.15913757758868 MMR 15
81.77611193 59.04980518 3.28255262331266 MNG 16
92.59293515 43.93302205 0.830008498627575 KOR 17
76.49486934 41.2388355 1.00829060567002 NPL 18
62.13450729 39.99190559 0.784436585375896 JOR 19
64.60446012 48.88491368 0.69395318776374 GEO 20
75.54570132 52.64256226 1.17380927564405 KGZ 21
84.32596681 39.59666869 0 MAC 22
85.6809912 36.793879 1.51022312618102 VNM 23
77.79188287 39.6978323 1.00829060567002 BGD 24
61.04197794 40.37941117 0.374777555560862 ISR 25
72.56885357 48.43702484 2.12006200778883 AFG 26
61.12073842 41.01949958 0.271244080705563 LBN 27
64.62648733 34.16931283 3.84902553392579 SAU 28
67.78674633 44.67473752 3.37002226237096 IRN 29
66.13899778 28.62448676 1.90749486158932 YEM 30
83.67971515 30.93355508 1.51022312618102 MYS 31
93.25122938 45.54285262 0.910698810774548 PRK 32
68.95742534 33.55055158 0.283305202566495 QAT 33
84.72763205 39.51810126 0.0817831674822937 HKG 34
66.10629323 39.11522288 0.34697659388187 KWT 35
72.81984493 36.80277356 4.75961171939485 IND 36
84.81174505 34.31802931 1.1183679950726 KHM 37
85.09794674 25.96690355 3.6225419915445 IDN 38
74.79392869 50.61466262 0.991568208982733 TJK 39
64.58873428 40.63208138 1.73873399072816 IRQ 40
62.49397109 46.73750613 2.32327540169769 TUR 41
74.17602721 58.19525019 4.3329645231651 KAZ 42
