1.21445422 12.52898159 0.401857389756773 NLD 0
4.851342351 9.036358962 0.467223578536471 HRV 1
7.243529703 9.822457083 0.958833511162213 ROU 2
5.485339048 9.884584801 0.598935225425353 HUN 3
7.323544392 8.208973939 0.65395685979129 BGR 4
6.430081114 7.851506321 0.314879240614894 MKD 5
3.320796153 8.903484033 1.07802025007625 ITA 6
6.186486298 8.710280408 0.583824514584466 SRB 7
0.7729095003 10.0253242 1.45864991497894 FRA 8
4.510459837 9.700672955 0.279437124203243 SVN 9
2.631444931 11.86416754 1.17355615227955 DEU 10
5.280447258 8.239029865 0.444349871734693 BIH 11
-1.78529781 8.800337156 1.39695717962367 ESP 12
5.822207466 7.640044596 0.332943033910888 ALB 13
2.94073146 13.4092785 0.407639807631635 DNK 14
1.056269503 11.80135043 0.34301541433015 BEL 15
4.297353637 11.46261658 0.551593436462886 CZE 16
-3.754296959 8.554705624 0.595908032315997 PRT 17
5.038617017 10.80921491 0.434912561522673 SVK 18
5.769521221 12.18225021 1.09816093848238 POL 19
1.39564001 11.51999851 0.1 LUX 20
4.00579298 10.38875364 0.568686429694915 AUT 21
6.49321894 6.832075868 0.713397624198992 GRC 22
2.946891165 10.33282621 0.398934751770529 CHE 23
