15.9449554 44.54050781 4.5526776267791265 HRV 0
64.87137628 40.79738305 12.800566630480661 UZB 1
24.44159674 43.42234923 6.3724454835751505 BGR 2
-11.56804571 25.92898324 9.8701078583206741 ESH 3
9.730443741 2.762871169 3.2051952368216887 GNQ 4
21.11859316 44.02733615 5.6886742187974573 SRB 5
-0.5682846924 12.6743662 9.9985374125564945 BFA 6
1.642438046 7.63998977 4.5603519857839236 TGO 7
60.07454429 40.33120289 13.370129438428238 TKM 8
25.33009415 56.92301894 4.8625002969637778 LVA 9
8.560315572 50.76347536 11.436279335159089 DEU 10
99.86352635 15.50232655 13.708525639829128 THA 11
46.62492599 39.94778622 5.6317061854582686 AZE 12
104.6231339 33.1566606 59.624244055997465 CHN 13
12.16499257 -1.000486646 9.901006387181587 GAB 14
69.74830112 29.99136127 17.971892835527065 PAK 15
29.55270775 -1.331166705 3.1057915955951527 RWA 16
38.01050533 34.0451104 8.2352819195243896 SYR 17
29.95595793 -13.91326525 16.602245666982306 ZMB 18
9.177041183 55.10642071 3.9727373069308731 DNK 19
83.17271543 27.19585542 7.3418742401924684 NPL 20
9.697178598 33.86083967 7.7408066349161162 TUN 21
91.78119795 23.4410615 7.3515691515904384 BGD 22
74.85922705 41.77369679 8.5574228086869208 KGZ 23
29.91082783 28.04799228 19.16075246330227 EGY 24
3.935674379 28.51845749 29.534425053208992 DZA 25
8.895006845 17.63153186 21.541181336294471 NER 26
64.11779809 33.30048315 15.455449563713943 AFG 27
47.43409251 14.92054015 13.905448296150741 YEM 28
-7.413745345 39.29559673 5.8074704465109814 PRT 29
23.64834165 -0.2914924693 29.304851741309538 COD 30
48.03678287 28.74782419 2.5545139778953314 KWT 31
-4.415900762 35.007304 0.049164679376643552 GIB 32
105.3793568 12.51374562 8.1425872479937649 KHM 33
119.8178412 -4.797471986 26.410681245322071 IDN 34
70.31589771 38.22775429 7.2393717431424731 TJK 35
-12.38525424 8.414625908 5.1257960764766386 SLE 36
33.16093725 38.53001553 16.940177626341764 TUR 37
27.17818988 53.31985926 8.7195653003162121 BLR 38
19.83878429 46.48438638 5.8369746277505596 HUN 39
22.13651879 41.81533604 3.0687320534447307 MKD 40
114.5867871 3.686789427 1.453036016482347 BRN 41
23.3420349 -27.93735216 21.146848235527195 ZAF 42
19.51163719 14.12213818 21.685216825491182 TCD 43
11.73795925 46.63184935 0.14966318452911395 SMR 44
2.020205347 46.61686715 14.214471604740707 FRA 45
35.87822691 -17.3380635 17.133943665848665 MOZ 46
37.8641537 9.299023215 20.110589591703491 ETH 47
39.15331854 15.20174648 6.5627388980373613 ERI 48
0.703138228 42.6932674 0.41407441383512078 AND 49
18.12806078 43.84330381 4.3306613245573979 BIH 50
18.09960246 -11.34322965 21.367918388391331 AGO 51
25.24388394 62.8915824 11.132986753931805 FIN 52
29.38181207 15.4172323 26.282090574320566 SDN 53
89.92377778 28.21632614 3.749839655771483 BTN 54
97.26178303 21.2788251 15.74128351252131 MMR 55
107.2818693 48.57280548 23.933976599751627 MNG 56
129.1691915 36.54125805 6.0581046968333183 KOR 57
19.87129088 6.978124398 15.104965295379047 CAF 58
34.47465156 30.57769059 2.7580464920412568 ISR 59
112.8397954 22.56338734 0.10993556517815699 MAC 60
106.3793838 16.05938725 11.013729508072137 VNM 61
-5.621565223 31.73572917 12.788400021873175 MAR 62
36.13417894 33.16822866 1.9565236374913348 LBN 63
43.77422091 24.27564547 28.058804141709228 SAU 64
51.93385299 31.89266427 24.568891108590357 IRN 65
42.17198403 13.14114331 2.9149030374888021 DJI 66
23.82192762 55.70407588 4.8903247615768484 LTU 67
99.05152948 65.68983177 79.132880342658851 RUS 68
29.38755657 -19.30511989 11.962848551320587 ZWE 69
-11.37268716 20.15563027 19.428862804347926 MRT 70
24.26004695 -20.07007945 14.599658289365967 BWA 71
52.11469089 26.35584352 2.0599159718334348 QAT 72
-16.41866167 14.42821668 1.9785551345459282 GMB 73
78.01768209 19.6286025 34.699247425117875 IND 74
11.13586822 5.465808621 13.195626536088458 CMR 75
10.2523252 41.10884271 0.012694265629824517 VAT 76
-10.94486618 6.352280368 6.3865025746447772 LBR 77
-1.181142874 7.278694786 9.3466352887464552 GHA 78
24.27040868 46.48129592 9.343859091966177 ROU 79
33.24317073 49.19038515 14.866882024982077 UKR 80
30.13308019 -3.670130941 3.19277815183945 BDI 81
37.75507009 1.3307574 14.579163740507054 KEN 82
-10.43060993 10.90575471 9.4890463466215635 GIN 83
34.36099643 -13.13927649 6.5873576571332961 MWI 84
15.05217678 46.56571311 2.7248352799749322 SVN 85
27.81781124 -29.25245449 3.3342449855370329 LSO 86
-5.009479553 7.611813239 10.867284926928818 CIV 87
50.35370899 9.244114824 15.281808080540799 SOM 88
29.9924477 7.678409395 15.065644083474325 SSD 89
126.2833741 -8.833373089 2.333984953220948 TLS 90
8.629274665 46.6602113 0.24219115234978761 LIE 91
3.102686117 50.42675543 3.3437283629014938 BEL 92
16.14532785 -1.475274662 11.191656516480931 COG 93
35.09448095 -6.715439823 18.604462963356873 TZA 94
15.99452492 49.48856747 5.3743239114709889 CZE 95
112.6155849 1.890897108 11.006923884705028 MYS 96
19.40912438 49.15191985 4.23783185708528 SVK 97
31.91162818 2.362945461 9.4055599638554988 UGA 98
127.4550325 42.87246107 6.6442082198163428 PRK 99
6.616520631 49.55845507 0.97316263828712479 LUX 100
2.663430049 10.16904029 6.4223324680246954 BEN 101
22.34733215 38.90825086 6.9526691021093443 GRC 102
7.310077237 46.34616207 3.8884050369080385 CHE 103
-14.39648355 14.94140059 8.4880413831868076 SEN 104
36.98111348 29.87077695 5.7201718798253314 JOR 105
6.009378152 52.38518631 3.914982317706948 NLD 106
58.55653466 19.96393548 10.64661481915231 OMN 107
12.13530016 43.73374542 10.505262218673552 ITA 108
103.9644787 19.18105876 9.3126260878911555 LAO 109
44.20875046 39.68348628 3.3004602392946678 ARM 110
7.418534739 42.94593342 0.028385240872726803 MCO 111
54.70929026 24.44456234 5.5333021042866761 ARE 112
35.96301234 32.07030755 1.5092835896515178 PSE 113
14.75272392 63.5377728 12.841917149747891 SWE 114
30.12581968 47.76147868 3.5207540575210716 MDA 115
-2.194353252 40.52440071 13.612976759834263 ESP 116
7.79475541 10.26099317 18.393430203769647 NGA 117
19.81112365 41.47049624 3.2447695147537408 ALB 118
31.70147612 -26.62637595 2.521785440438141 SWZ 119
43.40810486 41.52733937 5.0523974578903728 GEO 120
15.30957341 26.80349986 25.385214666124078 LBY 121
147.5066974 -4.558873879 13.019570787693549 PNG 122
20.50437218 53.21312152 10.701152987039785 POL 123
13.43332036 47.38368775 5.5422646197479413 AUT 124
114.8873974 22.70520729 0.63585473900906408 HKG 125
26.52845255 60.34324595 4.0698734210711329 EST 126
9.415230234 62.81627488 10.889830355676377 NOR 127
18.63622689 42.41610968 2.2491072070557596 MNE 128
44.56130714 32.46040599 12.669964586671146 IRQ 129
-15.80365623 12.9627282 3.6373446189428389 GNB 130
-4.009894148 18.0499483 21.312072863289 MLI 131
68.28097958 48.5175553 31.590503210666249 KAZ 132
