6.005708719 68.23327581 2.4509577044999773 NLD 0
25.26240257 50.08283879 2.849630885800353 HRV 1
41.15210185 55.97841637 5.8479959344238495 ROU 2
30.47908875 54.21911756 3.6529498838908854 HUN 3
42.22759365 44.83584028 3.9885308688392893 BGR 4
34.9859683 44.19228179 1.9204715912759185 MKD 5
17.20930411 48.54278539 6.5749245998202985 ITA 6
34.36243431 49.32935528 3.5607885497958192 SRB 7
-0.9794936945 52.69198484 8.8964128529519488 FRA 8
24.23530058 55.62381249 1.7043075228846432 SVN 9
13.46574722 64.74181972 7.1576050768503672 DEU 10
29.61963403 47.30986862 2.7101224697669384 BIH 11
-20.2505138 44.60359773 8.5201443336093003 ESP 12
32.10577682 42.35331161 2.0306439919330481 ALB 13
11.77310263 78.26381399 2.4862250953761547 DNK 14
3.485706198 64.746995 2.092076179123104 BEL 15
24.20345253 64.79571716 3.3642088395303458 CZE 16
-34.75483537 43.7391536 3.6344868110110329 PRT 17
28.68121581 61.37046481 2.6525636223661051 SVK 18
30.88575264 72.72773165 6.6977641361364446 POL 19
6.572242783 63.33638973 0.60990733702407007 LUX 20
20.81006196 58.1742534 3.4684602593695137 AUT 21
35.56933661 35.71273963 4.3510644521450539 GRC 22
13.28035421 56.16809395 2.4331323209872111 CHE 23
