438.753017800 811.6969493 35.8640488511824032 HRV 0
1253.744326000 626.1662188 100.8373938576360018 UZB 1
598.124140400 716.1862733 50.1994023868809975 BGR 2
-507.964114697 725.680812386 77.7524919214811945 ESH 3
-146.219417800 -410.3667713 25.2491584018160999 GNQ 4
510.986387200 743.9767593 44.8129445584643022 SRB 5
-402.027367000 -1.015480948 78.7642050680382937 BFA 6
-283.451922300 -116.6081842 35.9245041719437026 TGO 7
1055.259786000 628.1289656 105.3241662677660031 TKM 8
680.859341100 1196.560137 38.3046994505896023 LVA 9
267.058106300 1094.513648 90.0901215450395938 DEU 10
2254.056545242 26.330597811 107.9899069357870047 THA 11
958.046693700 734.3920702 44.3641747359285006 AZE 12
1903.033192000 771.0938053 469.6943154861469907 CHN 13
-224.350351600 -478.780892 77.9958973280004955 GAB 14
1429.994641000 177.9955291 141.5748918417390030 PAK 15
523.446932283 -473.314031039 24.4660989943226994 RWA 16
692.886313900 496.5442214 64.8740317846825008 SYR 17
377.457069900 -825.7530606 130.7853967383209977 ZMB 18
287.146671600 1213.424865 31.2955268369140001 DNK 19
1802.459214805 266.160417776 57.8361478661917019 NPL 20
12.671887540 690.1268402 60.9787667963202011 TUN 21
2090.860643305 12.366973309 57.9125202352650987 BGD 22
1387.336239000 725.9141854 67.4117200492614046 KGZ 23
470.794180200 340.8927996 150.9402199547890007 EGY 24
-244.094538700 564.4203439 232.6595796437360093 DZA 25
-242.746726700 177.2933187 169.6922213891959927 NER 26
1441.122966000 434.8161893 121.7514270963589951 AFG 27
959.879480500 -97.06976993 109.5411794714659948 YEM 28
-245.978362106 890.586279623 45.7487704752816029 PRT 29
242.793999600 -504.7284728 230.8510991959969942 COD 30
906.578194200 376.4244988 20.1233694991667988 KWT 31
-131.725673248 808.544596944 0.3872983346207420 GIB 32
2398.333853953 127.820564999 64.1438227735141027 KHM 33
2481.296748703 -392.787137904 208.0520607924850083 IDN 34
1403.811846000 602.7299195 57.0286769967531981 TJK 35
-728.333425600 -61.81399502 40.3788310875884022 SLE 36
772.606217200 687.8414826 133.4474803059239889 TUR 37
765.105759500 1137.403327 68.6890093100780064 BLR 38
472.796925400 886.1256281 45.9811918070856009 HUN 39
534.758148800 681.750141 24.1741597578903011 MKD 40
2406.801277860 -123.658791933 11.4463968129712992 BRN 41
346.003834600 -1246.509831 166.5858337314429889 ZAF 42
82.022122730 134.1585443 170.8268714225019949 TCD 43
256.228103693 923.641174438 1.1789826122551601 SMR 44
123.365814600 952.5611467 111.9755330418209951 FRA 45
730.313838000 -924.3985856 134.9738863632520065 MOZ 46
776.169867300 -290.0887986 158.4226309590899859 ETH 47
774.538880200 -87.87655245 51.6984525880611017 ERI 48
8.362890632 949.9932652 3.2619012860600201 AND 49
434.823574900 744.4819904 34.1150992963527031 BIH 50
-33.641952540 -771.3446989 168.3273299259520002 AGO 51
821.938385800 1369.857813 87.7009121959401057 FIN 52
419.937058100 0.051917207 207.0390784368970003 SDN 53
1879.139522227 230.475876656 29.5396343917795008 BTN 54
2088.244440328 187.025399879 124.0031047998389937 MMR 55
2124.396081000 1428.850836 188.5416399631650108 MNG 56
1962.977222000 1268.466284 47.7231599959601027 KOR 57
133.160020800 -185.9476093 118.9904618026170056 CAF 58
610.529372600 430.7466183 21.7267116701998013 ISR 59
2163.360028384 379.085775206 0.8660254037844380 MAC 60
2426.521806938 270.041531617 86.7614545751740991 VNM 61
-383.876563360 855.3040394 100.7415505141750032 MAR 62
595.348890600 464.3317415 15.4126571362630003 LBN 63
793.300342400 173.9157328 221.0352686790049859 SAU 64
1148.185542000 356.0096975 193.5432251462189868 IRN 65
835.647102500 -125.996491 22.9623605058365001 DJI 66
620.749026800 1129.056939 38.5238886926020996 LTU 67
1383.008060000 1761.336887 623.3750155404039788 RUS 68
464.144924300 -1024.643571 94.2382088115005985 ZWE 69
-624.582267578 528.717588765 153.0522786501389874 MRT 70
182.548502000 -959.6780645 115.0098691417390029 BWA 71
1011.302776000 106.2051327 16.2271377636354011 QAT 72
-830.333479200 84.30508747 15.5862118553546996 GMB 73
1771.481179430 -52.027902024 273.3458432096589945 IND 74
-41.726044770 -333.7679936 103.9495069733380035 CMR 75
253.643382948 769.961603836 0.1000000000000000 VAT 76
-657.996065000 -115.861672 50.3101381433205006 LBR 77
-381.398796700 -155.5489663 73.6287987135468001 GHA 78
581.435602900 834.4333309 73.6069290216619976 ROU 79
706.957724400 968.2839794 117.1149435383889994 UKR 80
498.104249161 -515.050142886 25.1513419125103006 BDI 81
814.462412300 -550.205995 114.8484218437500033 KEN 82
-638.830865100 3.524412429 74.7506521710679976 GIN 83
559.552224600 -849.4716525 51.8923886519014985 MWI 84
405.642504400 873.8277434 21.4650879336656004 SVN 85
538.416936800 -1267.034716211 26.2657571754556010 LSO 86
-524.836690400 -100.8544606 85.6078267449885999 CIV 87
1044.232349000 -301.5715748 120.3835536940160011 SOM 88
509.734050500 -300.18954 118.6807060983380069 SSD 89
2698.994037547 -455.468718051 18.3861360812977992 TLS 90
315.654155600 957.2803414 1.9078784028338900 LIE 91
125.269966000 1088.932705 26.3404631698076983 BEL 92
-64.290096920 -517.275163 88.1630875139931049 COG 93
586.921559500 -660.4228411 146.5580089930259930 TZA 94
385.913160200 1029.768612 42.3366271684460003 CZE 95
2314.488538477 -154.938974063 86.7078427825301929 MYS 96
443.401555700 968.2877454 33.3838284203594000 SVK 97
618.429159800 -450.4807779 74.0929821238152044 UGA 98
1868.733321000 1293.38976 52.3402330908068976 PRK 99
156.870486300 1074.392379 7.6661594035083702 LUX 100
-281.703434900 -32.91356337 50.5923907322039028 BEN 101
526.188212300 598.0379498 54.7701561071354988 GRC 102
283.491181600 958.2636925 30.6311932513246994 CHE 103
-751.620094100 98.85252682 66.8651628278881986 SEN 104
663.820998600 394.8426907 45.0610696721682018 JOR 105
157.485129900 1135.148604 30.8405577122074988 NLD 106
1090.029616000 35.93421286 83.8694819347299045 OMN 107
287.305094600 845.6895919 82.7559665522672958 ITA 108
2282.536758938 200.861590451 73.3608887623369981 LAO 109
930.210847200 663.5199484 25.9996153817705000 ARM 110
226.600905718 908.626686411 0.2236067977499790 MCO 111
1047.120588000 151.251197 43.5889894354066030 ARE 112
630.960078700 455.9516001 11.8894911581614995 PSE 113
644.594788500 1330.243363 101.1631355781340034 SWE 114
683.079050100 830.7765568 27.7349959437530984 MDA 115
-94.522013565 909.54241456 107.2372136900250013 ESP 116
-107.318239300 -103.3774433 144.8955830934820028 NGA 117
488.675527700 668.4835247 25.5609076521159011 ALB 118
621.363196900 -1026.002423 19.8655480669423987 SWZ 119
901.795088500 793.3108066 39.8006281357467984 GEO 120
163.822668900 481.4560029 199.9738732934879977 LBY 121
2752.654209657 -246.673657925 102.5626150212639942 PNG 122
508.630514500 1067.850889 84.2991103155898998 POL 123
360.075479900 948.6350509 43.6595923022649970 AUT 124
2047.057959000 318.168365 5.0089919145472797 HKG 125
735.934131500 1240.317561 32.0607236350022973 EST 126
706.312972900 1499.190823 85.7854299983393958 NOR 127
463.293275200 703.5372313 17.7175054677570003 MNE 128
850.315093000 477.3039383 99.8085667665855993 IRQ 129
-738.747077800 7.856485641 28.6534465640697995 GNB 130
-564.062926400 224.6915621 167.8874027436249889 MLI 131
1165.013501000 950.8767658 248.8564847457259930 KAZ 132