72.636864450 52.31469179 1.7559590738010999 UZB 0
67.013900450 31.47056642 1.4606940775591499 OMN 1
83.027593820 35.86695845 1.2774939146464099 LAO 2
84.923160750 32.09521006 0.2003270298801970 BRN 3
65.160088720 47.62738201 0.4553494053872740 ARM 4
69.364424580 50.85988434 1.8342051960368999 TKM 5
81.213469960 33.28906455 1.8810128520927600 THA 6
83.492954690 47.69093769 8.1783167482293706 CHN 7
66.103267210 48.40146129 0.7715408589477840 AZE 8
67.563046860 33.61839956 0.7584258945840220 ARE 9
73.581512170 43.97408915 2.4657319832950502 PAK 10
61.613648670 41.20832037 0.2003270298801970 PSE 11
90.616460690 25.20105447 0.3167448456590160 TLS 12
62.397047890 42.2970274 1.1302658617937900 SYR 13
76.288246320 42.74180426 0.5172421670141329 BTN 14
79.974727020 37.42949542 2.1591375775886799 MMR 15
83.491779647 59.147720829 3.2825526233126601 MNG 16
92.648286405 47.972557575 0.8300084986275750 KOR 17
76.483569310 41.23675616 1.0082906056700200 NPL 18
62.179394180 40.40536438 0.7844365853758960 JOR 19
64.710103450 48.8337319 0.6939531877637400 GEO 20
75.545701320 52.64256226 1.1738092756440499 KGZ 21
88.022805189 40.869495839 0.0000000000000000 MAC 22
85.799696780 35.81653391 1.5102231261810199 VNM 23
77.770128050 39.67982562 1.0082906056700200 BGD 24
61.130815570 40.90097163 0.3747775555608620 ISR 25
72.557965660 48.45166687 2.1200620077888299 AFG 26
61.221533990 41.54145821 0.2712440807055630 LBN 27
63.203841760 35.14738214 3.8490255339257899 SAU 28
67.817704130 44.65665504 3.3700222623709601 IRN 29
64.292104470 29.5044554 1.9074948615893199 YEM 30
83.659161560 30.94383187 1.5102231261810199 MYS 31
92.361850899 49.689649803 0.9106988107745480 PRK 32
67.320069120 35.47687068 0.2833052025664950 QAT 33
88.315034392 40.985798402 0.0817831674822937 HKG 34
66.149976230 39.06997778 0.3469765938818700 KWT 35
72.800562780 36.81293322 4.7596117193948499 IND 36
84.171719300 33.76406496 1.1183679950726000 KHM 37
87.326914780 27.35393047 3.6225419915444999 IDN 38
74.793928690 50.61466262 0.9915682089827330 TJK 39
64.698788970 40.6089517 1.7387339907281600 IRQ 40
62.524106330 46.75438424 2.3232754016976900 TUR 41
74.580370630 58.05011161 4.3329645231651002 KAZ 42
