437.7987791 812.140707 35.8640488511824 HRV 0
1253.960317 626.1948292 100.837393857636 UZB 1
597.6173312 716.125419 50.199402386881 BGR 2
-507.9641147 725.6808124 77.7524919214812 ESH 3
-146.2194178 -410.3667713 25.2491584018161 GNQ 4
510.4325174 744.0005205 44.8129445584643 SRB 5
-402.2844798 -1.062010593 78.7642050680383 BFA 6
-283.3690156 -116.6382808 35.9245041719437 TGO 7
1055.358362 628.1836129 105.324166267766 TKM 8
680.779983 1196.611366 38.3046994505896 LVA 9
267.0581063 1094.513648 90.0901215450396 DEU 10
2254.056545 26.33059781 107.989906935787 THA 11
957.9236948 734.4921762 44.3641747359285 AZE 12
1903.033192 771.0938053 469.694315486147 CHN 13
-224.3503516 -478.780892 77.9958973280005 GAB 14
1429.994641 177.9955291 141.574891841739 PAK 15
523.4469323 -473.314031 24.4660989943227 RWA 16
692.9971753 497.2404572 64.8740317846825 SYR 17
377.5435925 -826.0269889 130.785396738321 ZMB 18
287.1466716 1213.424865 31.295526836914 DNK 19
1802.459215 266.1604178 57.8361478661917 NPL 20
12.67188754 690.1268402 60.9787667963202 TUN 21
2090.165155 12.84879548 57.9125202352651 BGD 22
1387.336239 725.9141854 67.4117200492614 KGZ 23
470.5206284 340.9615294 150.940219954789 EGY 24
-244.7476036 565.8014476 232.659579643736 DZA 25
-243.4060418 178.1838899 169.692221389196 NER 26
1442.315793 434.789952 121.751427096359 AFG 27
960.1093732 -97.48376863 109.541179471466 YEM 28
-245.9783621 890.5862796 45.7487704752816 PRT 29
242.2148563 -504.999179 230.851099195997 COD 30
906.8997185 376.6909938 20.1233694991668 KWT 31
-131.7256732 808.5445969 0.387298334620742 GIB 32
2398.445272 127.4396356 64.1438227735141 KHM 33
2481.296749 -392.7871379 208.052060792485 IDN 34
1404.227254 602.7639566 57.0286769967532 TJK 35
-728.3898795 -61.84911578 40.3788310875884 SLE 36
772.3345792 688.2806918 133.447480305924 TUR 37
765.2494892 1137.538177 68.689009310078 BLR 38
472.7969254 886.1256281 45.9811918070856 HUN 39
534.7481808 681.7493615 24.1741597578903 MKD 40
2406.801278 -123.6587919 11.4463968129713 BRN 41
346.0038346 -1246.509831 166.585833731443 ZAF 42
81.85827725 135.4312413 170.826871422502 TCD 43
256.2281037 923.6411744 1.17898261225516 SMR 44
123.3658146 952.5611467 111.975533041821 FRA 45
730.4120652 -924.24411 134.973886363252 MOZ 46
776.6976988 -290.5821039 158.42263095909 ETH 47
774.3578732 -88.16681438 51.6984525880611 ERI 48
8.362890632 949.9932652 3.26190128606002 AND 49
434.0901324 744.044119 34.1150992963527 BIH 50
-34.39420368 -772.1519049 168.327329925952 AGO 51
825.3900972 1370.058333 87.7009121959401 FIN 52
419.6590031 -0.2417449189 207.039078436897 SDN 53
1879.139522 230.4758767 29.5396343917795 BTN 54
2087.216748 188.3522286 124.003104799839 MMR 55
2124.434877 1428.8893 188.541639963165 MNG 56
1962.954633 1268.482002 47.7231599959601 KOR 57
133.3024007 -186.0045179 118.990461802617 CAF 58
610.501926 430.8307095 21.7267116701998 ISR 59
2163.360028 379.0857752 0.866025403784438 MAC 60
2426.516169 270.0828489 86.7614545751741 VNM 61
-383.8765634 855.3040394 100.741550514175 MAR 62
595.3488906 464.3317415 15.412657136263 LBN 63
793.4612272 173.9457804 221.035268679005 SAU 64
1148.993963 355.9077705 193.543225146219 IRN 65
835.6613288 -125.9615999 22.9623605058365 DJI 66
620.7490268 1129.056939 38.5238886926021 LTU 67
1387.517228 1761.586499 623.375015540404 RUS 68
464.1718484 -1024.748045 94.2382088115006 ZWE 69
-624.7902441 529.0192717 153.052278650139 MRT 70
182.2028811 -959.9354142 115.009869141739 BWA 71
1011.742478 106.0015716 16.2271377636354 QAT 72
-830.4636587 84.26347138 15.5862118553547 GMB 73
1771.481179 -52.02790202 273.345843209659 IND 74
-41.53690117 -333.7752098 103.949506973338 CMR 75
253.6433829 769.9616038 0.1 VAT 76
-657.996065 -115.861672 50.3101381433205 LBR 77
-381.5002995 -155.4906525 73.6287987135468 GHA 78
581.2943305 834.2832372 73.606929021662 ROU 79
707.0094849 968.2809629 117.114943538389 UKR 80
498.1042492 -515.0501429 25.1513419125103 BDI 81
814.7279172 -551.0821434 114.84842184375 KEN 82
-638.8431775 3.595348899 74.750652171068 GIN 83
559.5413269 -850.3939563 51.8923886519015 MWI 84
405.6425044 873.8277434 21.4650879336656 SVN 85
538.4169368 -1267.034716 26.2657571754556 LSO 86
-525.1144855 -101.0120511 85.6078267449886 CIV 87
1045.046931 -302.069636 120.383553694016 SOM 88
509.939407 -300.7681241 118.680706098338 SSD 89
2698.994038 -455.4687181 18.3861360812978 TLS 90
315.6541556 957.2803414 1.90787840283389 LIE 91
125.269966 1088.932705 26.3404631698077 BEL 92
-64.86218964 -517.3767689 88.1630875139931 COG 93
587.9785864 -661.3410297 146.558008993026 TZA 94
385.9131602 1029.768612 42.336627168446 CZE 95
2314.488538 -154.9389741 86.7078427825302 MYS 96
443.4015557 968.2877454 33.3838284203594 SVK 97
619.0537007 -451.0460571 74.0929821238152 UGA 98
1868.733321 1293.38976 52.3402330908069 PRK 99
156.8704863 1074.392379 7.66615940350837 LUX 100
-281.7888667 -32.88261671 50.5923907322039 BEN 101
526.1882123 598.0379498 54.7701561071355 GRC 102
283.4911816 958.2636925 30.6311932513247 CHE 103
-752.3504769 98.77904039 66.8651628278882 SEN 104
664.1761251 395.3296238 45.0610696721682 JOR 105
157.4851299 1135.148604 30.8405577122075 NLD 106
1090.077307 36.06995085 83.8694819347299 OMN 107
287.3050946 845.6895919 82.7559665522673 ITA 108
2282.536759 200.8615905 73.360888762337 LAO 109
930.2108472 663.5199484 25.9996153817705 ARM 110
226.6009057 908.6266864 0.223606797749979 MCO 111
1047.418512 151.2593305 43.5889894354066 ARE 112
630.9545491 455.9568209 11.8894911581615 PSE 113
648.5338903 1327.054498 101.163135578134 SWE 114
683.0790501 830.7765568 27.7349959437531 MDA 115
-94.52201356 909.5424146 107.237213690025 ESP 116
-107.0458747 -103.1640881 144.895583093482 NGA 117
488.6755277 668.4835247 25.5609076521159 ALB 118
621.3562874 -1026.015358 19.8655480669424 SWZ 119
902.0911675 793.2907885 39.8006281357468 GEO 120
163.7629242 483.1436529 199.973873293488 LBY 121
2752.65421 -246.6736579 102.562615021264 PNG 122
508.6305145 1067.850889 84.2991103155899 POL 123
360.0754799 948.6350509 43.659592302265 AUT 124
2047.057959 318.168365 5.00899191454728 HKG 125
739.0537777 1236.063885 32.0607236350023 EST 126
707.3585965 1497.278477 85.7854299983394 NOR 127
462.9729738 703.2998469 17.717505467757 MNE 128
850.7704887 477.6809652 99.8085667665856 IRQ 129
-738.807449 7.762183045 28.6534465640698 GNB 130
-565.1350667 225.6458678 167.887402743625 MLI 131
1165.257748 951.2134309 248.856484745726 KAZ 132
