14.61710494 55.33105612 4.5526776267791265 HRV 0
73.14938217 55.39919832 12.800566630480661 UZB 1
26.06791717 52.07565588 6.3724454835751505 BGR 2
-35.76862083 35.37584031 9.8701078583206741 ESH 3
-2.034532748 -14.64990477 3.2051952368216887 GNQ 4
21.89880512 54.00070257 5.6886742187974573 SRB 5
-17.16529591 9.912897718 9.9985374125564945 BFA 6
-13.88723768 -1.122579271 4.5603519857839236 TGO 7
64.36400389 50.63971297 13.370129438428238 TKM 8
32.83256678 77.12087909 4.8625002969637778 LVA 9
4.513803103 63.8938339 11.436279335159089 DEU 10
112.5226116 -1.742926206 13.708525639829128 THA 11
47.50116455 51.0040414 5.6317061854582686 AZE 12
131.076214 34.35368743 59.624244055997465 CHN 13
-0.6058160986 -20.09346 9.901006387181587 GAB 14
82.45926994 31.66669516 17.971892835527065 PAK 15
35.27278836 -22.41335979 3.1057915955951527 RWA 16
36.61908644 38.04918747 8.2352819195243896 SYR 17
32.09380902 -37.94124231 16.602245666982306 ZMB 18
7.283000851 69.3461009 3.9727373069308731 DNK 19
98.91489883 28.18333399 7.3418742401924684 NPL 20
0.3803018315 47.99979173 7.7408066349161162 TUN 21
105.1393623 15.39134343 7.3515691515904384 BGD 22
89.42817401 52.55643733 8.5574228086869208 KGZ 23
26.23351587 27.46357368 19.16075246330227 EGY 24
-10.06052384 38.01118329 29.534425053208992 DZA 25
-5.538791365 16.7182931 21.541181336294471 NER 26
73.83969647 41.03982164 15.455449563713943 AFG 27
56.23692272 4.671957867 13.905448296150741 YEM 28
-28.89569043 47.322019 5.8074704465109814 PRT 29
22.36647276 -20.62030579 29.304851741309538 COD 30
49.49763411 32.02262267 2.5545139778953314 KWT 31
-22.50898261 44.45313505 0.049164679376643552 GIB 32
122.8989949 -5.247843806 8.1425872479937649 KHM 33
128.9612295 -18.01717035 26.410681245322071 IDN 34
83.21292327 51.15813437 7.2393717431424731 TJK 35
-35.21396199 1.476169205 5.1257960764766386 SLE 36
33.37491855 47.04222556 16.940177626341764 TUR 37
34.98630805 71.19404901 8.7195653003162121 BLR 38
20.62086472 58.31907612 5.8369746277505596 HUN 39
22.6859857 49.49634061 3.0687320534447307 MKD 40
126.4132461 -4.173049796 1.453036016482347 BRN 41
20.5845914 -62.70120975 21.146848235527195 ZAF 42
10.05248642 10.31385291 21.685216825491182 TCD 43
5.700878631 53.60417338 0.14966318452911395 SMR 44
-7.434757651 58.06630755 14.214471604740707 FRA 45
45.61723253 -45.17864086 17.133943665848665 MOZ 46
43.99981739 -2.592712061 20.110589591703491 ETH 47
45.23680578 7.467703762 6.5627388980373613 ERI 48
-8.344048579 52.13739879 0.41407441383512078 AND 49
18.00825795 53.09970185 4.3306613245573979 BIH 50
8.948053189 -35.60409589 21.367918388391331 AGO 51
41.01099863 84.28357446 11.132986753931805 FIN 52
28.19945194 9.416267276 26.282090574320566 SDN 53
101.7156818 21.10718376 3.749839655771483 BTN 54
112.7295896 10.91221151 15.74128351252131 MMR 55
133.8510071 66.28750131 23.933976599751627 MNG 56
156.259094 35.92185889 6.0581046968333183 KOR 57
18.27829583 -4.120983542 15.104965295379047 CAF 58
32.00626449 33.50739871 2.7580464920412568 ISR 59
138.8344146 10.756465 0.10993556517815699 MAC 60
127.0392981 0.962480489 11.013729508072137 VNM 61
-26.01555826 40.7470354 12.788400021873175 MAR 62
32.32596291 35.72193573 1.9565236374913348 LBN 63
45.48522562 20.69356773 28.058804141709228 SAU 64
58.49418201 37.42874168 24.568891108590357 IRN 65
49.62908924 4.50326726 2.9149030374888021 DJI 66
29.73038605 75.04306751 4.8903247615768484 LTU 67
110.1449451 98.20037863 79.132880342658851 RUS 68
33.11261511 -48.82927703 11.962848551320587 ZWE 69
-36.62311597 23.35409466 19.428862804347926 MRT 70
22.91703873 -49.17547079 14.599658289365967 BWA 71
59.11644603 19.84720196 2.0599159718334348 QAT 72
-40.86448436 11.63967559 1.9785551345459282 GMB 73
89.91322378 9.763597655 34.699247425117875 IND 74
2.606773714 -8.985868275 13.195626536088458 CMR 75
4.832101954 39.97095171 0.012694265629824517 VAT 76
-32.88918496 -2.296251787 6.3865025746447772 LBR 77
-19.04950332 -0.01325723689 9.3466352887464552 GHA 78
26.79110212 58.0573165 9.343859091966177 ROU 79
39.44991303 62.48156685 14.866882024982077 UKR 80
34.82108757 -25.11494641 3.19277815183945 BDI 81
47.60442566 -15.32072311 14.579163740507054 KEN 82
-32.29355231 6.504148716 9.4890463466215635 GIN 83
42.04462308 -36.80662185 6.5873576571332961 MWI 84
12.76953364 57.68159962 2.7248352799749322 SVN 85
34.71624113 -60.16870256 3.3342449855370329 LSO 86
-26.95782229 0.7149150969 10.867284926928818 CIV 87
65.03209267 -2.498754351 15.281808080540799 SOM 88
31.1489656 -6.21783054 15.065644083474325 SSD 89
139.4625778 -21.08188146 2.333984953220948 TLS 90
5.774302405 59.33026996 0.24219115234978761 LIE 91
-3.384886966 63.44483226 3.3437283629014938 BEL 92
7.245345888 -17.62414899 11.191656516480931 COG 93
42.95812094 -27.03447557 18.604462963356873 TZA 94
14.37731669 63.79056837 5.3743239114709889 CZE 95
117.0891309 -10.11008428 11.006923884705028 MYS 96
20.16151666 62.77289663 4.23783185708528 SVK 97
37.09446178 -17.15003733 9.4055599638554988 UGA 98
153.9221038 45.49198811 6.6442082198163428 PRK 99
-0.1758211537 61.68222611 0.97316263828712479 LUX 100
-12.59440625 3.213950488 6.4223324680246954 BEN 101
22.68619417 44.48815436 6.9526691021093443 GRC 102
2.299744021 57.93150359 3.8884050369080385 CHE 103
-36.90541209 12.52972118 8.4880413831868076 SEN 104
34.82753272 31.77613752 5.7201718798253314 JOR 105
-1.390869929 65.70020143 3.914982317706948 NLD 106
66.14507937 16.59463427 10.64661481915231 OMN 107
8.903768688 47.61906943 10.505262218673552 ITA 108
123.8330767 8.074557631 9.3126260878911555 LAO 109
44.44385745 49.40977148 3.3004602392946678 ARM 110
3.773246495 49.63762636 0.028385240872726803 MCO 111
60.86839736 22.19249625 5.5333021042866761 ARE 112
33.30547571 34.62636788 1.5092835896515178 PSE 113
31.03884651 85.21821936 12.841917149747891 SWE 114
32.07599591 57.82124166 3.5207540575210716 MDA 115
-22.00734423 50.11232529 13.612976759834263 ESP 116
-3.023952442 1.689862147 18.393430203769647 NGA 117
20.04633005 47.99259244 3.2447695147537408 ALB 118
41.00629028 -51.14241001 2.521785440438141 SWZ 119
42.76434814 52.19302249 5.0523974578903728 GEO 120
9.282378848 29.79481491 25.385214666124078 LBY 121
149.6320819 -12.48564889 13.019570787693549 PNG 122
24.49431268 71.57037151 10.701152987039785 POL 123
10.75594599 60.17039806 5.5422646197479413 AUT 124
139.4935257 11.44732264 0.63585473900906408 HKG 125
34.98056065 79.88969326 4.0698734210711329 EST 126
22.02322824 83.67046458 10.889830355676377 NOR 127
18.6489235 50.58579931 2.2491072070557596 MNE 128
44.41085618 36.12840117 12.669964586671146 IRQ 129
-37.99458736 7.888128442 3.6373446189428389 GNB 130
-21.21555424 21.12754463 21.312072863289 MLI 131
76.8478767 72.49450376 31.590503210666249 KAZ 132
