37.18075968 61.31117816 4.5526776267791265 HRV 0
104.5075787 36.69514408 12.800566630480661 UZB 1
52.58544991 54.20532172 6.3724454835751505 BGR 2
-49.60205224 50.5825407 9.8701078583206741 ESH 3
-16.68032615 -29.89088724 3.2051952368216887 GNQ 4
46.52927751 57.38316498 5.6886742187974573 SRB 5
-30.89726029 4.748651324 9.9985374125564945 BFA 6
-23.28934362 -6.830356285 4.5603519857839236 TGO 7
90.32686217 41.06747938 13.370129438428238 TKM 8
64.12944953 89.23990349 4.8625002969637778 LVA 9
30.8153144 87.45339557 11.436279335159089 DEU 10
141.7881396 -13.33058935 13.708525639829128 THA 11
83.04907765 49.01415465 5.6317061854582686 AZE 12
157.145348 43.81042419 59.624244055997465 CHN 13
-18.04183332 -38.19595429 9.901006387181587 GAB 14
118.7148224 4.884105615 17.971892835527065 PAK 15
36.58819537 -40.22454883 3.1057915955951527 RWA 16
60.69738038 30.31484744 8.2352819195243896 SYR 17
23.31693628 -66.3507732 16.602245666982306 ZMB 18
25.93331372 101.6551956 3.9727373069308731 DNK 19
128.5239356 15.37577196 7.3418742401924684 NPL 20
6.876328894 54.84024976 7.7408066349161162 TUN 21
131.3627288 -1.944990275 7.3515691515904384 BGD 22
118.8277389 48.97358924 8.5574228086869208 KGZ 23
40.9854458 22.57349204 19.16075246330227 EGY 24
-10.94602623 43.03918751 29.534425053208992 DZA 25
-15.74272018 14.47415862 21.541181336294471 NER 26
112.4673542 22.77998598 15.455449563713943 AFG 27
74.83662186 -14.24066559 13.905448296150741 YEM 28
-30.0239771 64.67233329 5.8074704465109814 PRT 29
16.75523383 -41.15723126 29.304851741309538 COD 30
73.30026131 22.91816349 2.5545139778953314 KWT 31
-22.18831971 62.46225836 0.049164679376643552 GIB 32
154.219058 -13.10059901 8.1425872479937649 KHM 33
157.1049156 -43.93510782 26.410681245322071 IDN 34
115.1433654 40.80796429 7.2393717431424731 TJK 35
-49.96230157 -2.144241344 5.1257960764766386 SLE 36
61.63261011 44.56812173 16.940177626341764 TUR 37
64.57968798 81.55032892 8.7195653003162121 BLR 38
44.99957637 66.63079192 5.8369746277505596 HUN 39
47.06512349 52.34710278 3.0687320534447307 MKD 40
147.5816863 -19.68635407 1.453036016482347 BRN 41
19.73156618 -97.06601667 21.146848235527195 ZAF 42
7.503197831 6.674762583 21.685216825491182 TCD 43
22.43766388 71.58050074 0.14966318452911395 SMR 44
10.89456533 79.77269945 14.214471604740707 FRA 45
50.22269612 -78.69149456 17.133943665848665 MOZ 46
57.01635182 -27.99135328 20.110589591703491 ETH 47
60.98550921 -13.39472575 6.5627388980373613 ERI 48
0.8300359944 69.15934896 0.41407441383512078 AND 49
42.21526713 61.07955208 4.3306613245573979 BIH 50
-7.520620376 -58.06367996 21.367918388391331 AGO 51
77.30558538 93.38228657 11.132986753931805 FIN 52
33.021033 -2.750709863 26.282090574320566 SDN 53
132.61389 9.994697413 3.749839655771483 BTN 54
143.6226071 3.268987411 15.74128351252131 MMR 55
181.5757988 84.47460204 23.933976599751627 MNG 56
192.89993 54.25461175 6.0581046968333183 KOR 57
8.201959063 -17.46505233 15.104965295379047 CAF 58
51.64848594 28.96462762 2.7580464920412568 ISR 59
154.796901 9.127930734 0.10993556517815699 MAC 60
163.2190425 -7.012628388 11.013729508072137 VNM 61
-32.1568743 54.29007524 12.788400021873175 MAR 62
50.96190444 32.11028612 1.9565236374913348 LBN 63
62.53652808 6.177812881 28.058804141709228 SAU 64
89.71310155 19.55809546 24.568891108590357 IRN 65
65.08155842 -16.92596961 2.9149030374888021 DJI 66
56.94120371 82.65898382 4.8903247615768484 LTU 67
129.2866701 120.0462133 79.132880342658851 RUS 68
29.78076482 -81.20515761 11.962848551320587 ZWE 69
-58.75345898 32.89913544 19.428862804347926 MRT 70
7.98646625 -75.189315 14.599658289365967 BWA 71
79.0726942 1.387642544 2.0599159718334348 QAT 72
-63.4593917 12.7047351 1.9785551345459282 GMB 73
116.4675133 -24.89920799 34.699247425117875 IND 74
-6.632920783 -25.16383899 13.195626536088458 CMR 75
22.08522647 58.92161036 0.012694265629824517 VAT 76
-47.25134277 -9.145683076 6.3865025746447772 LBR 77
-31.11822118 -7.812722208 9.3466352887464552 GHA 78
52.85512482 63.11267564 9.343859091966177 ROU 79
65.6301971 68.21687877 14.866882024982077 UKR 80
35.04187922 -43.45364355 3.19277815183945 BDI 81
57.27444014 -47.66272329 14.579163740507054 KEN 82
-49.35176495 6.121423146 9.4890463466215635 GIN 83
39.39562293 -70.32125622 6.5873576571332961 MWI 84
38.12242091 67.97078981 2.7248352799749322 SVN 85
37.55130076 -85.06171905 3.3342449855370329 LSO 86
-40.82761959 -1.701194794 10.867284926928818 CIV 87
76.94715106 -30.65810308 15.281808080540799 SOM 88
37.17502753 -25.87369248 15.065644083474325 SSD 89
173.2818132 -41.9212513 2.333984953220948 TLS 90
31.57416911 74.10644858 0.24219115234978761 LIE 91
16.45539667 89.34177988 3.3437283629014938 BEL 92
-6.150607648 -39.4972985 11.191656516480931 COG 93
40.43844832 -56.07165262 18.604462963356873 TZA 94
39.60642417 78.27313006 5.3743239114709889 CZE 95
144.1254434 -27.14967044 11.006923884705028 MYS 96
46.91362866 72.04370788 4.23783185708528 SVK 97
43.62009628 -38.16539109 9.4055599638554988 UGA 98
187.6819347 65.72160648 6.6442082198163428 PRK 99
18.89748106 89.13112075 0.97316263828712479 LUX 100
-22.81676862 -0.5379639627 6.4223324680246954 BEN 101
44.93136897 47.07966826 6.9526691021093443 GRC 102
27.73314904 73.12636899 3.8884050369080385 CHE 103
-57.5432492 12.20290586 8.4880413831868076 SEN 104
55.7892045 24.1049698 5.7201718798253314 JOR 105
17.58034139 93.4156009 3.914982317706948 NLD 106
85.4514089 -5.147249475 10.64661481915231 OMN 107
29.07677188 64.56045077 10.505262218673552 ITA 108
157.8314489 3.178044678 9.3126260878911555 LAO 109
79.14228091 45.0988688 3.3004602392946678 ARM 110
15.57683411 73.19183858 0.028385240872726803 MCO 111
82.75503625 3.623182361 5.5333021042866761 ARE 112
53.22972845 30.79707679 1.5092835896515178 PSE 113
65.57068736 100.2418757 12.841917149747891 SWE 114
59.4906267 59.78878387 3.5207540575210716 MDA 115
-12.84567971 72.27677362 13.612976759834263 ESP 116
-10.29325046 -7.625452474 18.393430203769647 NGA 117
42.97798594 53.68087307 3.2447695147537408 ALB 118
40.70399975 -86.10569745 2.521785440438141 SWZ 119
77.94383795 53.36503603 5.0523974578903728 GEO 120
19.29152391 35.53920003 25.385214666124078 LBY 121
176.5113667 -29.97688626 13.019570787693549 PNG 122
48.1598268 81.55913005 10.701152987039785 POL 123
37.14735083 72.55743543 5.5422646197479413 AUT 124
156.60627 9.177765276 0.63585473900906408 HKG 125
68.84933187 91.22327481 4.0698734210711329 EST 126
55.36565574 91.47350772 10.889830355676377 NOR 127
41.46729735 56.844488 2.2491072070557596 MNE 128
72.46735778 31.73878824 12.669964586671146 IRQ 129
-56.90864849 5.196641383 3.6373446189428389 GNB 130
-39.30559712 20.4231423 21.312072863289 MLI 131
99.04573061 65.02277009 31.590503210666249 KAZ 132
