65.29595187 34.0794382 2.0557569644500666 UZB 0
58.04780201 15.12641178 1.710080871288759 OMN 1
74.8730449 17.7901885 1.4956026317811606 LAO 2
76.53502424 12.10388692 0.23452920571340155 BRN 3
55.54131378 30.54270171 0.53309198679485736 ARM 4
61.77516725 34.24184296 2.1473621807261263 TKM 5
72.31326271 15.13363032 2.2021613878159085 THA 6
75.58873226 27.88432596 9.5746147296343835 CHN 7
56.41230143 31.26615844 0.90326734706082012 AZE 8
57.73690517 17.17550029 0.88791324243983027 ARE 9
65.86901108 26.58388477 2.8867106145893273 PAK 10
52.35926978 25.65042497 0.23452920571340155 PSE 11
81.30011614 3.683328349 0.37082323394226197 TLS 12
52.98738889 26.76587768 1.3232380821000413 SYR 13
67.99499548 23.90958894 0.60555180528483843 BTN 14
71.90549041 18.88863738 2.5277708225428466 MMR 15
73.79404424 40.20436678 3.8429884370489713 MNG 16
85.15912372 25.48778883 0.97171726668594127 KOR 17
68.68915684 22.67325247 1.1804377822478243 NPL 18
53.04434527 24.90216427 0.9183647828790974 JOR 19
55.13906721 31.80701276 0.81243300030876908 GEO 20
68.27421655 33.57992118 1.374215737339372 KGZ 21
80.95469607 21.41846842 0 MAC 22
77.17840223 16.64682888 1.7680660989436372 VNM 23
69.96395507 21.29528597 1.1804377822478243 BGD 24
51.82873997 25.50382977 0.43876396748588703 ISR 25
64.33091969 30.53723558 2.482023813996677 AFG 26
51.7193849 26.23048527 0.31755404570407358 LBN 27
54.65611602 20.134317 4.5061762348399528 SAU 28
59.57678243 28.59565764 3.9453919169220955 IRN 29
54.23592863 14.14485602 2.2331647160070136 YEM 30
74.55564905 11.87711932 1.7680660989436372 MYS 31
83.96093123 26.92541567 1.0661839735897147 PRK 32
57.9448594 18.11690637 0.33167438349248202 QAT 33
82.00464299 23.18390476 0.095746147296343842 HKG 34
55.92485404 24.09710685 0.40621650015438454 KWT 35
65.48590667 18.39713614 5.5722283544134807 IND 36
75.09833308 15.10037293 1.3093088722801136 KHM 37
78.40545354 7.27273181 4.2410247705886848 IDN 38
67.13157767 31.92087855 1.1608603422236872 TJK 39
55.55178954 26.11351172 2.0355910135354089 IRQ 40
53.05026182 29.94849708 2.7199321775973 TUR 41
66.70778295 39.51532037 5.0727389539493881 KAZ 42
