1.216196241 12.528844184 0.4018573897567735 NLD 0
4.846650638 9.034944454 0.4672235785364707 HRV 1
7.237949278 9.828037985 0.9588335111622135 ROU 2
5.481922671 9.876421404 0.5989352254253526 HUN 3
7.319400288 8.205699082 0.6539568597912897 BGR 4
6.429760354 7.850037692 0.3148792406148941 MKD 5
3.323030674 8.917117135 1.0780202500762528 ITA 6
6.188282468 8.708375021 0.5838245145844659 SRB 7
0.775158212 10.035203264 1.4586499149789438 FRA 8
4.510459837 9.700672955 0.2794371242032432 SVN 9
2.626815800 11.864780651 1.1735561522795530 DEU 10
5.282793295 8.245849631 0.4443498717346933 BIH 11
-1.784972902 8.800891617 1.3969571796236726 ESP 12
5.822932799 7.64073923 0.3329430339108877 ALB 13
2.940731460 13.409278505 0.4076398076316351 DNK 14
1.056269503 11.801350426 0.3430154143301500 BEL 15
4.305260454 11.46645875 0.5515934364628861 CZE 16
-3.764360882 8.831271537 0.5959080323159973 PRT 17
5.039714806 10.80655867 0.4349125615226726 SVK 18
5.771044611 12.182892408 1.0981609384823834 POL 19
1.395640010 11.519998507 0.1000000000000000 LUX 20
4.005127116 10.395887094 0.5686864296949148 AUT 21
6.493960126 6.835174026 0.7133976241989916 GRC 22
2.941644993 10.335066094 0.3989347517705285 CHE 23 test.html:1:9
