30.06592637 69.47381018 2.5753833779614381 HRV 0
98.01255979 52.02383275 7.2410939739544888 UZB 1
44.65966664 61.23832507 3.6047995313420618 BGR 2
-56.51759994 42.69072598 5.5833761581289432 ESH 3
-12.05338395 -32.03770211 1.8131322295867507 GNQ 4
37.7907616 63.07036861 3.2180000928582135 SRB 5
-31.15551949 -0.1729703875 5.6560268850928752 BFA 6
-22.08718025 -10.14798926 2.5797246509962801 TGO 7
83.29003506 53.63648451 7.5632873530035933 TKM 8
50.04049774 98.06313446 2.7506455468037503 LVA 9
17.6671266 91.09101511 6.469336535547658 DEU 10
141.9497479 7.869747634 7.7547131519942649 THA 11
74.74717477 60.73623205 3.1857741067102125 AZE 12
148.84755 66.81149148 33.728565836094006 CHN 13
-12.38673651 -40.50344601 5.6008550055579374 GAB 14
116.7409109 22.40709586 10.166437835807294 PAK 15
42.1824508 -34.33085962 1.7569010385580162 RWA 16
54.87607421 39.0016825 4.6585789522229302 SYR 17
33.82747468 -61.81164183 9.3916483952385317 ZMB 18
10.53955066 104.3802349 2.2473195916828819 DNK 19
124.9181534 34.20847828 4.1531912494871408 NPL 20
-1.349210436 55.25320374 4.3788614907224046 TUN 21
130.4565462 17.70920955 4.1586755195611458 BGD 22
110.2352499 66.24291519 4.8408093580023621 KGZ 23
37.16532161 28.41848785 10.838958399550304 EGY 24
-17.95477655 40.86066572 16.707193786855953 DZA 25
-17.76871138 11.82085958 12.185532318130331 NER 26
108.0098428 39.34774176 8.7429225542310363 AFG 27
76.0904775 -2.780441068 7.8661094285176905 YEM 28
-39.35700171 59.76451628 3.2852013874147055 PRT 29
22.57649689 -38.32471127 16.577327510357101 COD 30
69.19297644 33.46722052 1.4450513251244892 KWT 31
-31.22379204 58.47161757 0.027811742545669652 GIB 32
154.4264262 9.919105608 4.6061429275675998 KHM 33
161.8906091 -20.12156478 14.940137443458887 IDN 34
108.0454524 57.35358599 4.0952070808850562 TJK 35
-49.09133854 -9.546997304 2.8995881317248244 SLE 36
56.42532606 55.21884792 9.5828115792727147 TUR 37
51.6290063 90.5082162 4.9325310022820057 BLR 38
34.89189989 72.84368657 3.3018914727169957 HUN 39
38.77782133 58.18688869 1.73593699570823 MKD 40
148.869026 2.451675898 0.82196129645036453 BRN 41
34.0696428 -93.37971119 11.962463830451245 ZAF 42
6.460887082 7.57339655 12.267011095044344 TCD 43
11.55177465 74.11999291 0.084662282139608067 SMR 44
4.190553595 82.83467451 8.0409194101566239 FRA 45
61.35856368 -70.35479504 9.6924222036719083 MOZ 46
60.06338111 -18.86872061 11.376267419162509 ETH 47
62.53227838 -3.947979528 3.7124457423671591 ERI 48
-13.0811642 73.96603586 0.23423586075092695 AND 49
32.48987239 65.07194921 2.4497919916934814 BIH 50
1.19107002 -58.53658696 12.087519993817788 AGO 51
62.43949932 104.1665435 6.2977683428521516 FIN 52
33.08612223 2.172554786 14.86739557508889 SDN 53
129.626781 29.49500613 2.1212296391665957 BTN 54
141.5451777 24.62745921 8.9046146530270534 MMR 55
167.1797208 110.5651673 13.539101723555618 MNG 56
182.7344513 82.38717279 3.42698152981513 KOR 57
10.1847887 -16.37982371 8.5446587119599897 CAF 58
46.76916156 36.31931758 1.5601867018801132 ISR 59
151.7218791 32.02922233 0.062188946904840385 MAC 60
162.5378939 17.10892367 6.2303062570497492 VNM 61
-40.38721453 49.22856141 7.2342115007941707 MAR 62
45.62455326 39.32666167 1.1067769052975145 LBN 63
60.97764557 15.61645127 15.872456544470223 SAU 64
86.29644105 32.35168801 13.89826360729449 IRN 65
66.92631879 -7.144583394 1.6489181634476777 DJI 66
43.91621953 90.42780318 2.7663854408923805 LTU 67
110.8250814 137.3012343 44.764317044094177 RUS 68
41.36479955 -76.11517067 6.7672090663571627 ZWE 69
-62.98701975 23.81564481 10.990624511758002 MRT 70
19.06956022 -73.17650299 8.2588139035336514 BWA 71
78.0281767 13.15117574 1.1652644418863194 QAT 72
-64.64294303 3.133494931 1.1192398020711103 GMB 73
119.1473018 -7.315554259 19.628858525096557 IND 74
-2.948327701 -26.03103309 7.4645736045386402 CMR 75
13.08434607 61.54927524 0.0071809610472257888 VAT 76
-45.36770033 -16.0656366 3.6127514228773343 LBR 77
-29.65267745 -12.37795337 5.2872553551600818 GHA 78
43.03350143 70.09089608 5.2856849011046885 ROU 79
54.70814178 77.47448898 8.4099784759721761 UKR 80
41.2768169 -37.77892456 1.8061080655919421 BDI 81
64.34046036 -38.05757726 8.2472204359532562 KEN 82
-49.71017896 -1.278232755 5.3678152149516336 GIN 83
49.44821667 -63.69412079 3.7263722155680647 MWI 84
27.52176472 73.04751667 1.5413996032692954 SVN 85
49.81365323 -78.45063404 1.8861337915283827 LSO 86
-40.19513056 -7.768280782 6.1474646919341778 CIV 87
80.56942649 -18.91447809 8.6446960980334211 SOM 88
40.20599544 -20.36873398 8.5224152754941471 SSD 89
177.5885078 -15.70558274 1.3203012700879193 TLS 90
20.22929818 77.97513142 0.13700400493593523 LIE 91
3.966766802 93.03763008 1.8914983998827517 BEL 92
-0.4137138823 -39.69845952 6.3309569724114239 COG 93
48.41374585 -48.00422245 10.524273537378891 TZA 94
27.50855874 83.24132142 3.0401767056753175 CZE 95
146.5322927 -5.488430133 6.2264564151032813 MYS 96
35.16718894 78.53676711 2.3972797149387048 SVK 97
48.75215735 -31.26634161 5.3205881850391359 UGA 98
176.1073893 92.81818413 3.7585317502780273 PRK 99
5.878974479 91.48816343 0.55050392058417374 LUX 100
-22.48350615 -3.922535706 3.6330198713398381 BEN 101
37.84949857 52.58556668 3.9330235755581615 GRC 102
16.56218729 76.72708441 2.1996140556780812 CHE 103
-58.71698926 3.516720432 4.8015612968347474 SEN 104
51.01810195 32.10864037 3.2358178606216743 JOR 105
4.482733815 97.12901961 2.2146484360608074 NLD 106
85.58775946 7.756722183 6.0226348282430298 OMN 107
19.16034339 68.16444607 5.9426737223735238 ITA 108
155.6393653 26.32934099 5.2680168459220686 LAO 109
71.57088286 56.37143993 1.8670222529934679 ARM 110
4.749704127 74.79366608 0.016057117045374939 MCO 111
81.30618912 15.99152167 3.1301083522359217 ARE 112
48.06297328 38.36577325 0.85377972878093011 PSE 113
49.75802119 109.0089386 7.2644853600180426 SWE 114
49.99018203 67.95338657 1.9916392551705613 MDA 115
-23.31931984 69.39575124 7.7006625432109468 ESP 116
-9.073646583 -9.174358427 10.404895381093581 NGA 117
34.94894124 58.77811937 1.8355188218158025 ALB 118
53.07074326 -79.12493628 1.4265372685050512 SWZ 119
69.17383564 64.31446347 2.858067602979165 GEO 120
13.79278183 38.03494074 14.360045945834029 LBY 121
179.0061903 -3.414692466 7.3649814336931101 PNG 122
35.21375789 88.08659019 6.0534862749204086 POL 123
25.64760022 77.33299362 3.1351783166032408 AUT 124
153.5037543 32.34737365 0.35969375824232919 HKG 125
54.41842358 100.6035758 2.3022680756882323 EST 126
40.94713329 98.87276408 6.1602183123759033 NOR 127
33.38799422 61.46341061 1.2722871661797313 MNE 128
66.42282925 41.65150624 7.167214301302864 IRQ 129
-57.04903866 -3.317610898 2.0575928364535039 GNB 130
-41.90682241 14.35822601 12.055928994218759 MLI 131
90.00312607 78.22542155 17.870287233086007 KAZ 132
