4.976161841 69.22907697 2.4509577044999773 NLD 0
25.84995021 50.942115 2.849630885800353 HRV 1
39.27667811 56.98556277 5.8479959344238495 ROU 2
29.04984607 56.03246566 3.6529498838908854 HUN 3
40.74420081 46.68247724 3.9885308688392893 BGR 4
35.61919318 44.68009579 1.9204715912759185 MKD 5
17.30079028 48.44942234 6.5749245998202985 ITA 6
32.962758 49.83390588 3.5607885497958192 SRB 7
2.78247502 54.49487592 8.8964128529519488 FRA 8
23.29841446 54.3335302 1.7043075228846432 SVN 9
13.77899894 67.80016631 7.1576050768503672 DEU 10
28.28363531 46.42329914 2.7101224697669384 BIH 11
-15.64324408 47.93830929 8.5201443336093003 ESP 12
31.81733959 43.83026606 2.0306439919330481 ALB 13
12.48121183 78.15762107 2.4862250953761547 DNK 14
3.936705525 64.81344366 2.092076179123104 BEL 15
23.06484039 64.95628921 3.3642088395303458 CZE 16
-28.97632533 45.17368344 3.6344868110110329 PRT 17
27.73302854 61.9334771 2.6525636223661051 SVK 18
28.63599526 72.39413718 6.6977641361364446 POL 19
6.542828033 63.33130037 0.60990733702407007 LUX 20
21.60834932 58.81359601 3.4684602593695137 AUT 21
36.47242312 38.92197898 4.3510644521450539 GRC 22
15.19647114 57.19335366 2.4331323209872111 CHE 23
