35.17254547 65.90254147 2.5753833779614381 HRV 0
100.4499323 47.14607257 7.2410939739544888 UZB 1
47.33673461 56.94768599 3.6047995313420618 BGR 2
-54.35214395 45.41565408 5.5833761581289432 ESH 3
-13.61270879 -31.40688747 1.8131322295867507 GNQ 4
40.10038744 60.37313255 3.2180000928582135 SRB 5
-31.12639958 1.35777863 5.6560268850928752 BFA 6
-22.55904036 -9.050685912 2.5797246509962801 TGO 7
85.82440636 49.48003318 7.5632873530035933 TKM 8
54.37143902 98.44620723 2.7506455468037503 LVA 9
22.12071531 90.11311974 6.469336535547658 DEU 10
142.1649653 0.8868491539 7.7547131519942649 THA 11
77.64064159 56.99088342 3.1857741067102125 AZE 12
151.95 59.41856652 33.728565836094006 CHN 13
-14.3615454 -39.84603361 5.6008550055579374 GAB 14
117.7007245 16.64504953 10.166437835807294 PAK 15
40.44498831 -36.36165561 1.7569010385580162 RWA 16
56.48835477 36.40342411 4.6585789522229302 SYR 17
30.75008428 -63.39881249 9.3916483952385317 ZMB 18
15.65458891 103.736442 2.2473195916828819 DNK 19
126.4478463 28.03046927 4.1531912494871408 NPL 20
1.366777066 55.25277199 4.3788614907224046 TUN 21
131.169012 11.27904375 4.1586755195611458 BGD 22
113.3563886 60.7475373 4.8408093580023621 KGZ 23
38.51652942 26.55839875 10.838958399550304 EGY 24
-15.92578457 41.69337345 16.707193786855953 DZA 25
-17.1665481 12.67948942 12.185532318130331 NER 26
109.8124213 33.99416208 8.7429225542310363 AFG 27
75.86201431 -6.515090402 7.8661094285176905 YEM 28
-36.37350165 61.62580115 3.2852013874147055 PRT 29
20.66650546 -39.38752668 16.577327510357101 COD 30
70.75759755 29.91256459 1.4450513251244892 KWT 31
-28.31362673 59.93491296 0.027811742545669652 GIB 32
154.7272556 2.320805785 4.6061429275675998 KHM 33
160.7066539 -28.05027749 14.940137443458887 IDN 34
110.7325396 51.97651667 4.0952070808850562 TJK 35
-49.50106957 -7.123818409 2.8995881317248244 SLE 36
59.75067781 52.57181305 9.5828115792727147 TUR 37
55.15718741 90.84473102 4.9325310022820057 BLR 38
38.71771783 71.63695487 3.3018914727169957 HUN 39
42.1057433 55.86925298 1.73593699570823 MKD 40
148.8097219 -4.864595945 0.82196129645036453 BRN 41
29.44115298 -94.94066322 11.962463830451245 ZAF 42
6.825135447 7.2468561 12.267011095044344 TCD 43
15.17903181 73.46301001 0.084662282139608067 SMR 44
8.108327036 82.73590702 8.0409194101566239 FRA 45
57.82824287 -73.28413777 9.6924222036719083 MOZ 46
59.06391928 -21.79660082 11.376267419162509 ETH 47
62.26282911 -7.015161642 3.7124457423671591 ERI 48
-12.63594461 73.69124166 0.23423586075092695 AND 49
34.49253124 60.95080081 2.4497919916934814 BIH 50
-1.686025408 -58.52442207 12.087519993817788 AGO 51
67.60129264 100.9298058 6.2977683428521516 FIN 52
33.15290251 0.5445490411 14.86739557508889 SDN 53
130.9192355 23.09137302 2.1212296391665957 BTN 54
142.5841198 17.64420228 8.9046146530270534 MMR 55
172.4094713 102.2188313 13.539101723555618 MNG 56
186.5611542 73.3107202 3.42698152981513 KOR 57
9.367819441 -16.86038269 8.5446587119599897 CAF 58
48.49690835 33.97789257 1.5601867018801132 ISR 59
153.1121514 24.53708979 0.062188946904840385 MAC 60
163.1821351 9.103460417 6.2303062570497492 VNM 61
-37.92005792 51.15317745 7.2342115007941707 MAR 62
47.50142026 37.0378354 1.1067769052975145 LBN 63
61.6711919 12.60201963 15.872456544470223 SAU 64
87.78154951 28.07324385 13.89826360729449 IRN 65
66.49452839 -10.42376672 1.6489181634476777 DJI 66
47.73587343 88.79602984 2.7663854408923805 LTU 67
117.4363055 131.6910845 44.764317044094177 RUS 68
37.57563611 -78.05534843 6.7672090663571627 ZWE 69
-61.74100624 26.88117821 10.990624511758002 MRT 70
15.45168052 -74.02495718 8.2588139035336514 BWA 71
78.58002754 9.302099506 1.1652644418863194 QAT 72
-64.41095756 6.305348568 1.1192398020711103 GMB 73
118.6440606 -13.15992932 19.628858525096557 IND 74
-4.223563507 -25.85476419 7.4645736045386402 CMR 75
16.09220609 60.83218143 0.0071809610472257888 VAT 76
-46.10216073 -13.81751384 3.6127514228773343 LBR 77
-30.22495176 -10.90629637 5.2872553551600818 GHA 78
46.61256964 65.77041852 5.2856849011046885 ROU 79
53.13736383 77.7283476 8.4099784759721761 UKR 80
39.37105888 -39.76106734 1.8061080655919421 BDI 81
62.39316623 -41.1724038 8.2472204359532562 KEN 82
-49.71295303 1.165363459 5.3678152149516336 GIN 83
46.25948745 -66.04640017 3.7263722155680647 MWI 84
31.08011907 71.60317869 1.5413996032692954 SVN 85
45.89955709 -80.80304876 1.8861337915283827 LSO 86
-40.52822199 -5.784282947 6.1474646919341778 CIV 87
79.54295775 -22.84967916 8.6446960980334211 SOM 88
39.15682007 -22.31929288 8.5224152754941471 SSD 89
176.6025376 -24.41079933 1.3203012700879193 TLS 90
24.03546489 76.88720344 0.13700400493593523 LIE 91
8.532526384 92.73042566 1.8914983998827517 BEL 92
-2.363433396 -39.63020351 6.3309569724114239 COG 93
45.99704464 -50.32462662 10.524273537378891 TZA 94
31.31327839 81.75393829 3.0401767056753175 CZE 95
146.0857458 -12.68032116 6.2264564151032813 MYS 96
38.5614791 77.33680804 2.3972797149387048 SVK 97
47.15730952 -33.62357987 5.3205881850391359 UGA 98
180.4545256 84.05469692 3.7585317502780273 PRK 99
10.36811009 91.08791639 0.55050392058417374 LUX 100
-22.64905728 -2.813279148 3.6330198713398381 BEN 101
40.82803285 50.29019633 3.9330235755581615 GRC 102
20.31147036 75.82081312 2.1996140556780812 CHE 103
-58.47333253 6.396994076 4.8015612968347474 SEN 104
52.43373039 29.62511638 3.2358178606216743 JOR 105
9.248863248 96.79152794 2.2146484360608074 NLD 106
85.86547594 3.54278858 6.0226348282430298 OMN 107
22.48584288 67.14087679 5.9426737223735238 ITA 108
156.7448963 18.6516408 5.2680168459220686 LAO 109
74.25376079 52.78739927 1.8670222529934679 ARM 110
8.672555042 74.69848949 0.016057117045374939 MCO 111
81.99361637 11.97798097 3.1301083522359217 ARE 112
49.88969171 35.9583178 0.85377972878093011 PSE 113
55.83905804 108.2989648 7.2644853600180426 SWE 114
53.88603784 65.54761346 1.9916392551705613 MDA 115
-19.88204147 70.45754321 7.7006625432109468 ESP 116
-9.513388849 -8.717531042 10.404895381093581 NGA 117
38.56660579 55.56335955 1.8355188218158025 ALB 118
49.11958887 -81.63654403 1.4265372685050512 SWZ 119
72.24981524 60.83858929 2.858067602979165 GEO 120
15.64462572 37.31143569 14.360045945834029 LBY 121
178.6223084 -12.20439389 7.3649814336931101 PNG 122
39.48397933 85.72705428 6.0534862749204086 POL 123
29.29448357 75.92449384 3.1351783166032408 AUT 124
154.9075046 24.7673209 0.35969375824232919 HKG 125
59.42342039 98.33436155 2.3022680756882323 EST 126
45.46847593 97.42256297 6.1602183123759033 NOR 127
36.42655611 57.79394789 1.2722871661797313 MNE 128
68.19845179 38.12532915 7.167214301302864 IRQ 129
-57.14313788 -0.5110248984 2.0575928364535039 GNB 130
-41.15086454 16.39959651 12.055928994218759 MLI 131
93.73734345 73.70949546 17.870287233086007 KAZ 132
