6.83979067 70.59022507 2.26411339518832 NLD 0
27.30668264 50.90588421 2.63239445055997 HRV 1
39.96552776 55.99231619 5.40218458516284 ROU 2
30.88851491 55.65595301 3.37447388377364 HUN 3
41.2455238 46.23516577 3.68447246179773 BGR 4
36.22428964 44.23199083 1.77406792736699 MKD 5
18.7106405 50.22833085 6.07369716395956 ITA 6
34.86416744 49.05886377 3.28933830160511 SRB 7
4.446399389 56.4385822 8.21821097626951 FRA 8
25.07959842 54.47320255 1.57438273414456 SVN 9
14.79903217 66.85832567 6.6119580530546 DEU 10
29.75571971 46.44760794 2.50352120525556 BIH 11
-10.05675436 49.58529346 7.87062660414133 ESP 12
32.80711139 43.04885385 1.87584153514891 ALB 13
13.07336297 75.60949099 2.29669224057169 DNK 14
5.951150812 66.49024321 1.9325905511182 BEL 15
24.24070555 64.59110822 3.10774448853476 CZE 16
-20.59388277 45.70780855 3.3574183097232 PRT 17
28.39436599 60.8854655 2.4503502520512 SVK 18
32.51101646 68.63387226 6.18717225131887 POL 19
7.651372387 64.66297575 0.563412158865285 LUX 20
22.5684913 58.56780807 3.20404849071803 AUT 21
36.58614559 38.50568121 4.01936895579319 GRC 22
16.57358556 58.229019 2.2476468974142 CHE 23
