437.4221029 812.3197517 35.8640488511824 HRV 0
1254.44342 624.9094472 100.837393857636 UZB 1
597.3904039 716.249091 50.199402386881 BGR 2
-507.9641147 725.6808124 77.7524919214812 ESH 3
-146.2194178 -410.3667713 25.2491584018161 GNQ 4
510.0097821 744.0082504 44.8129445584643 SRB 5
-402.8233244 -0.5516676951 78.7642050680383 BFA 6
-283.3013575 -116.6344008 35.9245041719437 TGO 7
1055.633054 627.6605067 105.324166267766 TKM 8
680.2423054 1190.557223 38.3046994505896 LVA 9
267.0581063 1094.513648 90.0901215450396 DEU 10
2296.192889 150.5925315 107.989906935787 THA 11
956.3305499 732.4130286 44.3641747359285 AZE 12
1903.255622 770.758032 469.694315486147 CHN 13
-224.3503516 -478.780892 77.9958973280005 GAB 14
1425.501477 169.0089874 141.574891841739 PAK 15
523.4469323 -473.314031 24.4660989943227 RWA 16
691.9042314 497.8668364 64.8740317846825 SYR 17
377.3986595 -826.662002 130.785396738321 ZMB 18
287.1466716 1213.424865 31.295526836914 DNK 19
1847.930894 247.7806113 57.8361478661917 NPL 20
12.67188754 690.1268402 60.9787667963202 TUN 21
2082.556892 4.107302518 57.9125202352651 BGD 22
1387.295461 725.9095956 67.4117200492614 KGZ 23
469.1887021 342.5793076 150.940219954789 EGY 24
-247.0709408 567.0533789 232.659579643736 DZA 25
-244.3095945 179.0925979 169.692221389196 NER 26
1446.829588 425.732442 121.751427096359 AFG 27
960.2442164 -98.99452805 109.541179471466 YEM 28
-245.9783621 890.5862796 45.7487704752816 PRT 29
243.2021652 -504.8053789 230.851099195997 COD 30
907.6394897 376.6002136 20.1233694991668 KWT 31
-131.7256732 808.5445969 0.387298334620742 GIB 32
2383.974192 291.4618609 64.1438227735141 KHM 33
2577.373165 -227.0985393 208.052060792485 IDN 34
1405.079845 602.9781776 57.0286769967532 TJK 35
-728.4241207 -61.90666769 40.3788310875884 SLE 36
772.2830133 688.4376107 133.447480305924 TUR 37
768.438716 1136.127687 68.689009310078 BLR 38
472.7969254 886.1256281 45.9811918070856 HUN 39
534.4987747 681.7864727 24.1741597578903 MKD 40
2458.364022 35.61151179 11.4463968129713 BRN 41
346.0903376 -1247.014429 166.585833731443 ZAF 42
81.11418276 135.3775145 170.826871422502 TCD 43
256.2281037 923.6411744 1.17898261225516 SMR 44
123.3658146 952.5611467 111.975533041821 FRA 45
730.3954339 -924.0664232 134.973886363252 MOZ 46
777.9815293 -291.8940777 158.42263095909 ETH 47
772.8927971 -89.3480705 51.6984525880611 ERI 48
8.362890632 949.9932652 3.26190128606002 AND 49
433.7209308 744.5073231 34.1150992963527 BIH 50
-35.0120869 -770.7987947 168.327329925952 AGO 51
830.8045834 1373.226912 87.7009121959401 FIN 52
419.5954956 0.5176729347 207.039078436897 SDN 53
1913.208614 192.3208016 29.5396343917795 BTN 54
2075.406796 186.5850703 124.003104799839 MMR 55
2124.573954 1428.941871 188.541639963165 MNG 56
1962.895652 1268.437335 47.7231599959601 KOR 57
133.5245747 -185.5364527 118.990461802617 CAF 58
610.3486184 430.8646436 21.7267116701998 ISR 59
2163.360028 379.0857752 0.866025403784438 MAC 60
2369.214643 436.2225075 86.7614545751741 VNM 61
-383.6179083 858.0970824 100.741550514175 MAR 62
595.3488906 464.3317415 15.412657136263 LBN 63
794.4704034 173.2885464 221.035268679005 SAU 64
1150.625115 355.5825141 193.543225146219 IRN 65
835.3866345 -126.1045561 22.9623605058365 DJI 66
620.7490268 1129.056939 38.5238886926021 LTU 67
1397.212546 1759.630436 623.375015540404 RUS 68
464.7704771 -1025.27606 94.2382088115006 ZWE 69
-623.2540584 530.7832702 153.052278650139 MRT 70
182.6698168 -961.7699022 115.009869141739 BWA 71
1013.022427 105.6448418 16.2271377636354 QAT 72
-831.3838194 84.33996646 15.5862118553547 GMB 73
1764.264993 -69.25121726 273.345843209659 IND 74
-39.42305537 -336.0932657 103.949506973338 CMR 75
253.6433829 769.9616038 0.1 VAT 76
-657.996065 -115.861672 50.3101381433205 LBR 77
-381.6032856 -155.3115426 73.6287987135468 GHA 78
580.3460501 834.4212689 73.606929021662 ROU 79
706.8888307 967.8699788 117.114943538389 UKR 80
498.1042492 -515.0501429 25.1513419125103 BDI 81
815.0758324 -552.7741316 114.84842184375 KEN 82
-639.0436885 3.93568765 74.750652171068 GIN 83
558.8239923 -850.4812956 51.8923886519015 MWI 84
405.6425044 873.8277434 21.4650879336656 SVN 85
538.4169368 -1267.034716 26.2657571754556 LSO 86
-525.4471352 -100.9731161 85.6078267449886 CIV 87
1046.583457 -303.2126517 120.383553694016 SOM 88
510.8758131 -300.0014504 118.680706098338 SSD 89
2775.041401 -351.0647264 18.3861360812978 TLS 90
315.6541556 957.2803414 1.90787840283389 LIE 91
125.269966 1088.932705 26.3404631698077 BEL 92
-64.23898802 -519.6695202 88.1630875139931 COG 93
587.5717139 -661.2961182 146.558008993026 TZA 94
385.9131602 1029.768612 42.336627168446 CZE 95
2377.226189 -18.87546964 86.7078427825302 MYS 96
443.4015557 968.2877454 33.3838284203594 SVK 97
619.3878755 -450.9237767 74.0929821238152 UGA 98
1868.733321 1293.38976 52.3402330908069 PRK 99
156.8704863 1074.392379 7.66615940350837 LUX 100
-281.6452856 -32.28141704 50.5923907322039 BEN 101
526.1882123 598.0379498 54.7701561071355 GRC 102
283.4911816 958.2636925 30.6311932513247 CHE 103
-753.2178814 98.86609803 66.8651628278882 SEN 104
664.1872265 395.5134733 45.0610696721682 JOR 105
157.4851299 1135.148604 30.8405577122075 NLD 106
1090.025409 34.969708 83.8694819347299 OMN 107
287.3050946 845.6895919 82.7559665522673 ITA 108
2252.28932 326.9939355 73.360888762337 LAO 109
930.2108472 663.5199484 25.9996153817705 ARM 110
226.6009057 908.6266864 0.223606797749979 MCO 111
1048.915656 150.7936026 43.5889894354066 ARE 112
630.9224514 455.9129824 11.8894911581615 PSE 113
655.1823664 1324.64191 101.163135578134 SWE 114
682.6850414 830.3108856 27.7349959437531 MDA 115
-94.52201356 909.5424146 107.237213690025 ESP 116
-108.254419 -106.2280563 144.895583093482 NGA 117
488.33162 668.6375386 25.5609076521159 ALB 118
621.3547373 -1026.057131 19.8655480669424 SWZ 119
902.4585549 793.1943509 39.8006281357468 GEO 120
161.7145968 483.8373939 199.973873293488 LBY 121
2888.486973 -230.6917396 102.562615021264 PNG 122
508.6305145 1067.850889 84.2991103155899 POL 123
360.0754799 948.6350509 43.659592302265 AUT 124
2047.057959 318.168365 5.00899191454728 HKG 125
741.4459126 1229.450884 32.0607236350023 EST 126
708.9350322 1496.706869 85.7854299983394 NOR 127
462.4954839 703.3580776 17.717505467757 MNE 128
850.4817897 477.5515129 99.8085667665856 IRQ 129
-739.0009496 7.865339229 28.6534465640698 GNB 130
-566.3367887 226.5950612 167.887402743625 MLI 131
1165.249347 951.1112494 248.856484745726 KAZ 132
