36.87207392 61.33415641 4.5526776267791265 HRV 0
103.5534272 37.80685974 12.800566630480661 UZB 1
51.90964219 55.15602074 6.3724454835751505 BGR 2
-49.20802899 50.04578724 9.8701078583206741 ESH 3
-16.55791588 -29.84103486 3.2051952368216887 GNQ 4
46.09898982 58.71095051 5.6886742187974573 SRB 5
-31.01700948 5.183722637 9.9985374125564945 BFA 6
-23.06098381 -6.590758129 4.5603519857839236 TGO 7
89.56290511 42.57752757 13.370129438428238 TKM 8
64.02949313 90.04364619 4.8625002969637778 LVA 9
31.20133381 87.3164175 11.436279335159089 DEU 10
141.6591005 -13.84065866 13.708525639829128 THA 11
81.95176255 50.35393213 5.6317061854582686 AZE 12
156.1211288 43.28825559 59.624244055997465 CHN 13
-17.76636266 -37.17105833 9.901006387181587 GAB 14
117.7022489 6.168107614 17.971892835527065 PAK 15
36.12332783 -39.34468882 3.1057915955951527 RWA 16
60.23086917 30.98304357 8.2352819195243896 SYR 17
23.87333793 -65.35714296 16.602245666982306 ZMB 18
26.38211636 101.5396449 3.9727373069308731 DNK 19
126.9358829 17.08298899 7.3418742401924684 NPL 20
6.784213661 54.73678582 7.7408066349161162 TUN 21
130.9843337 -1.720521662 7.3515691515904384 BGD 22
118.0152937 48.83469023 8.5574228086869208 KGZ 23
41.16151215 22.54453104 19.16075246330227 EGY 24
-10.77749354 42.83123941 29.534425053208992 DZA 25
-15.17226132 14.321675 21.541181336294471 NER 26
111.6448214 24.05100593 15.455449563713943 AFG 27
73.87609834 -13.86286086 13.905448296150741 YEM 28
-29.75861438 64.3429745 5.8074704465109814 PRT 29
16.83658168 -40.40282159 29.304851741309538 COD 30
73.25454558 24.43324947 2.5545139778953314 KWT 31
-21.91219922 62.55950614 0.049164679376643552 GIB 32
154.0523951 -13.67443113 8.1425872479937649 KHM 33
156.7569112 -44.60305518 26.410681245322071 IDN 34
114.5141583 40.62871341 7.2393717431424731 TJK 35
-49.78322614 -1.937913907 5.1257960764766386 SLE 36
60.52580978 45.20030202 16.940177626341764 TUR 37
64.36984818 82.38029939 8.7195653003162121 BLR 38
44.83721156 67.30510774 5.8369746277505596 HUN 39
47.0131044 53.044179 3.0687320534447307 MKD 40
147.3740159 -20.22029696 1.453036016482347 BRN 41
18.40983975 -95.2306391 21.146848235527195 ZAF 42
7.82853288 6.135878146 21.685216825491182 TCD 43
22.75364748 71.48068531 0.14966318452911395 SMR 44
10.77929442 80.0442195 14.214471604740707 FRA 45
49.26382518 -78.02164758 17.133943665848665 MOZ 46
56.52427092 -26.78518467 20.110589591703491 ETH 47
60.30383497 -12.2019598 6.5627388980373613 ERI 48
1.306082843 69.07678498 0.41407441383512078 AND 49
41.78429371 62.37228828 4.3306613245573979 BIH 50
-7.94340242 -57.25838658 21.367918388391331 AGO 51
76.9944737 94.18195194 11.132986753931805 FIN 52
33.66778125 -2.004149431 26.282090574320566 SDN 53
132.996112 10.85370019 3.749839655771483 BTN 54
143.2516004 2.715466465 15.74128351252131 MMR 55
181.9656225 82.77458729 23.933976599751627 MNG 56
191.894882 53.1034863 6.0581046968333183 KOR 57
7.79867945 -16.5822547 15.104965295379047 CAF 58
51.47601626 29.38975994 2.7580464920412568 ISR 59
154.8357127 8.444035741 0.10993556517815699 MAC 60
162.7794494 -7.279651092 11.013729508072137 VNM 61
-31.88083668 54.0570668 12.788400021873175 MAR 62
51.14626011 32.31030333 1.9565236374913348 LBN 63
62.95481235 7.172603336 28.058804141709228 SAU 64
89.23966042 21.05000141 24.568891108590357 IRN 65
64.34448392 -16.39423378 2.9149030374888021 DJI 66
56.76929421 83.53191489 4.8903247615768484 LTU 67
128.7019984 121.0603575 79.132880342658851 RUS 68
29.76712349 -80.37507175 11.962848551320587 ZWE 69
-58.57942121 32.26628844 19.428862804347926 MRT 70
8.792533685 -74.47353807 14.599658289365967 BWA 71
79.26063954 2.326698973 2.0599159718334348 QAT 72
-63.37910247 12.98101036 1.9785551345459282 GMB 73
116.0939653 -23.53581075 34.699247425117875 IND 74
-7.030634064 -25.23286293 13.195626536088458 CMR 75
22.34529363 58.82347531 0.012694265629824517 VAT 76
-47.17923931 -8.776272209 6.3865025746447772 LBR 77
-30.89365793 -7.175608929 9.3466352887464552 GHA 78
52.74579635 63.99322703 9.343859091966177 ROU 79
65.46267638 69.10407525 14.866882024982077 UKR 80
35.30443359 -43.13581664 3.19277815183945 BDI 81
57.44296272 -46.35535269 14.579163740507054 KEN 82
-48.9510919 6.813313103 9.4890463466215635 GIN 83
39.46064611 -68.88989691 6.5873576571332961 MWI 84
37.91923077 68.49036471 2.7248352799749322 SVN 85
37.11532189 -84.91892141 3.3342449855370329 LSO 86
-40.76445738 -1.439485425 10.867284926928818 CIV 87
76.22239036 -30.17928984 15.281808080540799 SOM 88
36.72488265 -25.15553475 15.065644083474325 SSD 89
172.8666501 -42.59095256 2.333984953220948 TLS 90
31.22775606 74.07387364 0.24219115234978761 LIE 91
16.86440244 89.26708169 3.3437283629014938 BEL 92
-5.99068744 -38.97220857 11.191656516480931 COG 93
40.66851744 -54.71307957 18.604462963356873 TZA 94
39.65678164 78.67685976 5.3743239114709889 CZE 95
144.2717259 -27.55277542 11.006923884705028 MYS 96
46.69618324 72.68288806 4.23783185708528 SVK 97
43.3900295 -37.26293691 9.4055599638554988 UGA 98
187.2998687 63.99218249 6.6442082198163428 PRK 99
19.29231685 89.04470319 0.97316263828712479 LUX 100
-22.77977515 -0.3940287146 6.4223324680246954 BEN 101
45.45667588 47.60253384 6.9526691021093443 GRC 102
27.49349217 73.09087702 3.8884050369080385 CHE 103
-57.51007448 12.27479785 8.4880413831868076 SEN 104
55.45319935 24.71441981 5.7201718798253314 JOR 105
17.99282761 93.33702936 3.914982317706948 NLD 106
83.81108509 -3.22246778 10.64661481915231 OMN 107
28.89540032 64.2873723 10.505262218673552 ITA 108
157.4428201 2.884734876 9.3126260878911555 LAO 109
77.77561445 46.44861152 3.3004602392946678 ARM 110
15.89771186 73.12708315 0.028385240872726803 MCO 111
81.88434411 5.71893949 5.5333021042866761 ARE 112
53.10625149 31.16501224 1.5092835896515178 PSE 113
65.27080901 100.9592318 12.841917149747891 SWE 114
59.25985266 60.77486478 3.5207540575210716 MDA 115
-12.43149587 71.91066338 13.612976759834263 ESP 116
-10.14086562 -7.664580395 18.393430203769647 NGA 117
43.54755612 53.88341095 3.2447695147537408 ALB 118
40.22424225 -86.04737393 2.521785440438141 SWZ 119
76.83898552 54.74876051 5.0523974578903728 GEO 120
19.17543762 34.77428445 25.385214666124078 LBY 121
176.3772234 -30.75632204 13.019570787693549 PNG 122
48.07692054 82.07289677 10.701152987039785 POL 123
36.92372124 73.06818057 5.5422646197479413 AUT 124
156.6447105 8.483021489 0.63585473900906408 HKG 125
68.6794504 92.0282381 4.0698734210711329 EST 126
55.05356234 92.28479635 10.889830355676377 NOR 127
41.66532702 57.98337425 2.2491072070557596 MNE 128
71.87816115 32.9207964 12.669964586671146 IRQ 129
-56.89896093 5.453988326 3.6373446189428389 GNB 130
-38.34403243 21.31258937 21.312072863289 MLI 131
98.2318423 66.45185463 31.590503210666249 KAZ 132
