15.72317063 44.46842957 4.5526776267791265 HRV 0
64.54121664 41.19447029 12.800566630480661 UZB 1
24.69593327 43.09039129 6.3724454835751505 BGR 2
-11.62924698 24.8578833 9.8701078583206741 ESH 3
10.33763749 2.221901153 3.2051952368216887 GNQ 4
21.71810557 44.26865038 5.6886742187974573 SRB 5
-1.086294575 13.07308104 9.9985374125564945 BFA 6
0.5863553285 7.504971585 4.5603519857839236 TGO 7
60.46851834 41.01927655 13.370129438428238 TKM 8
25.29243079 56.41784217 4.8625002969637778 LVA 9
9.470670087 50.89854917 11.436279335159089 DEU 10
100.6855572 14.05059214 13.708525639829128 THA 11
47.18713125 41.32637297 5.6317061854582686 AZE 12
104.8455796 35.26167857 59.624244055997465 CHN 13
11.9653031 -1.01422461 9.901006387181587 GAB 14
68.61875437 31.03403789 17.971892835527065 PAK 15
29.61821523 -2.375560992 3.1057915955951527 RWA 16
37.79080242 34.6054429 8.2352819195243896 SYR 17
29.95228291 -14.36403236 16.602245666982306 ZMB 18
9.517197016 55.08151289 3.9727373069308731 DNK 19
82.92685054 28.21355549 7.3418742401924684 NPL 20
9.920866621 33.79229938 7.7408066349161162 TUN 21
90.73525188 23.151467 7.3515691515904384 BGD 22
75.28146613 41.21286082 8.5574228086869208 KGZ 23
29.60073663 26.92714688 19.16075246330227 EGY 24
3.566649333 28.01382943 29.534425053208992 DZA 25
8.404795092 16.35969581 21.541181336294471 NER 26
63.89311217 32.92361983 15.455449563713943 AFG 27
47.42945824 14.86442515 13.905448296150741 YEM 28
-7.398951944 39.81715843 5.8074704465109814 PRT 29
25.36962996 0.4248386029 29.304851741309538 COD 30
48.04269747 29.74257014 2.5545139778953314 KWT 31
-5.696244611 35.89555425 0.049164679376643552 GIB 32
104.3412771 13.37798405 8.1425872479937649 KHM 33
119.5282061 -5.406256052 26.410681245322071 IDN 34
71.05127346 37.50478099 7.2393717431424731 TJK 35
-12.03562142 7.851841302 5.1257960764766386 SLE 36
33.87886078 39.14625461 16.940177626341764 TUR 37
27.43265462 53.49143114 8.7195653003162121 BLR 38
20.19558417 47.1527027 5.8369746277505596 HUN 39
22.43783148 42.23285611 3.0687320534447307 MKD 40
114.8535228 4.00585136 1.453036016482347 BRN 41
23.6993025 -28.62424066 21.146848235527195 ZAF 42
19.18021 14.4236443 21.685216825491182 TCD 43
12.22500796 45.13291679 0.14966318452911395 SMR 44
2.749259179 46.61559676 14.214471604740707 FRA 45
34.54541532 -17.88351699 17.133943665848665 MOZ 46
37.54158187 8.573638369 20.110589591703491 ETH 47
39.00052758 14.76792133 6.5627388980373613 ERI 48
1.084457032 42.64416369 0.41407441383512078 AND 49
18.56936461 43.99657515 4.3306613245573979 BIH 50
18.44353237 -11.33625576 21.367918388391331 AGO 51
25.73532723 63.5179165 11.132986753931805 FIN 52
29.64641809 13.95557903 26.282090574320566 SDN 53
89.83921042 26.42277701 3.749839655771483 BTN 54
98.73026371 21.5825022 15.74128351252131 MMR 55
105.1503972 46.96631756 23.933976599751627 MNG 56
128.3361204 36.63065655 6.0581046968333183 KOR 57
21.41939332 6.98540032 15.104965295379047 CAF 58
34.40649075 31.6679697 2.7580464920412568 ISR 59
113.4385975 22.6108332 0.10993556517815699 MAC 60
105.7787118 15.88065331 11.013729508072137 VNM 61
-5.441569829 32.86575012 12.788400021873175 MAR 62
36.20909749 33.8103608 1.9565236374913348 LBN 63
44.69175615 24.56251939 28.058804141709228 SAU 64
52.2438674 31.31183151 24.568891108590357 IRN 65
43.41477511 11.77355278 2.9149030374888021 DJI 66
24.01292125 55.68032107 4.8903247615768484 LTU 67
101.1643133 60.91957117 79.132880342658851 RUS 68
29.41962479 -19.99681333 11.962848551320587 ZWE 69
-11.45872341 20.64732333 19.428862804347926 MRT 70
23.82383467 -21.36844569 14.599658289365967 BWA 71
51.67237932 25.12027373 2.0599159718334348 QAT 72
-17.08010247 13.22653152 1.9785551345459282 GMB 73
77.36445494 19.58021319 34.699247425117875 IND 74
11.60048034 5.749822811 13.195626536088458 CMR 75
11.31449808 42.46395072 0.012694265629824517 VAT 76
-10.87241356 6.100448469 6.3865025746447772 LBR 77
-2.192001639 8.372486571 9.3466352887464552 GHA 78
25.24770332 46.38522114 9.343859091966177 ROU 79
31.90733668 48.77183297 14.866882024982077 UKR 80
29.85944343 -3.49869978 3.19277815183945 BDI 81
37.35611663 0.4719078536 14.579163740507054 KEN 82
-9.923938154 9.622977962 9.4890463466215635 GIN 83
34.08196882 -13.25903322 6.5873576571332961 MWI 84
14.71813515 45.8467579 2.7248352799749322 SVN 85
27.86252242 -29.97042553 3.3342449855370329 LSO 86
-5.389202657 8.172643283 10.867284926928818 CIV 87
49.72321045 9.755233216 15.281808080540799 SOM 88
30.69169973 8.058857956 15.065644083474325 SSD 89
125.2552843 -10.46595439 2.333984953220948 TLS 90
8.647215023 47.1422532 0.24219115234978761 LIE 91
3.842273045 50.70673759 3.3437283629014938 BEL 92
15.80851414 -1.098331729 11.191656516480931 COG 93
34.08159562 -6.202266316 18.604462963356873 TZA 94
15.18643028 49.29449356 5.3743239114709889 CZE 95
112.5994893 2.698801167 11.006923884705028 MYS 96
19.37881049 48.65592046 4.23783185708528 SVK 97
30.863124 1.732151612 9.4055599638554988 UGA 98
126.9623677 41.35397917 6.6442082198163428 PRK 99
6.520144984 50.4099864 0.97316263828712479 LUX 100
2.086095905 9.809462709 6.4223324680246954 BEN 101
21.59784134 38.23074567 6.9526691021093443 GRC 102
7.856916304 47.13271506 3.8884050369080385 CHE 103
-14.43412213 14.56913832 8.4880413831868076 SEN 104
36.75638201 30.5981083 5.7201718798253314 JOR 105
6.507460746 52.17447595 3.914982317706948 NLD 106
58.01026938 20.37527566 10.64661481915231 OMN 107
12.63538879 43.66224323 10.505262218673552 ITA 108
104.4140341 18.39189855 9.3126260878911555 LAO 109
44.78024016 39.75965901 3.3004602392946678 ARM 110
7.429209523 42.65141821 0.028385240872726803 MCO 111
54.6973018 23.67195421 5.5333021042866761 ARE 112
34.95758771 32.18556553 1.5092835896515178 PSE 113
14.5943164 63.18389351 12.841917149747891 SWE 114
29.97683352 46.89386127 3.5207540575210716 MDA 115
-2.846616124 39.47817384 13.612976759834263 ESP 116
8.01805913 10.67192183 18.393430203769647 NGA 117
20.45747056 40.60897976 3.2447695147537408 ALB 118
31.53587562 -26.10622096 2.521785440438141 SWZ 119
43.17849911 41.89859316 5.0523974578903728 GEO 120
16.31940655 25.36683424 25.385214666124078 LBY 121
146.7983198 -5.139035488 13.019570787693549 PNG 122
20.99019888 52.4999923 10.701152987039785 POL 123
12.96431116 47.96834082 5.5422646197479413 AUT 124
114.1921858 22.07633706 0.63585473900906408 HKG 125
25.61397769 58.76573966 4.0698734210711329 EST 126
11.313126 62.67450014 10.889830355676377 NOR 127
19.03763682 42.73433434 2.2491072070557596 MNE 128
44.17194881 31.6794724 12.669964586671146 IRQ 129
-15.81528818 12.089758 3.6373446189428389 GNB 130
-3.715850403 17.14012446 21.312072863289 MLI 131
68.41051169 47.88785796 31.590503210666249 KAZ 132
