72.63622059 52.3118224 1.7559590738010991 UZB 0
69.42743941 30.35154232 1.4606940775591488 OMN 1
83.04613432 35.96732449 1.2774939146464082 LAO 2
84.91173955 32.11804865 0.20032702988019721 BRN 3
65.14163964 47.44747651 0.45534940538727409 ARM 4
69.3204862 50.94994896 1.8342051960369001 TKM 5
81.29128565 33.34117267 1.8810128520927554 THA 6
83.46710464 47.70402997 8.1783167482293724 CHN 7
65.93837672 48.37542846 0.77154085894778413 AZE 8
69.2751529 32.56066476 0.75842589458402176 ARE 9
73.53171535 43.97899168 2.4657319832950511 PAK 10
61.50596324 40.74683396 0.20032702988019721 PSE 11
87.29340623 21.92936979 0.31674484565901556 TLS 12
62.06986091 42.04924898 1.1302658617937855 SYR 13
76.34823974 42.7449556 0.51724216701413295 BTN 14
79.91329591 37.3629135 2.1591375775886821 MMR 15
81.73172262 59.01458258 3.2825526233126645 MNG 16
92.59293515 43.93302205 0.83000849862757498 KOR 17
76.47750366 41.22840824 1.0082906056700169 NPL 18
62.14203621 39.99753262 0.78443658537589589 JOR 19
64.56646667 48.87757531 0.69395318776374038 GEO 20
75.54842558 52.64066092 1.173809275644047 KGZ 21
84.32596681 39.59666869 0 MAC 22
85.67330283 36.87330685 1.5102231261810237 VNM 23
77.78173497 39.69627231 1.0082906056700169 BGD 24
61.0471942 40.37964564 0.37477755556086201 ISR 25
72.56220284 48.44653024 2.1200620077888286 AFG 26
61.12261499 41.01999237 0.27124408070556294 LBN 27
64.63323483 34.17657114 3.8490255339257935 SAU 28
67.75517 44.66802898 3.3700222623709575 IRN 29
66.13899778 28.62448676 1.9074948615893246 YEM 30
83.67971515 30.93355508 1.5102231261810237 MYS 31
93.25122938 45.54285262 0.91069881077454817 PRK 32
68.96127464 33.5530053 0.28330520256649516 QAT 33
84.72763205 39.51810126 0.081783167482293723 HKG 34
66.10629323 39.11522288 0.34697659388187019 KWT 35
72.81515265 36.78928027 4.7596117193948491 IND 36
84.84078298 34.38005398 1.1183679950725975 KHM 37
85.09794674 25.96690355 3.6225419915445021 IDN 38
74.79328804 50.61626873 0.99156820898273312 TJK 39
64.58222687 40.63929077 1.738733990728162 IRQ 40
62.46550304 46.72512044 2.3232754016976944 TUR 41
74.13901381 58.19805051 4.3329645231651028 KAZ 42
