15.96975212 44.92011994 4.5526776267791265 HRV 0
64.94644266 40.78640981 12.800566630480661 UZB 1
24.42122682 43.26758414 6.3724454835751505 BGR 2
-11.61733681 26.15640741 9.8701078583206741 ESH 3
9.869218552 2.475201832 3.2051952368216887 GNQ 4
21.36789901 44.16134598 5.6886742187974573 SRB 5
-0.6467112787 12.83266831 9.9985374125564945 BFA 6
1.411225844 7.287108755 4.5603519857839236 TGO 7
59.81000825 40.5738436 13.370129438428238 TKM 8
25.44038282 56.97851469 4.8625002969637778 LVA 9
8.582281302 51.05524851 11.436279335159089 DEU 10
99.74236598 15.38920478 13.708525639829128 THA 11
46.73319879 40.25763749 5.6317061854582686 AZE 12
104.9586914 33.10293421 59.624244055997465 CHN 13
12.06368951 -1.109736722 9.901006387181587 GAB 14
69.91292339 29.77484999 17.971892835527065 PAK 15
30.17446197 -1.404120412 3.1057915955951527 RWA 16
38.07158919 33.57716146 8.2352819195243896 SYR 17
29.77802377 -13.62350911 16.602245666982306 ZMB 18
9.580244167 55.23337593 3.9727373069308731 DNK 19
82.81140291 27.2051219 7.3418742401924684 NPL 20
9.490487929 34.38971343 7.7408066349161162 TUN 21
91.93301486 23.32354444 7.3515691515904384 BGD 22
74.89515169 41.58261786 8.5574228086869208 KGZ 23
29.947925 27.95215671 19.16075246330227 EGY 24
3.471165834 28.66377331 29.534425053208992 DZA 25
8.967064767 17.84061694 21.541181336294471 NER 26
64.21940146 33.00346183 15.455449563713943 AFG 27
47.41796963 15.36034291 13.905448296150741 YEM 28
-7.614465663 38.7897621 5.8074704465109814 PRT 29
23.95182831 -0.3305927329 29.304851741309538 COD 30
48.12471621 28.70990905 2.5545139778953314 KWT 31
-4.005715 34.79638788 0.049164679376643552 GIB 32
105.2240781 12.01937495 8.1425872479937649 KHM 33
119.6560906 -4.587857754 26.410681245322071 IDN 34
69.97013513 38.25744891 7.2393717431424731 TJK 35
-12.47094689 8.475012038 5.1257960764766386 SLE 36
32.64178607 38.75840909 16.940177626341764 TUR 37
27.00965311 53.59108187 8.7195653003162121 BLR 38
20.14634553 46.8389905 5.8369746277505596 HUN 39
21.95249069 41.99571411 3.0687320534447307 MKD 40
114.461758 3.488440593 1.453036016482347 BRN 41
23.33343874 -28.34044318 21.146848235527195 ZAF 42
19.711617 14.55642948 21.685216825491182 TCD 43
11.11158877 47.06731457 0.14966318452911395 SMR 44
2.043989025 46.24161863 14.214471604740707 FRA 45
35.93572432 -17.23684814 17.133943665848665 MOZ 46
38.03964155 9.31176284 20.110589591703491 ETH 47
38.75965681 15.28416972 6.5627388980373613 ERI 48
1.073417827 42.35180499 0.41407441383512078 AND 49
18.21794547 43.68824507 4.3306613245573979 BIH 50
18.14960182 -10.97694561 21.367918388391331 AGO 51
25.17149714 62.94694876 11.132986753931805 FIN 52
29.71118091 15.69721176 26.282090574320566 SDN 53
89.86273158 28.44489246 3.749839655771483 BTN 54
97.11820271 20.8969972 15.74128351252131 MMR 55
107.828672 48.92938507 23.933976599751627 MNG 56
129.4427838 36.47459901 6.0581046968333183 KOR 57
20.44369119 7.492213815 15.104965295379047 CAF 58
34.64004606 30.86332762 2.7580464920412568 ISR 59
112.8652405 22.4972038 0.10993556517815699 MAC 60
106.437929 15.53162458 11.013729508072137 VNM 61
-5.237957451 31.69654558 12.788400021873175 MAR 62
36.04946873 32.96342911 1.9565236374913348 LBN 63
44.09258653 24.39131855 28.058804141709228 SAU 64
52.38299919 31.98863732 24.568891108590357 IRN 65
41.9056487 12.89463555 2.9149030374888021 DJI 66
23.84411811 55.67810267 4.8903247615768484 LTU 67
98.67625663 66.5502044 79.132880342658851 RUS 68
29.25466998 -19.37711591 11.962848551320587 ZWE 69
-11.30572679 20.252245 19.428862804347926 MRT 70
23.95327939 -19.9420773 14.599658289365967 BWA 71
52.36591087 26.50423432 2.0599159718334348 QAT 72
-16.43208762 14.24770489 1.9785551345459282 GMB 73
77.84496435 19.7148118 34.699247425117875 IND 74
11.61796139 5.430229281 13.195626536088458 CMR 75
10.14368542 41.10609419 0.012694265629824517 VAT 76
-10.41316367 6.500247193 6.3865025746447772 LBR 77
-1.31764301 7.623258029 9.3466352887464552 GHA 78
24.23432586 46.46933107 9.343859091966177 ROU 79
33.39260822 49.29425858 14.866882024982077 UKR 80
30.08408927 -3.505707815 3.19277815183945 BDI 81
37.24753256 1.331309468 14.579163740507054 KEN 82
-10.25786977 10.89792449 9.4890463466215635 GIN 83
34.24424556 -12.87751296 6.5873576571332961 MWI 84
15.04018206 46.51999447 2.7248352799749322 SVN 85
28.05359966 -29.09603047 3.3342449855370329 LSO 86
-5.219140991 7.308243903 10.867284926928818 CIV 87
50.22746449 8.980686384 15.281808080540799 SOM 88
29.50703065 7.733991587 15.065644083474325 SSD 89
126.6704757 -9.005802392 2.333984953220948 TLS 90
8.39276363 46.70545423 0.24219115234978761 LIE 91
3.104705976 50.46290304 3.3437283629014938 BEL 92
16.17811911 -1.633244119 11.191656516480931 COG 93
35.24058066 -6.504236206 18.604462963356873 TZA 94
15.49487341 49.78695539 5.3743239114709889 CZE 95
112.4955315 1.718654147 11.006923884705028 MYS 96
19.53519961 48.7153191 4.23783185708528 SVK 97
31.99759792 2.292704749 9.4055599638554988 UGA 98
127.5854024 42.84091559 6.6442082198163428 PRK 99
6.32010406 49.53816967 0.97316263828712479 LUX 100
2.864910165 10.33181162 6.4223324680246954 BEN 101
22.35552947 39.06587638 6.9526691021093443 GRC 102
7.388636584 46.68026848 3.8884050369080385 CHE 103
-14.31618939 15.0979323 8.4880413831868076 SEN 104
36.78602462 30.05832043 5.7201718798253314 JOR 105
5.579697389 52.34950779 3.914982317706948 NLD 106
59.06681489 20.23264576 10.64661481915231 OMN 107
12.05813214 43.69299596 10.505262218673552 ITA 108
104.1132805 18.68129558 9.3126260878911555 LAO 109
44.48311788 39.62398379 3.3004602392946678 ARM 110
7.759218267 42.73442967 0.028385240872726803 MCO 111
54.75128172 24.2751069 5.5333021042866761 ARE 112
35.81152428 32.00745219 1.5092835896515178 PSE 113
15.04720206 63.31658568 12.841917149747891 SWE 114
30.04832828 47.75776838 3.5207540575210716 MDA 115
-2.394402949 40.52652536 13.612976759834263 ESP 116
7.668295025 10.18222888 18.393430203769647 NGA 117
20.08020664 41.4653728 3.2447695147537408 ALB 118
31.8648534 -26.48570687 2.521785440438141 SWZ 119
43.23380762 41.73136516 5.0523974578903728 GEO 120
14.8770633 26.86687329 25.385214666124078 LBY 121
148.1059003 -5.024433292 13.019570787693549 PNG 122
20.56783827 53.30491366 10.701152987039785 POL 123
13.14185176 47.49841583 5.5422646197479413 AUT 124
114.8083695 22.09669317 0.63585473900906408 HKG 125
26.72025942 60.36912175 4.0698734210711329 EST 126
9.117985918 62.81958815 10.889830355676377 NOR 127
19.09921524 42.38962728 2.2491072070557596 MNE 128
44.35210932 32.89520959 12.669964586671146 IRQ 129
-15.65088509 12.94651491 3.6373446189428389 GNB 130
-3.706007053 18.08590957 21.312072863289 MLI 131
68.40330194 49.27038763 31.590503210666249 KAZ 132
