35.39938397 64.67330335 2.8615370866238208 HRV 0
100.4359137 47.1478075 8.0456599710605445 UZB 1
47.72216456 57.25014461 4.0053328126022913 BGR 2
-54.35214395 45.41565408 6.203751286809938 ESH 3
-13.61270879 -31.40688747 2.014591366207501 GNQ 4
40.73663965 59.90950237 3.5755556587313491 SRB 5
-30.98566177 1.464634646 6.2844743167698622 BFA 6
-22.53853436 -9.075719554 2.8663607233292003 TGO 7
85.66775014 49.8592367 8.4036526144484398 TKM 8
54.19170422 98.86810388 3.0562728297819453 LVA 9
22.12071531 90.11311974 7.1881517061640654 DEU 10
142.035845 0.6237379798 8.6163479466602961 THA 11
77.4803719 57.057852 3.539749007455792 AZE 12
151.6720182 59.75359481 37.476184262326683 CHN 13
-14.76761481 -39.82302466 6.2231722283977087 GAB 14
117.3626137 16.51031933 11.296042039785883 PAK 15
40.44884567 -36.33099887 1.9521122650644627 RWA 16
56.47324365 36.8011024 5.1761988358032571 SYR 17
30.52663816 -63.57706555 10.43516488359837 ZMB 18
15.65458891 103.736442 2.4970217685365359 DNK 19
126.467925 28.04984808 4.6146569438746017 NPL 20
1.380884567 55.25918836 4.8654016563582276 TUN 21
130.8363384 11.07426017 4.6207505772901625 BGD 22
112.564515 60.66404319 5.3786770644470705 KGZ 23
38.32518354 26.59449414 12.04328711061145 EGY 24
-15.94183879 42.6563223 18.563548652062174 DZA 25
-17.36508948 13.37941315 13.539480353478149 NER 26
110.4633718 34.40958508 9.7143583935900431 AFG 27
75.86475808 -6.518409321 8.7401215872418803 YEM 28
-36.36432876 61.74357221 3.6502237637941177 PRT 29
20.56180636 -39.19641083 18.419252789285672 COD 30
70.7843942 29.76845028 1.6056125834716548 KWT 31
-28.31362673 59.93491296 0.030901936161855173 GIB 32
154.6472312 2.278519642 5.1179365861862234 KHM 33
160.7063497 -28.746882 16.600152714954323 IDN 34
110.9761942 51.7411568 4.5502300898722856 TJK 35
-49.51699204 -7.363786687 3.2217645908053609 SLE 36
60.46881478 53.19803993 10.64756842141413 TUR 37
55.78792289 91.24085692 5.4805900025355632 BLR 38
38.71958204 71.56749785 3.6687683030188847 HUN 39
42.68012479 55.27058775 1.928818884120256 MKD 40
148.8097219 -4.864595945 0.91329032938929411 BRN 41
29.18397348 -95.49877697 13.291626478279163 ZAF 42
6.811859053 7.853495888 13.630012327827052 TCD 43
15.17903181 73.46301001 0.094069202377342315 SMR 44
5.521051772 82.09289639 8.9343549001740286 FRA 45
57.82824287 -73.28413777 10.7693580040799 MOZ 46
59.51555034 -21.75581643 12.640297132402791 ETH 47
62.24074826 -6.697024494 4.1249397137412886 ERI 48
-11.83131199 74.05161863 0.26026206750102998 AND 49
34.99681783 59.5925658 2.7219911018816467 BIH 50
-1.686025408 -58.52442207 13.430577770908654 AGO 51
67.70536524 100.9449089 6.9975203809468365 FIN 52
33.46020266 0.98033526 16.519328416765436 SDN 53
130.9192355 23.09137302 2.3569218212962175 BTN 54
142.4179764 17.51575618 9.8940162811411714 MMR 55
172.3923375 102.9846427 15.043446359506245 MNG 56
186.7716315 73.46974556 3.8077572553501451 KOR 57
9.428560832 -16.27706427 9.4940652355111013 CAF 58
48.50739843 33.97474988 1.7335407798667928 ISR 59
153.1121514 24.53708979 0.069098829894267105 MAC 60
163.3032549 9.051039068 6.9225625078330566 VNM 61
-38.62677618 51.31712481 8.0380127786601907 MAR 62
47.50142026 37.0378354 1.2297521169972385 LBN 63
62.06796336 13.37436921 17.636062827189139 SAU 64
88.33967241 28.25696256 15.442515119216102 IRN 65
66.49452839 -10.42376672 1.8321312927196423 DJI 66
47.94011653 88.83589812 3.0737616009915341 LTU 67
117.8191979 133.1617632 49.73813004899354 RUS 68
37.48804508 -78.41383125 7.5191211848412927 ZWE 69
-62.56458868 27.27555338 12.211805013064447 MRT 70
15.45168052 -74.02495718 9.1764598928151706 BWA 71
78.86423523 9.313906207 1.2947382687625775 QAT 72
-64.4870884 6.293431709 1.2435997800790115 GMB 73
118.2394679 -13.69692113 21.809842805662846 IND 74
-4.256420345 -25.85388162 8.2939706717096016 CMR 75
16.09220609 60.83218143 0.0079788456080286552 VAT 76
-46.20333401 -13.92564761 4.0141682476414831 LBR 77
-30.21004733 -11.26905296 5.8747281724000917 GHA 78
46.61676246 66.21893348 5.8729832234496548 ROU 79
54.30095548 77.79047363 9.3444205288579756 UKR 80
39.36844822 -39.77945684 2.0067867395466026 BDI 81
62.66170955 -41.40912806 9.1635782621702848 KEN 82
-49.91013143 1.0175362 5.9642391277240385 GIN 83
46.25948745 -66.04640017 4.1404135728534062 MWI 84
31.09659137 71.55778445 1.7126662258547731 SVN 85
45.92027324 -80.84769998 2.0957042128093146 LSO 86
-40.46345624 -5.849903348 6.8305163243713096 CIV 87
79.79284036 -22.83125982 9.6052178867038016 SOM 88
39.33529289 -22.00320935 9.4693503061046105 SSD 89
176.6291609 -24.41314625 1.4670014112087997 TLS 90
24.03546489 76.88720344 0.15222667215103919 LIE 91
8.509086224 92.71661891 2.1016648887586133 BEL 92
-2.665672765 -39.75495129 7.034396636012695 COG 93
45.90268963 -50.44249497 11.693637263754326 TZA 94
31.21096174 81.82537808 3.3779741174170201 CZE 95
146.1818399 -12.93753252 6.9182849056703137 MYS 96
38.53206564 77.34470562 2.6636441277096723 SVK 97
47.17334477 -33.65470051 5.9117646500434855 UGA 98
180.8472511 84.13302796 4.1761463891978092 PRK 99
10.37283699 91.08545629 0.61167102287130437 LUX 100
-22.56967691 -2.772259399 4.0366887459331542 BEN 101
41.23884414 48.82234299 4.3700261950646242 GRC 102
20.31147036 75.82081312 2.4440156174200909 CHE 103
-58.49792814 6.729751109 5.3350681075941653 SEN 104
52.18041007 30.04247864 3.5953531784685278 JOR 105
9.255607774 96.81372666 2.4607204845120085 NLD 106
85.88257355 3.51494783 6.6918164758255898 OMN 107
22.48584288 67.14087679 6.60297080263725 ITA 108
156.7610007 18.70500509 5.8533520510245216 LAO 109
74.25376079 52.78739927 2.0744691699927422 ARM 110
8.747356036 74.58518276 0.017841241161527712 MCO 111
82.24492457 12.06160782 3.4778981691510249 ARE 112
49.91157219 35.98036971 0.94864414308992251 PSE 113
55.84110769 108.8909028 8.0716504000200491 SWE 114
53.97042576 65.58600208 2.2129325057450684 MDA 115
-19.88204147 70.45754321 8.5562917146788315 ESP 116
-9.383105668 -8.470397097 11.560994867881758 NGA 117
39.18965111 54.30234454 2.0394653575731141 ALB 118
49.18034469 -81.66021644 1.5850414094500571 SWZ 119
72.24981524 60.83858929 3.1756306699768504 GEO 120
15.10328682 37.26828806 15.955606606482256 LBY 121
178.6223084 -12.20439389 8.1833127041034572 PNG 122
39.50317818 85.86313894 6.726095861022678 POL 123
29.18533301 75.89877664 3.4835314628924903 AUT 124
154.9075046 24.7673209 0.39965973138036587 HKG 125
59.33042628 98.50762047 2.558075639653592 EST 126
45.25787454 97.48443034 6.8446870137510043 NOR 127
36.68507116 56.21605891 1.4136524068663683 MNE 128
68.38902324 38.16895703 7.9635714458920726 IRQ 129
-57.28627002 -0.5069041036 2.2862142627261157 GNB 130
-41.72861563 16.68188422 13.395476660243068 MLI 131
93.98185073 74.27805351 19.855874703428899 KAZ 132
