5.877058236 57.55670209 2.4509577044999773 NLD 0
18.50108083 43.12964173 2.849630885800353 HRV 1
30.61246915 46.80016664 5.8479959344238495 ROU 2
21.30852915 46.90642507 3.6529498838908854 HUN 3
31.44411304 39.4517332 3.9885308688392893 BGR 4
25.82744592 39.6770524 1.9204715912759185 MKD 5
11.53637209 42.49226369 6.5749245998202985 ITA 6
25.34056119 42.61889438 3.5607885497958192 SRB 7
0.8351551561 46.13740207 8.8964128529519488 FRA 8
18.54193644 47.60836746 1.7043075228846432 SVN 9
11.59771935 57.17626778 7.1576050768503672 DEU 10
21.31722287 40.8509496 2.7101224697669384 BIH 11
-3.344206853 32.91589483 8.5201443336093003 ESP 12
23.77987642 37.54654055 2.0306439919330481 ALB 13
8.501613651 67.61969825 2.4862250953761547 DNK 14
2.814915012 53.81696752 2.092076179123104 BEL 15
16.89662367 54.64973229 3.3642088395303458 CZE 16
-16.24704973 35.03803574 3.6344868110110329 PRT 17
21.24469449 51.09270126 2.6525636223661051 SVK 18
24.57863091 57.12980909 6.6977641361364446 POL 19
5.451724957 52.48459171 0.60990733702407007 LUX 20
14.81750371 48.7092569 3.4684602593695137 AUT 21
26.29061922 33.50556984 4.3510644521450539 GRC 22
9.125574996 48.5454565 2.4331323209872111 CHE 23
