81.05314779 38.26653898 1.6274742635229698 UZB 0
73.78232154 18.08704294 1.3538140231036011 OMN 1
89.85546548 23.15524479 1.1840187501600856 LAO 2
89.1862233 16.85879641 0.18566895452310958 BRN 3
71.66284754 33.63066325 0.42203115621259546 ARM 4
76.96306411 37.69989708 1.699995059741517 TKM 5
87.14171823 20.66185153 1.743377765354261 THA 6
90.61718913 33.2501746 7.5799033276272221 CHN 7
72.58751867 34.29239139 0.71508664975648273 AZE 8
73.51910131 20.1350298 0.70293131693153232 ARE 9
80.99734995 31.06465815 2.2853125698832177 PAK 10
68.16129359 29.18043237 0.18566895452310958 PSE 11
89.77605369 6.427805534 0.29356839353762415 TLS 12
69.02608971 30.13990549 1.0475634816625328 SYR 13
82.97286761 29.11023149 0.47939517918383051 BTN 14
86.92741995 24.40856762 2.0011519011797541 MMR 15
87.6930969 43.52916167 3.0423658459971032 MNG 16
97.31697457 27.87766809 0.76927616945970356 KOR 17
83.60679371 27.84354349 0.93451324427952775 NPL 18
68.76816172 28.30892513 0.72703878644595221 JOR 19
71.39630124 34.94489063 0.64317612524444223 GEO 20
83.77281463 38.60048726 1.0879207920603362 KGZ 21
89.92331886 24.34258769 0 MAC 22
92.19387117 22.05623892 1.3997189949970463 VNM 23
85.12115546 26.74542967 0.93451324427952775 BGD 24
67.64240023 29.05863665 0.34735480759299403 ISR 25
79.48296639 35.03568021 1.9649355194140361 AFG 26
67.48932713 29.63947877 0.25139695284905833 LBN 27
70.44300515 23.16875023 3.5673895192482963 SAU 28
75.56351237 31.79113013 3.1234352675633259 IRN 29
70.10635484 16.69718883 1.7679220668388862 YEM 30
87.60594401 16.73242287 1.3997189949970463 MYS 31
98.29237769 29.65913406 0.84406231242519092 PRK 32
73.68752222 21.08569573 0.26257555359821499 QAT 33
90.25996726 24.35797344 0.075799033276272229 HKG 34
71.83394796 26.89465638 0.32158806262222112 KWT 35
80.5804528 23.43709406 4.4113474472440064 IND 36
89.90515205 20.36026628 1.0365361905550903 KHM 37
88.31496651 10.78569544 3.3574779433827091 IDN 38
82.69134796 36.3171177 0.91901443759375256 TJK 39
71.54472618 29.28767706 1.6115095523821987 IRQ 40
69.10394896 33.34167163 2.1532796405978627 TUR 41
80.62628859 43.89345375 4.0159183385432664 KAZ 42
