437.414318651 812.140707 35.8640488511824032 HRV 0
1253.960317000 626.1948292 100.8373938576360018 UZB 1
597.617331200 716.125419 50.1994023868809975 BGR 2
-507.964114700 725.6808124 77.7524919214811945 ESH 3
-158.736767043 -387.854625303 25.2491584018160999 GNQ 4
510.432517400 744.0005205 44.8129445584643022 SRB 5
-402.284479800 -1.062010593 78.7642050680382937 BFA 6
-283.369015600 -116.6382808 35.9245041719437026 TGO 7
1055.358362000 628.1836129 105.3241662677660031 TKM 8
680.779983000 1196.611366 38.3046994505896023 LVA 9
267.058106300 1094.513648 90.0901215450395938 DEU 10
2348.599269609 -32.309781142 107.9899069357870047 THA 11
957.923694800 734.4921762 44.3641747359285006 AZE 12
1921.550037703 759.638116823 469.6943154861469907 CHN 13
-219.940881995 -470.843849764 77.9958973280004955 GAB 14
1429.994641000 177.9955291 141.5748918417390030 PAK 15
530.361238940 -500.224645013 24.4660989943226994 RWA 16
687.442182624 503.470254563 64.8740317846825008 SYR 17
380.099348114 -839.271129525 130.7853967383209977 ZMB 18
290.539005584 1211.876281015 31.2955268369140001 DNK 19
1865.871690586 254.022890334 57.8361478661917019 NPL 20
12.671887540 690.1268402 60.9787667963202011 TUN 21
2031.023919649 153.854919977 57.9125202352650987 BGD 22
1387.336239000 725.9141854 67.4117200492614046 KGZ 23
470.520628400 340.9615294 150.9402199547890007 EGY 24
-244.747603600 565.8014476 232.6595796437360093 DZA 25
-243.406041800 178.1838899 169.6922213891959927 NER 26
1442.315793000 434.789952 121.7514270963589951 AFG 27
960.109373200 -97.48376863 109.5411794714659948 YEM 28
-245.978362100 890.5862796 45.7487704752816029 PRT 29
242.214856300 -504.999179 230.8510991959969942 COD 30
919.779051996 379.506209864 20.1233694991667988 KWT 31
-131.725673200 808.5445969 0.3872983346207420 GIB 32
2503.798299343 37.805096949 64.1438227735141027 KHM 33
2675.244014625 -392.753202353 208.0520607924850083 IDN 34
1404.227254000 602.7639566 57.0286769967531981 TJK 35
-728.389879500 -61.84911578 40.3788310875884022 SLE 36
772.334579200 688.2806918 133.4474803059239889 TUR 37
765.249489200 1137.538177 68.6890093100780064 BLR 38
469.052723740 887.630022631 45.9811918070856009 HUN 39
534.748180800 681.7493615 24.1741597578903011 MKD 40
2566.925057297 -94.464967132 11.4463968129712992 BRN 41
536.164540167 -1258.863102485 166.5858337314429889 ZAF 42
81.858277250 135.4312413 170.8268714225019949 TCD 43
256.171737733 923.556579674 1.1789826122551601 SMR 44
123.365814600 952.5611467 111.9755330418209951 FRA 45
725.350175551 -931.793975723 134.9738863632520065 MOZ 46
776.697698800 -290.5821039 158.4226309590899859 ETH 47
774.357873200 -88.16681438 51.6984525880611017 ERI 48
8.362890632 947.310525942 3.2619012860600201 AND 49
434.090132400 744.044119 34.1150992963527031 BIH 50
43.789226038 -834.417774041 168.3273299259520002 AGO 51
825.390097200 1370.058333 87.7009121959401057 FIN 52
419.659003100 -0.241744919 207.0390784368970003 SDN 53
1933.862788602 204.057724845 29.5396343917795008 BTN 54
2212.874951125 153.087854821 124.0031047998389937 MMR 55
2124.434877000 1428.8893 188.5416399631650108 MNG 56
1961.560590031 1268.482002 47.7231599959601027 KOR 57
133.302400700 -186.0045179 118.9904618026170056 CAF 58
607.606296117 438.52110867 21.7267116701998013 ISR 59
2181.758221360 367.769674126 0.8660254037844380 MAC 60
2561.597711968 171.987107627 86.7614545751740991 VNM 61
-383.876563400 855.3040394 100.7415505141750032 MAR 62
615.989637670 473.64399736 15.4126571362630003 LBN 63
793.461227200 173.9457804 221.0352686790049859 SAU 64
1148.993963000 355.9077705 193.5432251462189868 IRN 65
835.661328800 -125.9615999 22.9623605058365001 DJI 66
643.506351019 1129.640435094 38.5238886926020996 LTU 67
1387.517228000 1761.586499 623.3750155404039788 RUS 68
517.841312511 -1007.948911699 94.2382088115005985 ZWE 69
-624.790244100 529.0192717 153.0522786501389874 MRT 70
325.103317501 -1072.292286759 115.0098691417390029 BWA 71
1011.742478000 106.0015716 16.2271377636354011 QAT 72
-830.463658700 83.554685369 15.5862118553546996 GMB 73
1771.481179000 -52.02790202 273.3458432096589945 IND 74
-41.536901170 -333.7752098 103.9495069733380035 CMR 75
253.669322841 769.96752421 0.1000000000000000 VAT 76
-657.996065000 -115.861672 50.3101381433205006 LBR 77
-381.500299500 -155.4906525 73.6287987135468001 GHA 78
581.294330500 834.2832372 73.6069290216619976 ROU 79
707.009484900 968.2809629 117.1149435383889994 UKR 80
489.477479181 -528.271547928 25.1513419125103006 BDI 81
814.727917200 -551.0821434 114.8484218437500033 KEN 82
-638.843177500 3.595348899 74.7506521710679976 GIN 83
562.393865962 -851.801732178 51.8923886519014985 MWI 84
402.951311773 873.443282951 21.4650879336656004 SVN 85
726.459783481 -1279.956102718 26.2657571754556010 LSO 86
-525.114485500 -101.0120511 85.6078267449885999 CIV 87
1045.046931000 -302.069636 120.3835536940160011 SOM 88
509.939407000 -300.7681241 118.6807060983380069 SSD 89
2864.616108312 -516.253782798 18.3861360812977992 TLS 90
316.492839682 961.935492769 1.9078784028338900 LIE 91
125.507766598 1088.932705 26.3404631698076983 BEL 92
-64.862189640 -517.3767689 88.1630875139931049 COG 93
587.978586400 -661.3410297 146.5580089930259930 TZA 94
385.913160200 1029.768612 42.3366271684460003 CZE 95
2494.519299719 -160.294015604 86.7078427825301929 MYS 96
445.430883093 967.968958779 33.3838284203594000 SVK 97
619.053700700 -451.0460571 74.0929821238152044 UGA 98
1904.977827836 1350.544545156 52.3402330908068976 PRK 99
155.913271945 1074.392379 7.6661594035083702 LUX 100
-281.788866700 -32.88261671 50.5923907322039028 BEN 101
548.486613179 606.880418062 54.7701561071354988 GRC 102
284.331818806 957.673848751 30.6311932513246994 CHE 103
-752.350476900 98.77904039 66.8651628278881986 SEN 104
663.760414651 396.00439797 45.0610696721682018 JOR 105
157.485129900 1135.148604 30.8405577122074988 NLD 106
1097.341467156 36.06995085 83.8694819347299045 OMN 107
287.305094600 845.6895919 82.7559665522672958 ITA 108
2409.735733610 138.288699265 73.3608887623369981 LAO 109
930.210847200 663.5199484 25.9996153817705000 ARM 110
226.576842590 908.602577513 0.2236067977499790 MCO 111
1047.418512000 151.2593305 43.5889894354066030 ARE 112
639.279439237 446.729281837 11.8894911581614995 PSE 113
648.533890300 1327.054498 101.1631355781340034 SWE 114
680.317087209 830.086066077 27.7349959437530984 MDA 115
-94.522013560 909.5424146 107.2372136900250013 ESP 116
-107.045874700 -103.1640881 144.8955830934820028 NGA 117
488.675527700 668.4835247 25.5609076521159011 ALB 118
666.792688767 -1069.603248624 19.8655480669423987 SWZ 119
902.091167500 793.2907885 39.8006281357467984 GEO 120
163.762924200 483.1436529 199.9738732934879977 LBY 121
2982.778965860 -404.111356264 102.5626150212639942 PNG 122
507.009481785 1067.850889 84.2991103155898998 POL 123
360.075479900 948.6350509 43.6595923022649970 AUT 124
2198.505224626 374.259643076 5.0089919145472797 HKG 125
739.053777700 1236.063885 32.0607236350022973 EST 126
707.358596500 1497.278477 85.7854299983393958 NOR 127
462.972973800 703.2998469 17.7175054677570003 MNE 128
850.770488700 477.6809652 99.8085667665855993 IRQ 129
-741.642593043 6.344616507 28.6534465640697995 GNB 130
-565.135066700 225.6458678 167.8874027436249889 MLI 131
1165.257748000 951.2134309 248.8564847457259930 KAZ 132