15.89730071 44.8504503 4.5526776267791265 HRV 0
64.21820162 39.64860123 12.800566630480661 UZB 1
25.59902723 42.52216851 6.3724454835751505 BGR 2
-12.70023227 26.48156289 9.8701078583206741 ESH 3
9.628945433 2.204307996 3.2051952368216887 GNQ 4
21.39474081 43.87556855 5.6886742187974573 SRB 5
-0.3887532499 11.98284003 9.9985374125564945 BFA 6
1.19930531 7.635836072 4.5603519857839236 TGO 7
58.44286821 39.67505881 13.370129438428238 TKM 8
26.13981553 57.35609796 4.8625002969637778 LVA 9
9.825593992 50.82763388 11.436279335159089 DEU 10
98.46956467 15.06693015 13.708525639829128 THA 11
45.83066662 38.90577363 5.6317061854582686 AZE 12
107.528306 33.26773839 59.624244055997465 CHN 13
11.12065972 -0.3892185621 9.901006387181587 GAB 14
70.44273483 29.59594091 17.971892835527065 PAK 15
31.25574908 -2.012550766 3.1057915955951527 RWA 16
38.51519243 33.90814479 8.2352819195243896 SYR 17
29.01835156 -13.35245478 16.602245666982306 ZMB 18
9.593560071 54.87084941 3.9727373069308731 DNK 19
82.91341188 28.20371006 7.3418742401924684 NPL 20
8.495791964 34.91876257 7.7408066349161162 TUN 21
91.43577313 22.62176628 7.3515691515904384 BGD 22
75.43421238 41.66695703 8.5574228086869208 KGZ 23
29.48128384 26.50238513 19.16075246330227 EGY 24
3.804906961 27.80053408 29.534425053208992 DZA 25
9.952200348 18.45268285 21.541181336294471 NER 26
63.91993026 33.27575985 15.455449563713943 AFG 27
46.08906511 15.61099229 13.905448296150741 YEM 28
-8.581928222 38.94370688 5.8074704465109814 PRT 29
24.6079326 -0.5992655446 29.304851741309538 COD 30
47.21390602 30.13444746 2.5545139778953314 KWT 31
-5.774758 34.36914772 0.049164679376643552 GIB 32
105.6166848 10.99857601 8.1425872479937649 KHM 33
120.6372264 -4.984726389 26.410681245322071 IDN 34
69.69062992 38.01481105 7.2393717431424731 TJK 35
-13.61827798 9.224855978 5.1257960764766386 SLE 36
32.84175675 39.41555171 16.940177626341764 TUR 37
27.82757127 53.5807447 8.7195653003162121 BLR 38
20.48319484 47.27206865 5.8369746277505596 HUN 39
22.11481185 40.95562445 3.0687320534447307 MKD 40
115.0298168 3.107576083 1.453036016482347 BRN 41
22.78318164 -28.82079599 21.146848235527195 ZAF 42
18.60274351 15.4140117 21.685216825491182 TCD 43
9.497038877 47.47702105 0.14966318452911395 SMR 44
1.551474525 45.95869981 14.214471604740707 FRA 45
36.06335013 -16.16991776 17.133943665848665 MOZ 46
36.83445089 9.293043832 20.110589591703491 ETH 47
37.12581983 15.21791335 6.5627388980373613 ERI 48
1.630539575 42.8230046 0.41407441383512078 AND 49
17.86054255 43.41199163 4.3306613245573979 BIH 50
18.1974888 -11.40324739 21.367918388391331 AGO 51
25.63129454 64.43674472 11.132986753931805 FIN 52
28.98775745 16.23720181 26.282090574320566 SDN 53
90.42115829 26.88214535 3.749839655771483 BTN 54
96.57869116 21.31538715 15.74128351252131 MMR 55
108.0986064 50.74205974 23.933976599751627 MNG 56
128.5773143 34.29631984 6.0581046968333183 KOR 57
20.86883216 7.887596755 15.104965295379047 CAF 58
35.78674752 31.07835572 2.7580464920412568 ISR 59
114.6103198 21.78875848 0.10993556517815699 MAC 60
106.4518197 15.19727659 11.013729508072137 VNM 61
-5.552687455 30.25278945 12.788400021873175 MAR 62
36.2265884 33.15183743 1.9565236374913348 LBN 63
43.93697029 24.20706789 28.058804141709228 SAU 64
52.87083815 32.57940362 24.568891108590357 IRN 65
42.5810376 11.57535258 2.9149030374888021 DJI 66
23.89885525 55.83949182 4.8903247615768484 LTU 67
97.62186467 69.08034603 79.132880342658851 RUS 68
29.59484822 -19.39142517 11.962848551320587 ZWE 69
-11.56685367 20.07472099 19.428862804347926 MRT 70
23.85126941 -19.89267416 14.599658289365967 BWA 71
50.48705792 26.41594168 2.0599159718334348 QAT 72
-17.93566087 14.64767024 1.9785551345459282 GMB 73
76.66339845 19.52057685 34.699247425117875 IND 74
12.8893715 5.844721763 13.195626536088458 CMR 75
9.354826441 39.71297078 0.012694265629824517 VAT 76
-9.82094422 5.982777707 6.3865025746447772 LBR 77
-1.75068285 7.255640659 9.3466352887464552 GHA 78
25.64170358 46.73252953 9.343859091966177 ROU 79
34.26204841 49.90096989 14.866882024982077 UKR 80
30.97398593 -3.742879583 3.19277815183945 BDI 81
38.36716894 0.5583357402 14.579163740507054 KEN 82
-11.57911557 11.56956564 9.4890463466215635 GIN 83
34.19467765 -11.44604452 6.5873576571332961 MWI 84
14.92388254 46.13590579 2.7248352799749322 SVN 85
28.32972791 -29.48655905 3.3342449855370329 LSO 86
-6.011086622 6.709619097 10.867284926928818 CIV 87
50.69568438 8.549884363 15.281808080540799 SOM 88
29.08755947 7.611009196 15.065644083474325 SSD 89
127.5242811 -7.84990925 2.333984953220948 TLS 90
9.503689767 46.06076812 0.24219115234978761 LIE 91
3.864569931 50.01115834 3.3437283629014938 BEL 92
15.94370048 -1.429083013 11.191656516480931 COG 93
35.2343147 -5.526445085 18.604462963356873 TZA 94
14.59518834 49.59830739 5.3743239114709889 CZE 95
112.9304086 1.559337913 11.006923884705028 MYS 96
19.2941316 49.57347597 4.23783185708528 SVK 97
33.18258301 0.2367196931 9.4055599638554988 UGA 98
127.6255867 41.79909026 6.6442082198163428 PRK 99
5.512675752 49.46839718 0.97316263828712479 LUX 100
2.39072146 10.0644315 6.4223324680246954 BEN 101
22.53887396 38.84884593 6.9526691021093443 GRC 102
8.587869963 46.22797567 3.8884050369080385 CHE 103
-14.89795132 15.09548295 8.4880413831868076 SEN 104
37.44645745 30.54509129 5.7201718798253314 JOR 105
6.895706208 52.22223739 3.914982317706948 NLD 106
58.53052132 20.37121544 10.64661481915231 OMN 107
12.06143749 43.51627948 10.505262218673552 ITA 108
103.7376591 18.37298664 9.3126260878911555 LAO 109
43.64190896 38.22916994 3.3004602392946678 ARM 110
8.386675241 41.89435812 0.028385240872726803 MCO 111
55.57971188 24.86017894 5.5333021042866761 ARE 112
36.44574395 31.79954071 1.5092835896515178 PSE 113
13.72973058 63.22759899 12.841917149747891 SWE 114
28.58683237 47.80558486 3.5207540575210716 MDA 115
-2.355920277 40.36217691 13.612976759834263 ESP 116
8.225704433 10.44579266 18.393430203769647 NGA 117
19.55577902 40.6932479 3.2447695147537408 ALB 118
32.58753296 -26.15816937 2.521785440438141 SWZ 119
42.2636444 41.57116186 5.0523974578903728 GEO 120
15.7271225 27.41700299 25.385214666124078 LBY 121
147.9521405 -6.873906592 13.019570787693549 PNG 122
20.2111521 52.84909006 10.701152987039785 POL 123
12.67791343 46.9924233 5.5422646197479413 AUT 124
116.1029173 23.08671742 0.63585473900906408 HKG 125
27.0461481 60.48408535 4.0698734210711329 EST 126
8.700439534 62.48428754 10.889830355676377 NOR 127
18.28028211 41.9583161 2.2491072070557596 MNE 128
45.05676039 32.61052457 12.669964586671146 IRQ 129
-15.40565255 12.66439583 3.6373446189428389 GNB 130
-2.869809638 19.30518381 21.312072863289 MLI 131
66.62782842 48.44241373 31.590503210666249 KAZ 132
