35.51687503 64.54283444 2.86153708662382 HRV 0
99.88167597 49.96384709 8.04565997106054 UZB 1
47.86998952 57.17752272 4.00533281260229 BGR 2
-54.376994 45.32936494 6.20375128680994 ESH 3
-13.61270879 -31.40688747 2.0145913662075 GNQ 4
41.10268704 59.84379865 3.57555565873135 SRB 5
-31.96061801 -0.1901617364 6.28447431676986 BFA 6
-22.62602148 -9.309672596 2.8663607233292 TGO 7
84.10518308 50.05345006 8.40365261444844 TKM 8
53.74251443 99.09318333 3.05627282978195 LVA 9
22.12071531 90.11311974 7.18815170616407 DEU 10
140.9501588 -0.5952342904 8.6163479466603 THA 11
76.64070402 58.7425992 3.53974900745579 AZE 12
151.6682052 61.33286952 37.4761842623267 CHN 13
-17.63717106 -39.75231248 6.22317222839771 GAB 14
115.0580227 12.49361931 11.2960420397859 PAK 15
40.21379599 -36.19617425 1.95211226506446 RWA 16
55.33460517 39.57618539 5.17619883580326 SYR 17
30.19407582 -65.66415695 10.4351648835984 ZMB 18
15.65458891 103.736442 2.49702176853654 DNK 19
127.0242959 28.34963166 4.6146569438746 NPL 20
2.127408451 55.39905816 4.86540165635823 TUN 21
129.9053014 8.669687115 4.62075057729016 BGD 22
110.6934166 57.9195721 5.37867706444707 KGZ 23
37.70868936 27.0791339 12.0432871106115 EGY 24
-19.22251853 44.65091057 18.5635486520622 DZA 25
-19.15254305 13.86166771 13.5394803534781 NER 26
114.7893525 34.62643454 9.71435839359004 AFG 27
76.52320134 -7.68729964 8.74012158724188 YEM 28
-36.46890648 62.19660439 3.65022376379412 PRT 29
19.398621 -40.18013141 18.4192527892857 COD 30
72.28179038 29.9921054 1.60561258347165 KWT 31
-28.32809501 59.98514379 0.0309019361618552 GIB 32
154.3996768 2.157126476 5.11793658618622 KHM 33
161.0789413 -31.81302571 16.6001527149543 IDN 34
111.82405 48.05732092 4.55023008987229 TJK 35
-51.48547284 -8.334894992 3.22176459080536 SLE 36
61.72312779 54.79444391 10.6475684214141 TUR 37
58.02262442 92.092152 5.48059000253556 BLR 38
38.52206687 71.08074843 3.66876830301888 HUN 39
42.79255791 54.59869729 1.92881888412026 MKD 40
148.9642885 -5.020544068 0.913290329389294 BRN 41
27.75288937 -99.31993816 13.2916264782792 ZAF 42
6.698003968 10.5857325 13.6300123278271 TCD 43
15.17903181 73.46301001 0.0940692023773423 SMR 44
5.896591684 81.94358118 8.93435490017403 FRA 45
58.2479136 -73.76039404 10.7693580040799 MOZ 46
61.83161894 -23.10813273 12.6402971324028 ETH 47
61.87219764 -6.963509841 4.12493971374129 ERI 48
-12.51283721 74.96058564 0.26026206750103 AND 49
35.10312327 59.14145201 2.72199110188165 BIH 50
-2.62031294 -61.35700783 13.4305777709087 AGO 51
68.23129805 101.1245211 6.99752038094684 FIN 52
33.60495139 -0.005460797329 16.5193284167654 SDN 53
130.7255639 22.78140614 2.35692182129622 BTN 54
141.0426803 17.1581116 9.89401628114117 MMR 55
172.4260745 107.2327635 15.0434463595062 MNG 56
188.7450413 75.32444975 3.80775725535015 KOR 57
10.62008252 -14.84133043 9.4940652355111 CAF 58
48.73446208 34.36033158 1.73354077986679 ISR 59
153.1121514 24.53708979 0.0690988298942671 MAC 60
163.8757445 8.759562564 6.92256250783306 VNM 61
-43.26854639 53.27939597 8.03801277866019 MAR 62
47.50196881 37.04831276 1.22975211699724 LBN 63
63.27449085 13.87948283 17.6360628271891 SAU 64
91.478363 28.40439038 15.4425151192161 IRN 65
66.66918536 -10.09818816 1.83213129271964 DJI 66
48.66577203 88.96910014 3.07376160099153 LTU 67
115.8414833 138.492857 49.7381300489935 RUS 68
36.84916568 -81.54595142 7.51912118484129 ZWE 69
-67.03731552 28.380407 12.2118050130644 MRT 70
14.43125937 -75.94650244 9.17645989281517 BWA 71
80.62706945 8.523736551 1.29473826876258 QAT 72
-65.09277885 6.221574396 1.24359978007901 GMB 73
118.3611569 -19.08570376 21.8098428056628 IND 74
-3.392968843 -26.56628533 8.2939706717096 CMR 75
16.09220609 60.83218143 0.00797884560802866 VAT 76
-48.41565623 -16.03555854 4.01416824764148 LBR 77
-30.43452134 -12.3681117 5.87472817240009 GHA 78
46.70944295 66.96376358 5.87298322344965 ROU 79
56.29190307 77.97156631 9.34442052885798 UKR 80
39.30101089 -39.88162007 2.0067867395466 BDI 81
64.89685531 -43.79699047 9.16357826217028 KEN 82
-50.65768375 0.5628862555 5.96423912772404 GIN 83
45.23411377 -67.68854147 4.14041357285341 MWI 84
31.11770383 71.50576639 1.71266622585477 SVN 85
46.07139583 -81.4583684 2.09570421280931 LSO 86
-41.84173282 -7.975091506 6.83051632437131 CIV 87
83.16300075 -23.98158452 9.6052178867038 SOM 88
40.64040708 -23.91702208 9.46935030610461 SSD 89
176.7107541 -24.33138097 1.4670014112088 TLS 90
24.03546489 76.88720344 0.152226672151039 LIE 91
8.34984621 92.69406083 2.10166488875861 BEL 92
-4.992118506 -41.1821068 7.0343966360127 COG 93
46.91442033 -52.59240579 11.6936372637543 TZA 94
30.79141523 82.16364764 3.37797411741702 CZE 95
146.9272405 -14.24449885 6.91828490567031 MYS 96
38.36656248 77.17164124 2.66364412770967 SVK 97
49.28761801 -35.87358079 5.91176465004349 UGA 98
184.1547406 84.59284623 4.17614638919781 PRK 99
10.40959234 91.08867506 0.611671022871304 LUX 100
-22.37834101 -2.691471826 4.03668874593315 BEN 101
41.98374507 47.71652469 4.37002619506462 GRC 102
20.31147036 75.82081312 2.44401561742009 CHE 103
-58.92805682 7.565161134 5.33506810759417 SEN 104
52.97296778 31.50113306 3.59535317846853 JOR 105
9.393240714 96.94352315 2.46072048451201 NLD 106
86.80653326 2.957763214 6.69181647582559 OMN 107
22.48584288 67.14087679 6.60297080263725 ITA 108
156.5323858 18.57013871 5.85335205102452 LAO 109
74.25376079 52.78739927 2.07446916999274 ARM 110
9.113641426 73.96182728 0.0178412411615277 MCO 111
83.45106514 12.13058429 3.47789816915102 ARE 112
50.33673006 36.37414056 0.948644143089923 PSE 113
55.60631555 109.6459824 8.07165040002005 SWE 114
54.51642836 65.63133024 2.21293250574507 MDA 115
-20.56123895 71.367501 8.55629171467883 ESP 116
-8.47536745 -8.215209262 11.5609948678818 NGA 117
39.23382857 53.24925853 2.03946535757311 ALB 118
49.5789473 -81.86022928 1.58504140945006 SWZ 119
71.98394355 63.19545444 3.17563066997685 GEO 120
13.2564622 38.2104903 15.9556066064823 LBY 121
178.6223084 -12.20439389 8.18331270410346 PNG 122
39.70314944 86.08187262 6.72609586102268 POL 123
28.76826335 75.90130448 3.48353146289249 AUT 124
154.9012989 24.76169766 0.399659731380366 HKG 125
59.16472556 99.73322556 2.55807563965359 EST 126
44.24300961 98.31638479 6.844687013751 NOR 127
37.89319914 56.28242404 1.41365240686637 MNE 128
67.84094451 38.02388315 7.96357144589207 IRQ 129
-58.66131811 -0.1191532587 2.28621426272612 GNB 130
-44.59548965 18.4003906 13.3954766602431 MLI 131
92.90739799 75.8118568 19.8558747034289 KAZ 132
