6.565157388 70.41264673 2.2641133951883203 NLD 0
26.88380434 50.32875653 2.6323944505599672 HRV 1
39.31682705 55.98398542 5.4021845851628383 ROU 2
30.44586923 55.15508893 3.3744738837736432 HUN 3
41.14283355 46.53660623 3.6844724617977298 BGR 4
36.21175744 44.20269968 1.7740679273669924 MKD 5
18.21642095 49.69221442 6.0736971639595589 ITA 6
34.10584234 48.81565646 3.289338301605107 SRB 7
5.371273992 56.1699872 8.2182109762695141 FRA 8
24.62046504 53.87158542 1.5743827341445586 SVN 9
14.96327349 67.44717366 6.6119580530546003 DEU 10
29.20643763 45.74327954 2.5035212052555575 BIH 11
-17.63334789 46.7292423 7.8706266041413286 ESP 12
32.7456485 43.06760248 1.8758415351489148 ALB 13
13.16436422 76.3748519 2.2966922405716947 DNK 14
5.758874165 66.30061814 1.932590551118204 BEL 15
24.06632449 64.08770653 3.1077444885347592 CZE 16
-28.78051187 45.3438971 3.3574183097231969 PRT 17
28.4428916 60.61912507 2.4503502520512006 SVK 18
31.15195576 70.07620905 6.1871722513188692 POL 19
7.636937927 64.65587939 0.56341215886528451 LUX 20
22.17248948 58.07956528 3.204048490718026 AUT 21
36.67969922 38.42946759 4.0193689557931895 GRC 22
16.60987383 57.873265 2.2476468974141959 CHE 23
