4.913757509 4.95727646 0.362730478800638 ECU 0
8.489697522 6.701824457 0.279030855495758 SUR 1
8.748146097 4.445281542 2.01178127695715 BRA 2
6.424961098 1.143275536 1.14953584726935 ARG 3
4.56190235 6.610893389 0.24892155513459 NIC 4
3.836386203 7.243587837 0.104474346936041 BLZ 5
6.456931194 3.005022189 0.72257830448072 BOL 6
4.174646743 6.8938266 0.231222452777275 HND 7
7.421971611 2.360034336 0.439676889842202 PRY 8
3.940263268 14.81768026 2.17839050550614 CAN 9
7.766368505 1.644975984 0.293324944749069 URY 10
3.882602307 6.740232027 0.1 SLV 11
2.660818534 7.616260777 0.966231279674706 MEX 12
4.65302488 6.218284761 0.155839894676871 CRI 13
4.98707891 6.135009728 0.189322903677721 PAN 14
3.651252605 6.972058213 0.227489250875521 GTM 15
6.940513102 6.41123498 0.659966857208728 VEN 16
5.268356697 2.457679323 0.599458489780821 CHL 17
5.229891659 3.857161001 0.781550245526089 PER 18
3.55795439 10.54791733 2.1105670089153 USA 19
5.768996239 5.639444158 0.73663783437864 COL 20
8.966187651 6.698160507 0.199251002357856 GUF 21
7.900413876 6.608856437 0.319636844331635 GUY 22
