1.214454220 12.52898159 0.4018573897567730 NLD 0
4.851434650 9.036325614 0.4672235785364710 HRV 1
7.243529703 9.822457083 0.9588335111622130 ROU 2
5.485359328 9.88457589 0.5989352254253530 HUN 3
7.323544392 8.208973939 0.6539568597912900 BGR 4
6.430073427 7.851510633 0.3148792406148940 MKD 5
3.320784444 8.90353577 1.0780202500762499 ITA 6
6.186506828 8.71028125 0.5838245145844660 SRB 7
0.772918878 10.02546979 1.4586499149789400 FRA 8
4.510459837 9.700672955 0.2794371242032430 SVN 9
2.631348974 11.86435649 1.1735561522795499 DEU 10
5.280424625 8.238788188 0.4443498717346930 BIH 11
-1.785179929 8.800321575 1.3969571796236699 ESP 12
5.822207466 7.640044596 0.3329430339108880 ALB 13
2.940731460 13.4092785 0.4076398076316350 DNK 14
1.056269503 11.80135043 0.3430154143301500 BEL 15
4.297435304 11.46259532 0.5515934364628861 CZE 16
-3.754296959 8.554705624 0.5959080323159970 PRT 17
5.038631690 10.80920296 0.4349125615226730 SVK 18
5.769570585 12.18221605 1.0981609384823801 POL 19
1.395640010 11.51999851 0.1000000000000000 LUX 20
4.005791523 10.38876552 0.5686864296949150 AUT 21
6.493218940 6.832075868 0.7133976241989920 GRC 22
2.946891165 10.33282621 0.3989347517705290 CHE 23
