6.852197499 70.5890315 2.26411339518832 NLD 0
27.30661899 50.9039756 2.63239445055997 HRV 1
39.95950564 55.9873411 5.40218458516284 ROU 2
30.88581887 55.64495905 3.37447388377364 HUN 3
41.23839118 46.23190635 3.68447246179773 BGR 4
36.22605162 44.22806683 1.77406792736699 MKD 5
18.72235886 50.24012216 6.07369716395956 ITA 6
34.86553585 49.06404371 3.28933830160511 SRB 7
4.458121147 56.44877117 8.21821097626951 FRA 8
25.07959842 54.47320255 1.57438273414456 SVN 9
14.79979961 66.84761681 6.6119580530546 DEU 10
29.76389975 46.45811942 2.50352120525556 BIH 11
-10.05675436 49.58529346 7.87062660414133 ESP 12
32.80711139 43.04885385 1.87584153514891 ALB 13
13.07336297 75.60949099 2.29669224057169 DNK 14
5.951150812 66.49024321 1.9325905511182 BEL 15
24.25636087 64.60342279 3.10774448853476 CZE 16
-20.59388277 45.70780855 3.3574183097232 PRT 17
28.39436599 60.8854655 2.4503502520512 SVK 18
32.51476703 68.63989713 6.18717225131887 POL 19
7.651372387 64.66297575 0.563412158865285 LUX 20
22.56537315 58.57169191 3.20404849071803 AUT 21
36.58776094 38.51020154 4.01936895579319 GRC 22
16.57358556 58.229019 2.2476468974142 CHE 23
