60.48251655 86.2153151 5.4112177593872124 ECU 0
116.3940264 119.0539356 4.1625857459458588 SUR 1
118.2653088 84.64641385 30.011777918051365 BRA 2
89.37050626 31.74348954 17.148789956564176 ARG 3
52.2666632 107.4184838 3.7134148315639348 NIC 4
38.86816377 115.9714585 1.5585495969623206 BLZ 5
86.19115762 59.60466861 10.779432063945656 BOL 6
45.03637338 111.7549108 3.4493794041639863 HND 7
101.7375719 51.95386508 6.5591052689396285 PRY 8
6.343444089 226.7104755 32.497256445753457 CAN 9
108.796482 42.73061731 4.375825145837303 URY 10
40.7866112 108.5649866 1.4918012341502951 SLV 11
20.04293908 118.2374576 14.414250154933548 MEX 12
56.22150827 102.85483 2.3248214720880878 CRI 13
61.36944524 103.0317336 2.8243214135934163 PAN 14
36.84613554 111.4543471 3.3936874521203024 GTM 15
93.11573735 115.462084 9.8453937208227611 VEN 16
69.69795218 48.8837819 8.9427291487690432 CHL 17
66.42820761 70.24999417 11.659176208262863 PER 18
19.66767649 164.1303059 31.485464686567525 USA 19
73.40124123 96.26688995 10.989172304478629 COL 20
123.3121745 117.3807226 2.9724289122313405 GUF 21
107.5531796 117.749815 4.7683463885384132 GUY 22
