72.638213460 52.3174419 1.7559590738010999 UZB 0
68.544906310 30.55621591 1.4606940775591499 OMN 1
83.024396470 35.86706166 1.2774939146464099 LAO 2
84.923160753 32.095210057 0.2003270298801970 BRN 3
65.172126660 47.6052357 0.4553494053872740 ARM 4
69.364424576 50.859884344 1.8342051960368999 TKM 5
81.217409000 33.29039008 1.8810128520927600 THA 6
83.490852770 47.68504555 8.1783167482293706 CHN 7
66.104932410 48.40188331 0.7715408589477840 AZE 8
68.987737106 32.725314077 0.7584258945840220 ARE 9
73.587836150 43.98518378 2.4657319832950502 PAK 10
61.499036090 40.74201178 0.2003270298801970 PSE 11
88.390276653 23.870699746 0.3167448456590160 TLS 12
62.184629100 41.88348437 1.1302658617937900 SYR 13
76.342077390 42.75403404 0.5172421670141329 BTN 14
79.972243510 37.4295866 2.1591375775886799 MMR 15
83.482952445 59.139641301 3.2825526233126601 MNG 16
92.584527557 43.924610643 0.8300084986275750 KOR 17
76.494869340 41.2388355 1.0082906056700200 NPL 18
62.132132010 39.9786899 0.7844365853758960 JOR 19
64.710103450 48.8337319 0.6939531877637400 GEO 20
75.545701320 52.64256226 1.1738092756440499 KGZ 21
84.325966810 39.59666869 0.0000000000000000 MAC 22
85.793078190 35.89072003 1.5102231261810199 VNM 23
77.767856620 39.67712968 1.0082906056700200 BGD 24
61.045757310 40.3762524 0.3747775555608620 ISR 25
72.557965660 48.45166687 2.1200620077888299 AFG 26
61.094506570 41.01725461 0.2712440807055630 LBN 27
64.626487330 34.16931283 3.8490255339257899 SAU 28
67.829380580 44.6624413 3.3700222623709601 IRN 29
65.823003517 28.528316335 1.9074948615893199 YEM 30
83.659161561 30.943831874 1.5102231261810199 MYS 31
92.291085337 45.642179707 0.9106988107745480 PRK 32
68.735539659 33.884417699 0.2833052025664950 QAT 33
88.308129792 40.983498141 0.0817831674822937 HKG 34
66.163352060 39.0716321 0.3469765938818700 KWT 35
72.811990690 36.80136325 4.7596117193948499 IND 36
84.175473891 33.779501846 1.1183679950726000 KHM 37
85.122803308 26.024253709 3.6225419915444999 IDN 38
74.793928690 50.61466262 0.9915682089827330 TJK 39
64.714450270 40.57214283 1.7387339907281600 IRQ 40
62.557253500 46.72021751 2.3232754016976900 TUR 41
74.535364063 58.060499824 4.3329645231651002 KAZ 42