37.04040412 61.65132702 4.5526776267791265 HRV 0
102.9734808 37.70152407 12.800566630480661 UZB 1
52.22942325 55.47105636 6.3724454835751505 BGR 2
-48.58262882 49.8005009 9.8701078583206741 ESH 3
-16.20904966 -29.85363368 3.2051952368216887 GNQ 4
46.35141777 58.81025881 5.6886742187974573 SRB 5
-31.14789479 5.206529245 9.9985374125564945 BFA 6
-23.00427789 -6.586769939 4.5603519857839236 TGO 7
89.37903027 43.13614295 13.370129438428238 TKM 8
64.14050723 90.19843857 4.8625002969637778 LVA 9
31.20133381 87.3164175 11.436279335159089 DEU 10
141.8278099 -13.71500102 13.708525639829128 THA 11
81.74178263 50.54746688 5.6317061854582686 AZE 12
155.861379 42.93780573 59.624244055997465 CHN 13
-17.30072957 -37.20080632 9.901006387181587 GAB 14
117.271191 6.451177549 17.971892835527065 PAK 15
36.09297208 -39.20720999 3.1057915955951527 RWA 16
60.36874892 30.90438673 8.2352819195243896 SYR 17
24.15414776 -65.17152675 16.602245666982306 ZMB 18
26.38211636 101.5396449 3.9727373069308731 DNK 19
125.6108205 17.89554465 7.3418742401924684 NPL 20
6.784213661 54.73678582 7.7408066349161162 TUN 21
131.1179735 -1.669712518 7.3515691515904384 BGD 22
118.1324665 48.52949354 8.5574228086869208 KGZ 23
41.13506534 22.2728429 19.16075246330227 EGY 24
-10.42086664 42.76105167 29.534425053208992 DZA 25
-14.39320076 14.32619875 21.541181336294471 NER 26
110.9180769 24.03748805 15.455449563713943 AFG 27
73.3905887 -13.95792189 13.905448296150741 YEM 28
-29.77998451 64.26736116 5.8074704465109814 PRT 29
16.99485225 -40.50913913 29.304851741309538 COD 30
73.20864191 25.02519156 2.5545139778953314 KWT 31
-21.91219922 62.55950614 0.049164679376643552 GIB 32
154.0871627 -13.65714093 8.1425872479937649 KHM 33
156.8360556 -44.21487682 26.410681245322071 IDN 34
114.5090515 40.40996005 7.2393717431424731 TJK 35
-49.74156797 -1.938557187 5.1257960764766386 SLE 36
59.97958713 44.98184674 16.940177626341764 TUR 37
64.07953339 82.60084109 8.7195653003162121 BLR 38
44.88813663 67.25088876 5.8369746277505596 HUN 39
47.36031271 53.12281975 3.0687320534447307 MKD 40
147.3387127 -20.16685714 1.453036016482347 BRN 41
17.97808381 -94.107472 21.146848235527195 ZAF 42
8.154346063 5.590320185 21.685216825491182 TCD 43
22.75364748 71.48068531 0.14966318452911395 SMR 44
10.68875407 80.08205395 14.214471604740707 FRA 45
49.00748546 -77.81508244 17.133943665848665 MOZ 46
56.14549408 -26.52008934 20.110589591703491 ETH 47
60.28244165 -12.18439182 6.5627388980373613 ERI 48
1.345556616 69.07193177 0.41407441383512078 AND 49
41.99751843 62.33956968 4.3306613245573979 BIH 50
-7.848182143 -56.73403163 21.367918388391331 AGO 51
77.60673253 94.72619179 11.132986753931805 FIN 52
33.85946535 -2.105597324 26.282090574320566 SDN 53
132.996112 10.85370019 3.749839655771483 BTN 54
143.3019195 2.693271506 15.74128351252131 MMR 55
181.6180572 81.94894672 23.933976599751627 MNG 56
191.1976019 53.00138197 6.0581046968333183 KOR 57
7.928224055 -16.15853628 15.104965295379047 CAF 58
51.19233466 29.28798768 2.7580464920412568 ISR 59
154.8357127 8.444035741 0.10993556517815699 MAC 60
162.6955067 -7.249233738 11.013729508072137 VNM 61
-31.45343774 53.6331661 12.788400021873175 MAR 62
51.14626011 32.31030333 1.9565236374913348 LBN 63
62.86944528 7.025946947 28.058804141709228 SAU 64
88.70620478 21.19046604 24.568891108590357 IRN 65
63.93573988 -16.22032823 2.9149030374888021 DJI 66
56.60094028 84.02774256 4.8903247615768484 LTU 67
129.2427364 120.6089932 79.132880342658851 RUS 68
30.02041209 -80.03615358 11.962848551320587 ZWE 69
-57.94469851 31.18459442 19.428862804347926 MRT 70
8.940837905 -74.42144747 14.599658289365967 BWA 71
79.08381471 2.444526104 2.0599159718334348 QAT 72
-63.37403765 12.97903105 1.9785551345459282 GMB 73
115.7558807 -22.97349767 34.699247425117875 IND 74
-6.969736528 -25.08826929 13.195626536088458 CMR 75
22.34529363 58.82347531 0.012694265629824517 VAT 76
-47.14979801 -8.715162969 6.3865025746447772 LBR 77
-30.76772364 -7.091062872 9.3466352887464552 GHA 78
52.85587488 64.24119008 9.343859091966177 ROU 79
65.40922343 69.46981288 14.866882024982077 UKR 80
35.30443359 -43.13581664 3.19277815183945 BDI 81
57.42340818 -45.8829307 14.579163740507054 KEN 82
-48.97803509 6.836737336 9.4890463466215635 GIN 83
39.53720768 -68.52075555 6.5873576571332961 MWI 84
37.91890438 68.43114231 2.7248352799749322 SVN 85
37.12789929 -84.8391671 3.3342449855370329 LSO 86
-40.65753138 -1.561584165 10.867284926928818 CIV 87
75.62209516 -30.13151218 15.281808080540799 SOM 88
36.50252142 -25.09482717 15.065644083474325 SSD 89
172.8343098 -42.5373691 2.333984953220948 TLS 90
31.12269083 74.08535843 0.24219115234978761 LIE 91
16.88231697 89.26305477 3.3437283629014938 BEL 92
-5.588143211 -38.6601363 11.191656516480931 COG 93
40.98205089 -54.49967724 18.604462963356873 TZA 94
39.68258057 78.61001477 5.3743239114709889 CZE 95
144.5413099 -27.27389769 11.006923884705028 MYS 96
46.5683194 72.63030741 4.23783185708528 SVK 97
43.17431316 -37.04747975 9.4055599638554988 UGA 98
186.6037145 63.65103529 6.6442082198163428 PRK 99
19.28717195 89.04405711 0.97316263828712479 LUX 100
-22.78726417 -0.4471308917 6.4223324680246954 BEN 101
45.48072873 47.70167062 6.9526691021093443 GRC 102
27.37458228 73.09143075 3.8884050369080385 CHE 103
-57.46994206 12.22359646 8.4880413831868076 SEN 104
55.82027207 24.55710712 5.7201718798253314 JOR 105
17.99282761 93.33702936 3.914982317706948 NLD 106
83.62228086 -3.025641764 10.64661481915231 OMN 107
28.89766884 64.28622216 10.505262218673552 ITA 108
157.4684328 2.848599678 9.3126260878911555 LAO 109
77.57501386 46.74006515 3.3004602392946678 ARM 110
15.89771186 73.12708315 0.028385240872726803 MCO 111
81.64493135 5.833181753 5.5333021042866761 ARE 112
53.10129756 31.15369215 1.5092835896515178 PSE 113
65.90452343 101.2751036 12.841917149747891 SWE 114
59.39089547 61.12839473 3.5207540575210716 MDA 115
-12.37753385 71.85780898 13.612976759834263 ESP 116
-10.07183066 -7.691829061 18.393430203769647 NGA 117
43.59027833 53.880726 3.2447695147537408 ALB 118
40.19841907 -85.98221073 2.521785440438141 SWZ 119
76.66659318 55.04215485 5.0523974578903728 GEO 120
18.88216399 33.53552 25.385214666124078 LBY 121
176.3772234 -30.75632204 13.019570787693549 PNG 122
48.10625399 82.04705504 10.701152987039785 POL 123
36.80194654 73.04128919 5.5422646197479413 AUT 124
156.6447105 8.483021489 0.63585473900906408 HKG 125
68.72982484 92.23594782 4.0698734210711329 EST 126
55.66727924 92.82479142 10.889830355676377 NOR 127
41.89798928 58.00916943 2.2491072070557596 MNE 128
71.8530287 33.43320529 12.669964586671146 IRQ 129
-56.89690636 5.462848617 3.6373446189428389 GNB 130
-37.15200824 21.85305049 21.312072863289 MLI 131
98.03068194 67.10999582 31.590503210666249 KAZ 132
