72.99134857 74.55688541 5.41121775938721 ECU 0
134.210637 100.3855363 4.16258574594586 SUR 1
131.4776524 66.40559035 30.0117779180514 BRA 2
94.65394644 17.06504757 17.1487899565642 ARG 3
68.30126173 98.49486709 3.71341483156393 NIC 4
57.1913776 108.1175719 1.55854959696232 BLZ 5
96.98051403 44.89611885 10.7794320639457 BOL 6
62.59227653 102.9545624 3.44937940416399 HND 7
110.8617457 34.36724112 6.55910526893963 PRY 8
43.08731778 222.668727 32.4972564457535 CAN 9
115.1456334 23.57816874 4.3758251458373 URY 10
57.88156485 100.4960729 1.4918012341503 SLV 11
39.00911034 113.3719608 14.4142501549335 MEX 12
69.6804432 92.62687847 2.32482147208809 CRI 13
74.66759937 91.37962775 2.82432141359342 PAN 14
54.46005979 103.9851455 3.3936874521203 GTM 15
110.672404 100.2441114 9.84539372082276 VEN 16
78.68875393 37.70195754 8.94272914876904 CHL 17
78.70959877 58.48357704 11.6591762082629 PER 18
46.04959058 158.7252886 31.4854646865675 USA 19
86.37031403 84.0427107 10.9891723044786 COL 20
140.9427512 98.02005107 2.97242891223134 GUF 21
125.282701 100.5570237 4.76834638853841 GUY 22
