441.1575369 810.5412087 35.8640488511824 HRV 0
1253.648336 627.3680033 100.837393857636 UZB 1
598.9089515 717.6378025 50.199402386881 BGR 2
-509.7337375 719.4870868 77.7524919214812 ESH 3
-146.2194178 -410.3667713 25.2491584018161 GNQ 4
511.4402622 744.8614563 44.8129445584643 SRB 5
-401.8190866 -1.150935288 78.7642050680383 BFA 6
-283.4641422 -116.6097045 35.9245041719437 TGO 7
1055.491993 627.8890636 105.324166267766 TKM 8
681.5361908 1198.764196 38.3046994505896 LVA 9
267.0581063 1094.513648 90.0901215450396 DEU 10
1766.610072 -6.964830953 107.989906935787 THA 11
960.0961682 735.6020616 44.3641747359285 AZE 12
1902.640184 770.4652668 469.694315486147 CHN 13
-224.3503516 -478.780892 77.9958973280005 GAB 14
1429.994641 177.9955291 141.574891841739 PAK 15
519.3950524 -459.8077139 24.4660989943227 RWA 16
693.0584732 496.1767368 64.8740317846825 SYR 17
378.3868064 -824.8277446 130.785396738321 ZMB 18
287.1466716 1213.424865 31.295526836914 DNK 19
1593.145888 354.4522392 57.8361478661917 NPL 20
12.67188754 690.1268402 60.9787667963202 TUN 21
1632.136156 93.9381918 57.9125202352651 BGD 22
1387.336239 725.9141854 67.4117200492614 KGZ 23
470.9756746 340.9472228 150.940219954789 EGY 24
-243.7159383 564.0821138 232.659579643736 DZA 25
-241.911038 176.9124703 169.692221389196 NER 26
1440.390518 434.8972145 121.751427096359 AFG 27
959.5765343 -97.07808879 109.541179471466 YEM 28
-244.0903311 888.6982181 45.7487704752816 PRT 29
242.9202417 -504.7131754 230.851099195997 COD 30
906.5585511 376.3445196 20.1233694991668 KWT 31
-182.9684711 850.5978196 0.387298334620742 GIB 32
1934.929058 27.03410901 64.1438227735141 KHM 33
2021.334664 -397.4710601 208.052060792485 IDN 34
1403.370712 602.7130303 57.0286769967532 TJK 35
-728.3334256 -61.81399502 40.3788310875884 SLE 36
772.8559867 687.3905935 133.447480305924 TUR 37
764.1339515 1137.492421 68.689009310078 BLR 38
472.7969254 886.1256281 45.9811918070856 HUN 39
536.2466295 683.2228134 24.1741597578903 MKD 40
1912.379647 -112.1159834 11.4463968129713 BRN 41
347.3203524 -1245.452837 166.585833731443 ZAF 42
82.52533701 133.5462053 170.826871422502 TCD 43
229.7537232 906.2303468 1.17898261225516 SMR 44
123.3658146 952.5611467 111.975533041821 FRA 45
730.2510414 -924.4534912 134.973886363252 MOZ 46
775.5644009 -289.7638314 158.42263095909 ETH 47
774.8590816 -87.7687441 51.6984525880611 ERI 48
8.362890632 949.9932652 3.26190128606002 AND 49
435.6023489 742.8313997 34.1150992963527 BIH 50
-33.63004348 -770.7651332 168.327329925952 AGO 51
817.0394834 1364.823858 87.7009121959401 FIN 52
420.311866 0.05926742977 207.039078436897 SDN 53
1597.28149 171.5708321 29.5396343917795 BTN 54
1767.123889 216.0825326 124.003104799839 MMR 55
2124.396081 1428.850836 188.541639963165 MNG 56
1962.977222 1268.466284 47.7231599959601 KOR 57
133.1600208 -185.9476093 118.990461802617 CAF 58
610.6049585 430.7117894 21.7267116701998 ISR 59
1936.144086 299.9527796 0.866025403784438 MAC 60
2054.20737 109.6189843 86.7614545751741 VNM 61
-394.1295846 855.3040394 100.741550514175 MAR 62
595.3488906 464.3317415 15.412657136263 LBN 63
793.3264216 173.7494575 221.035268679005 SAU 64
1147.805377 355.8513146 193.543225146219 IRN 65
835.559373 -126.0660712 22.9623605058365 DJI 66
620.7490268 1129.056939 38.5238886926021 LTU 67
1380.78349 1761.141203 623.375015540404 RUS 68
463.8975113 -1023.498351 94.2382088115006 ZWE 69
-631.5127775 525.2002471 153.052278650139 MRT 70
180.2854237 -953.7092393 115.009869141739 BWA 71
1011.216281 106.318433 16.2271377636354 QAT 72
-830.3334792 84.30508747 15.5862118553547 GMB 73
1463.364114 -220.4689907 273.345843209659 IND 74
-40.8283355 -333.3412461 103.949506973338 CMR 75
252.4615287 770.513972 0.1 VAT 76
-657.996065 -115.861672 50.3101381433205 LBR 77
-381.3352314 -155.5060631 73.6287987135468 GHA 78
580.4221077 835.3987805 73.606929021662 ROU 79
706.6043489 968.3875322 117.114943538389 UKR 80
507.3393871 -507.229159 25.1513419125103 BDI 81
814.1530076 -549.5947085 114.84842184375 KEN 82
-638.2998773 3.222254494 74.750652171068 GIN 83
559.742252 -848.7990509 51.8923886519015 MWI 84
405.6425044 873.8277434 21.4650879336656 SVN 85
538.4169368 -1265.924975 26.2657571754556 LSO 86
-524.4310507 -100.9223327 85.6078267449886 CIV 87
1043.306283 -301.677968 120.383553694016 SOM 88
509.4079219 -300.121678 118.680706098338 SSD 89
2209.303852 -520.4653306 18.3861360812978 TLS 90
315.6541556 957.2803414 1.90787840283389 LIE 91
125.269966 1088.932705 26.3404631698077 BEL 92
-63.57497554 -516.7430533 88.1630875139931 COG 93
588.0930633 -660.1549895 146.558008993026 TZA 94
385.9131602 1029.768612 42.336627168446 CZE 95
1841.072958 -178.7366153 86.7078427825302 MYS 96
443.4015557 968.2877454 33.3838284203594 SVK 97
618.0952008 -450.1869739 74.0929821238152 UGA 98
1868.733321 1293.38976 52.3402330908069 PRK 99
156.8704863 1074.392379 7.66615940350837 LUX 100
-281.7551126 -33.46907975 50.5923907322039 BEN 101
526.1882123 598.0379498 54.7701561071355 GRC 102
283.4911816 958.2636925 30.6311932513247 CHE 103
-750.8242633 99.03281818 66.8651628278882 SEN 104
663.7196568 394.6527535 45.0610696721682 JOR 105
157.4851299 1135.148604 30.8405577122075 NLD 106
1089.055138 36.43783827 83.8694819347299 OMN 107
287.3050946 845.6895919 82.7559665522673 ITA 108
1961.774448 232.6830016 73.360888762337 LAO 109
930.4187977 662.7707736 25.9996153817705 ARM 110
220.1815179 895.5481952 0.223606797749979 MCO 111
1046.840956 151.4513058 43.5889894354066 ARE 112
630.9600787 455.9516001 11.8894911581615 PSE 113
639.0884498 1326.542269 101.163135578134 SWE 114
683.0790501 830.7765568 27.7349959437531 MDA 115
-93.8553647 908.1263379 107.237213690025 ESP 116
-107.2023181 -103.5364044 144.895583093482 NGA 117
491.1901375 667.2245759 25.5609076521159 ALB 118
621.3729056 -1025.988607 19.8655480669424 SWZ 119
902.2388281 792.2299564 39.8006281357468 GEO 120
163.75262 480.5769815 199.973873293488 LBY 121
2317.038487 -313.6220527 102.562615021264 PNG 122
508.6305145 1067.850889 84.2991103155899 POL 123
360.0754799 948.6350509 43.659592302265 AUT 124
2047.057959 318.168365 5.00899191454728 HKG 125
742.54426 1250.189495 32.0607236350023 EST 126
702.4887776 1495.133156 85.7854299983394 NOR 127
465.6646755 702.1608539 17.717505467757 MNE 128
850.3699554 477.0128617 99.8085667665856 IRQ 129
-738.7460041 7.891434869 28.6534465640698 GNB 130
-562.9501132 224.033121 167.887402743625 MLI 131
1163.809869 951.3360022 248.856484745726 KAZ 132
