18.49197948 44.39484284 2.8615370866238203 HRV 0
57.59477031 44.1800682 8.0456599710605428 UZB 1
26.05779342 42.27198469 4.0053328126022905 BGR 2
-14.80696531 29.69265543 6.2037512868099371 ESH 3
8.294221483 1.234226274 2.014591366207501 GNQ 4
22.89704464 42.46671646 3.5755556587313486 SRB 5
-4.866867407 11.84899628 6.2844743167698613 BFA 6
-0.948364466 3.798946713 2.8663607233291999 TGO 7
50.78436791 43.41732824 8.403652614448438 TKM 8
30.99286418 62.02791686 3.0562728297819448 LVA 9
13.87154706 52.81018556 7.1881517061640636 DEU 10
100.0972876 8.920721008 8.6163479466602961 THA 11
43.9088472 43.30822491 3.5397490074557925 AZE 12
105.8091915 32.64035655 37.476184262326676 CHN 13
10.02511809 -1.734149561 6.2231722283977078 GAB 14
71.35477343 29.246016 11.296042039785883 PAK 15
34.37701141 -4.873343691 1.9521122650644622 RWA 16
33.61872841 34.26001232 5.1761988358032553 SYR 17
30.76790926 -16.45843988 10.435164883598368 ZMB 18
13.32792879 57.10247652 2.4970217685365359 DNK 19
83.76482118 26.66492076 4.6146569438746008 NPL 20
11.71276059 37.30386101 4.8654016563582276 TUN 21
90.87443719 19.14827825 4.6207505772901625 BGD 22
69.65497467 41.09798161 5.3786770644470714 KGZ 23
26.57136276 28.47780088 12.043287110611452 EGY 24
1.12641137 32.67937145 18.56354865206217 DZA 25
5.776147822 20.09924355 13.539480353478147 NER 26
62.76750884 32.31716846 9.7143583935900413 AFG 27
49.11848687 11.01657785 8.7401215872418785 YEM 28
-10.40812958 39.03392033 3.6502237637941173 PRT 29
25.73364851 -4.843153693 18.419252789285672 COD 30
43.41278371 28.21649406 1.6056125834716548 KWT 31
-7.242149231 36.60358162 0.030901936161855166 GIB 32
105.568149 6.80592143 5.1179365861862225 KHM 33
122.8171129 -6.165693995 16.600152714954319 IDN 34
66.70748364 37.97761848 4.5502300898722847 TJK 35
-14.6394732 6.994967114 3.2217645908053605 SLE 36
31.94094646 40.64238722 10.647568421414128 TUR 37
32.49824048 56.19653018 5.4805900025355623 BLR 38
22.80236872 45.68161531 3.6687683030188847 HUN 39
23.90710794 40.30106935 1.9288188841202558 MKD 40
115.3237989 1.125947515 0.91329032938929411 BRN 41
19.65131332 -32.13053366 13.291626478279163 ZAF 42
15.80850188 14.80607769 13.63001232782705 TCD 43
10.99344274 46.23403268 0.094069202377342287 SMR 44
1.243067919 45.5759595 8.9343549001740286 FRA 45
38.07491501 -22.87884791 10.7693580040799 MOZ 46
40.18813475 5.354838479 12.640297132402788 ETH 47
43.72379381 11.37627215 4.1249397137412878 ERI 48
1.865496596 41.79356338 0.26026206750102998 AND 49
20.27136833 42.63565054 2.7219911018816463 BIH 50
17.23280269 -15.09843753 13.430577770908654 AGO 51
36.48001305 69.48997836 6.9975203809468356 FIN 52
28.27327226 16.69474869 16.519328416765436 SDN 53
88.45371075 25.84418868 2.3569218212962175 BTN 54
95.81014725 15.60372625 9.8940162811411696 MMR 55
97.54704612 52.922206 15.043446359506243 MNG 56
124.0898761 36.79135589 3.8077572553501451 KOR 57
21.3895805 6.048754877 9.4940652355110995 CAF 58
31.61902754 31.20830514 1.7335407798667928 ISR 59
114.4874385 16.76426315 0.069098829894267105 MAC 60
108.4010443 10.9800256 6.9225625078330557 VNM 61
-10.01240194 33.49560552 8.0380127786601907 MAR 62
31.64962979 32.44751806 1.2297521169972385 LBN 63
42.04655539 20.29655775 17.636062827189136 SAU 64
47.60023846 34.01670478 15.4425151192161 IRN 65
45.19202333 8.94610425 1.832131292719642 DJI 66
29.99516591 59.67287578 3.0737616009915345 LTU 67
80.32191381 75.49644357 49.738130048993526 RUS 68
30.38309824 -23.93228566 7.5191211848412927 ZWE 69
-16.12036027 22.12577819 12.211805013064447 MRT 70
23.10074187 -23.42771796 9.1764598928151688 BWA 71
52.86540105 23.4214101 1.2947382687625772 QAT 72
-20.34929596 13.74068273 1.2435997800790115 GMB 73
78.10420621 17.20180093 21.809842805662843 IND 74
13.32309709 5.713605464 8.2939706717095998 CMR 75
11.34368984 39.38118059 0.0079788456080286535 VAT 76
-13.04088664 4.434193678 4.0141682476414822 LBR 77
-4.3405207 5.14517887 5.8747281724000926 GHA 78
27.23520918 46.38790433 5.872983223449654 ROU 79
34.89737819 50.43614768 9.344420528857972 UKR 80
34.03752177 -6.747796335 2.0067867395466026 BDI 81
43.64879509 -3.048801165 9.1635782621702848 KEN 82
-12.52321301 11.29157621 5.9642391277240385 GIN 83
37.47398685 -16.6644366 4.1404135728534062 MWI 84
18.07020431 46.30628279 1.7126662258547729 SVN 85
27.34023019 -31.03999792 2.0957042128093142 LSO 86
-9.287812116 7.044104583 6.8305163243713087 CIV 87
54.42180101 5.499782906 9.6052178867038016 SOM 88
30.25209882 5.952469872 9.4693503061046087 SSD 89
128.8597046 -10.67044251 1.4670014112087995 TLS 90
13.4859729 48.06408755 0.15222667215103919 LIE 91
5.063239222 51.16305904 2.1016648887586129 BEL 92
15.16647454 -3.772471028 7.0343966360126942 COG 93
38.61681179 -10.1660145 11.693637263754326 TZA 94
19.08290743 50.23451028 3.3779741174170201 CZE 95
110.8294186 -0.9055128144 6.918284905670312 MYS 96
23.03759963 48.57112625 2.6636441277096723 SVK 97
35.7466526 -1.084191668 5.9117646500434855 UGA 98
120.5403756 42.788609 4.1761463891978083 PRK 99
6.938566051 49.67721244 0.61167102287130426 LUX 100
-0.161495015 7.662750085 4.0366887459331542 BEN 101
24.01310935 37.51270805 4.3700261950646242 GRC 102
11.03029601 47.4026379 2.4440156174200904 CHE 103
-15.64751766 14.82438266 5.3350681075941644 SEN 104
33.28008274 29.69482661 3.5953531784685269 JOR 105
6.04307959 53.19287447 2.4607204845120081 NLD 106
59.22461547 17.30601153 6.6918164758255889 OMN 107
13.66070949 42.123256 6.6029708026372491 ITA 108
104.385485 14.48452709 5.8533520510245216 LAO 109
41.84271229 42.14548136 2.0744691699927422 ARM 110
8.814280181 42.43003141 0.017841241161527712 MCO 111
55.33729187 23.14848597 3.477898169151024 ARE 112
32.63680143 31.86310644 0.9486441430899224 PSE 113
30.48012913 67.64023815 8.0716504000200491 SWE 114
30.61390092 45.89302732 2.2129325057450684 MDA 115
-5.90155347 41.54990874 8.5562917146788298 ESP 116
6.057254855 9.664632299 11.560994867881757 NGA 117
22.31356898 39.7899815 2.0394653575731141 ALB 118
32.34649532 -28.57273337 1.5850414094500569 SWZ 119
40.86324693 44.13435153 3.1756306699768504 GEO 120
14.90779419 28.48552565 15.955606606482256 LBY 121
147.5572916 -7.425273378 8.1833127041034555 PNG 122
27.37710018 55.94866272 6.7260958610226771 POL 123
16.91030151 48.14233194 3.4835314628924898 AUT 124
116.0953225 17.40054972 0.39965973138036581 HKG 125
33.47111868 64.37334122 2.558075639653592 EST 126
24.73470894 65.27832513 6.8446870137510034 NOR 127
21.2353681 41.18672643 1.4136524068663681 MNE 128
38.24354085 31.30717934 7.9635714458920717 IRQ 129
-16.61552676 11.40107851 2.2862142627261157 GNB 130
-5.546332227 20.56271505 13.395476660243069 MLI 131
59.06813247 55.86091941 19.855874703428896 KAZ 132
