-79.77946572 -3.824398467 5.4112177593872115 ECU 0
-50.44461007 10.78377938 4.162585745945858 SUR 1
-45.33302553 -8.583195165 30.011777918051362 BRA 2
-62.44805158 -43.28788504 17.148789956564176 ARG 3
-88.59612892 13.09363788 3.7134148315639344 NIC 4
-95.4215071 18.1697688 1.5585495969623204 BLZ 5
-65.54259142 -23.26026916 10.779432063945654 BOL 6
-91.83221272 16.63372868 3.4493794041639858 HND 7
-51.24759742 -32.39074826 6.5591052689396285 PRY 8
-79.15344674 77.94427275 32.497256445753457 CAN 9
-41.91839367 -37.35689317 4.3758251458373021 URY 10
-95.03885702 13.95464281 1.4918012341502951 SLV 11
-107.5613062 20.02873158 14.414250154933546 MEX 12
-88.44990575 8.782436269 2.3248214720880873 CRI 13
-83.35184032 9.064680577 2.8243214135934158 PAN 14
-97.65115798 16.29180228 3.3936874521203024 GTM 15
-66.2731508 14.88433799 9.8453937208227593 VEN 16
-76.61191517 -36.12106414 8.9427291487690415 CHL 17
-76.90965288 -16.01716337 11.659176208262862 PER 18
-92.77258729 42.1451045 31.485464686567518 USA 19
-75.72516562 4.794125609 10.989172304478625 COL 20
-44.84361732 11.70529766 2.9724289122313401 GUF 21
-57.80365743 11.97973819 4.7683463885384132 GUY 22
