72.63821346 52.3174419 1.7559590738011 UZB 0
69.4241864 30.35013452 1.46069407755915 OMN 1
83.05450999 35.89776175 1.27749391464641 LAO 2
84.91173955 32.11804865 0.200327029880197 BRN 3
65.18044663 47.48091663 0.455349405387274 ARM 4
69.31951033 50.94971665 1.8342051960369 TKM 5
81.24640247 33.31622227 1.88101285209276 THA 6
83.49043743 47.69809175 8.17831674822937 CHN 7
65.99419686 48.392954 0.771540858947784 AZE 8
69.27625029 32.56045049 0.758425894584022 ARE 9
73.56450555 43.97873469 2.46573198329505 PAK 10
61.50457857 40.74668927 0.200327029880197 PSE 11
87.29340623 21.92936979 0.316744845659016 TLS 12
62.10857388 42.0083953 1.13026586179379 SYR 13
76.34207739 42.75403404 0.517242167014133 BTN 14
79.91734333 37.3606163 2.15913757758868 MMR 15
81.77611193 59.04980518 3.28255262331266 MNG 16
92.59293515 43.93302205 0.830008498627575 KOR 17
76.49486934 41.2388355 1.00829060567002 NPL 18
62.13450729 39.99190559 0.784436585375896 JOR 19
64.6190596 48.88178684 0.69395318776374 GEO 20
75.54570132 52.64256226 1.17380927564405 KGZ 21
84.32596681 39.59666869 0 MAC 22
85.70930919 36.70962592 1.51022312618102 VNM 23
77.78755902 39.69622216 1.00829060567002 BGD 24
61.04234149 40.3787313 0.374777555560862 ISR 25
72.55796566 48.45166687 2.12006200778883 AFG 26
61.11949083 41.01998856 0.271244080705563 LBN 27
64.62648733 34.16931283 3.84902553392579 SAU 28
67.79574245 44.68281319 3.37002226237096 IRN 29
66.13899778 28.62448676 1.90749486158932 YEM 30
83.67971515 30.93355508 1.51022312618102 MYS 31
93.25122938 45.54285262 0.910698810774548 PRK 32
68.95742534 33.55055158 0.283305202566495 QAT 33
84.72763205 39.51810126 0.0817831674822937 HKG 34
66.10931209 39.11646123 0.34697659388187 KWT 35
72.81297256 36.80091213 4.75961171939485 IND 36
84.79167107 34.2462776 1.1183679950726 KHM 37
85.09794674 25.96690355 3.6225419915445 IDN 38
74.79392869 50.61466262 0.991568208982733 TJK 39
64.61393237 40.61183863 1.73873399072816 IRQ 40
62.51149216 46.73778543 2.32327540169769 TUR 41
74.17602721 58.19525019 4.3329645231651 KAZ 42
