35.46514715 64.69118328 2.86153708662382 HRV 0
100.0096425 49.88507259 8.04565997106054 UZB 1
47.82056136 57.32327135 4.00533281260229 BGR 2
-54.35393057 45.41796816 6.20375128680994 ESH 3
-13.61270879 -31.40688747 2.0145913662075 GNQ 4
41.14578256 60.05388288 3.57555565873135 SRB 5
-31.97787101 1.139914736 6.28447431676986 BFA 6
-22.7089498 -8.966566275 2.8663607233292 TGO 7
84.37877378 50.26922899 8.40365261444844 TKM 8
53.79512896 99.0788495 3.05627282978195 LVA 9
22.12071531 90.11311974 7.18815170616407 DEU 10
141.0135471 -0.3101574283 8.6163479466603 THA 11
77.02252122 58.91599329 3.53974900745579 AZE 12
151.6659623 61.02479869 37.4761842623267 CHN 13
-17.14397036 -39.90993749 6.22317222839771 GAB 14
115.2285548 12.25019958 11.2960420397859 PAK 15
40.20535175 -36.21895979 1.95211226506446 RWA 16
55.9988118 39.13970664 5.17619883580326 SYR 17
30.35452848 -65.23373297 10.4351648835984 ZMB 18
15.65458891 103.736442 2.49702176853654 DNK 19
126.6853184 28.16057957 4.6146569438746 NPL 20
2.127408451 55.39905816 4.86540165635823 TUN 21
129.931275 8.682394991 4.62075057729016 BGD 22
110.9632661 57.64585377 5.37867706444707 KGZ 23
37.60576381 27.12735379 12.0432871106115 EGY 24
-18.7846727 45.07486508 18.5635486520622 DZA 25
-18.74180928 14.55996285 13.5394803534781 NER 26
114.3066819 33.84200008 9.71435839359004 AFG 27
76.37830061 -7.361410943 8.74012158724188 YEM 28
-36.48084237 62.18046891 3.65022376379412 PRT 29
19.64328376 -39.97891549 18.4192527892857 COD 30
71.81244059 30.01836497 1.60561258347165 KWT 31
-28.32050003 59.95638655 0.0309019361618552 GIB 32
154.4290552 2.157888549 5.11793658618622 KHM 33
160.9174961 -31.21123426 16.6001527149543 IDN 34
111.790806 47.7515134 4.55023008987229 TJK 35
-50.80069761 -8.281710985 3.22176459080536 SLE 36
61.4989435 54.69797191 10.6475684214141 TUR 37
57.94033709 92.1029322 5.48059000253556 BLR 38
38.62022487 71.23967249 3.66876830301888 HUN 39
42.88618779 54.59039502 1.92881888412026 MKD 40
148.9369227 -4.987500738 0.913290329389294 BRN 41
27.94189948 -98.60673142 13.2916264782792 ZAF 42
6.675736411 9.988040955 13.6300123278271 TCD 43
15.17903181 73.46301001 0.0940692023773423 SMR 44
5.871475962 81.9516947 8.93435490017403 FRA 45
58.10139255 -73.62252298 10.7693580040799 MOZ 46
61.41198612 -22.90315876 12.6402971324028 ETH 47
61.93551738 -6.923891097 4.12493971374129 ERI 48
-12.5105057 74.96157341 0.26026206750103 AND 49
35.20300384 59.33571128 2.72199110188165 BIH 50
-2.285208868 -61.00036985 13.4305777709087 AGO 51
68.13248757 101.1699909 6.99752038094684 FIN 52
33.63543591 0.2695441836 16.5193284167654 SDN 53
130.796971 22.96370654 2.35692182129622 BTN 54
140.9792367 17.28450431 9.89401628114117 MMR 55
172.351412 106.4693185 15.0434463595062 MNG 56
188.5016951 74.96464027 3.80775725535015 KOR 57
10.2692771 -15.06619534 9.4940652355111 CAF 58
48.5248706 34.35649527 1.73354077986679 ISR 59
153.1121514 24.53708979 0.0690988298942671 MAC 60
163.7903038 8.754532829 6.92256250783306 VNM 61
-43.11532324 52.9645266 8.03801277866019 MAR 62
47.50196881 37.04831276 1.22975211699724 LBN 63
63.09793573 13.91474666 17.6360628271891 SAU 64
90.97926941 28.58502642 15.4425151192161 IRN 65
66.62249633 -10.17044729 1.83213129271964 DJI 66
48.53163353 88.80258804 3.07376160099153 LTU 67
117.9136085 137.4883112 49.7381300489935 RUS 68
36.92665076 -80.98364023 7.51912118484129 ZWE 69
-66.30564937 28.53357017 12.2118050130644 MRT 70
14.75654654 -75.56668845 9.17645989281517 BWA 71
80.35644481 8.810241447 1.29473826876258 QAT 72
-64.96846585 6.249433631 1.24359978007901 GMB 73
118.8533649 -19.12318504 21.8098428056628 IND 74
-2.946211026 -26.0263281 8.2939706717096 CMR 75
16.09220609 60.83218143 0.00797884560802866 VAT 76
-47.55078804 -15.32740337 4.01416824764148 LBR 77
-30.36211978 -12.20127237 5.87472817240009 GHA 78
46.74398767 67.07675966 5.87298322344965 ROU 79
56.06646996 78.13644091 9.34442052885798 UKR 80
39.29184583 -39.86945613 2.0067867395466 BDI 81
64.74327492 -43.35894218 9.16357826217028 KEN 82
-50.76018141 0.5822424359 5.96423912772404 GIN 83
45.46419126 -67.20749973 4.14041357285341 MWI 84
31.1115831 71.52929319 1.71266622585477 SVN 85
46.05521804 -81.44679829 2.09570421280931 LSO 86
-41.31684069 -7.11781187 6.83051632437131 CIV 87
82.54307434 -23.67319007 9.6052178867038 SOM 88
40.39959679 -23.48939081 9.46935030610461 SSD 89
176.7004512 -24.36306181 1.4670014112088 TLS 90
24.03546489 76.88720344 0.152226672151039 LIE 91
8.380749498 92.69863889 2.10166488875861 BEL 92
-4.559788546 -40.57477464 7.0343966360127 COG 93
47.00090743 -52.20547647 11.6936372637543 TZA 94
30.85733078 82.16099328 3.37797411741702 CZE 95
146.755119 -13.91433942 6.91828490567031 MYS 96
38.43752108 77.25605953 2.66364412770967 SVK 97
48.72661104 -35.56019343 5.91176465004349 UGA 98
183.516303 84.54233818 4.17614638919781 PRK 99
10.39416687 91.08681403 0.611671022871304 LUX 100
-22.56950715 -2.125346892 4.03668874593315 BEN 101
41.98374507 47.71652469 4.37002619506462 GRC 102
20.31147036 75.82081312 2.44401561742009 CHE 103
-58.86855002 7.625649021 5.33506810759417 SEN 104
52.69127224 31.47284016 3.59535317846853 JOR 105
9.385785159 96.9267614 2.46072048451201 NLD 106
86.53800517 3.219062626 6.69181647582559 OMN 107
22.48584288 67.14087679 6.60297080263725 ITA 108
156.5991637 18.54601706 5.85335205102452 LAO 109
74.25376079 52.78739927 2.07446916999274 ARM 110
9.058680555 74.06166908 0.0178412411615277 MCO 111
83.11697059 12.41020133 3.47789816915102 ARE 112
50.24073897 36.26851168 0.948644143089923 PSE 113
55.78988843 109.4664918 8.07165040002005 SWE 114
54.51642836 65.63133024 2.21293250574507 MDA 115
-20.56123895 71.367501 8.55629171467883 ESP 116
-9.013443679 -8.155362656 11.5609948678818 NGA 117
39.34710314 53.28551829 2.03946535757311 ALB 118
49.53322333 -81.83441468 1.58504140945006 SWZ 119
71.90085862 62.72565976 3.17563066997685 GEO 120
13.20226164 37.74648823 15.9556066064823 LBY 121
178.6223084 -12.20439389 8.18331270410346 PNG 122
39.61531245 86.10327965 6.72609586102268 POL 123
28.87789226 75.93684824 3.48353146289249 AUT 124
154.900496 24.76099935 0.399659731380366 HKG 125
59.1772828 99.65233397 2.55807563965359 EST 126
44.41889464 98.07497622 6.844687013751 NOR 127
37.88549436 56.27404932 1.41365240686637 MNE 128
68.94104888 38.64905518 7.96357144589207 IRQ 129
-58.66131811 -0.1191532587 2.28621426272612 GNB 130
-44.35246389 17.99883767 13.3954766602431 MLI 131
92.93655395 76.23357191 19.8558747034289 KAZ 132
