-79.29523091 -0.02101765084 5.4112177593872115 ECU 0
-53.92309673 5.034905311 4.162585745945858 SUR 1
-51.98610648 -10.09819123 30.011777918051362 BRA 2
-61.61861644 -34.12659119 17.148789956564176 ARG 3
-85.12370829 11.43292056 3.7134148315639344 NIC 4
-90.223957 18.12757562 1.5585495969623204 BLZ 5
-65.29345257 -19.31735604 10.779432063945654 BOL 6
-87.1938153 15.63839859 3.4493794041639858 HND 7
-57.39092896 -22.8765196 6.5591052689396285 PRY 8
-89.84205429 59.30942737 32.497256445753457 CAN 9
-54.09376116 -30.56425563 4.3758251458373021 URY 10
-90.72902815 12.19897579 1.4918012341502951 SLV 11
-101.4030013 19.30263442 14.414250154933546 MEX 12
-84.74500957 7.876574553 2.3248214720880873 CRI 13
-81.89534017 6.244829054 2.8243214135934158 PAN 14
-92.94264197 16.31835789 3.3936874521203024 GTM 15
-64.02726075 8.78047903 9.8453937208227593 VEN 16
-72.3321075 -29.80486956 8.9427291487690415 CHL 17
-72.75697342 -13.3360984 11.659176208262862 PER 18
-97.96270976 36.74568868 31.485464686567518 USA 19
-73.46054976 3.249929096 10.989172304478625 COL 20
-50.3287157 4.607965717 2.9724289122313401 GUF 21
-59.19813642 6.196063477 4.7683463885384132 GUY 22
