72.63632662 52.31476791 1.7559590738011 UZB 0
68.54490631 30.55621591 1.46069407755915 OMN 1
83.02418359 35.88053326 1.27749391464641 LAO 2
84.92316075 32.09521006 0.200327029880197 BRN 3
65.17272963 47.60552222 0.455349405387274 ARM 4
69.36442458 50.85988434 1.8342051960369 TKM 5
81.217409 33.29039008 1.88101285209276 THA 6
83.49393975 47.68480113 8.17831674822937 CHN 7
66.10397043 48.40256517 0.771540858947784 AZE 8
68.98773711 32.72531408 0.758425894584022 ARE 9
73.582352 43.98152563 2.46573198329505 PAK 10
61.49903609 40.74201178 0.200327029880197 PSE 11
88.39036358 23.87078752 0.316744845659016 TLS 12
62.17626583 41.89319741 1.13026586179379 SYR 13
76.34207739 42.75403404 0.517242167014133 BTN 14
79.9738787 37.42773162 2.15913757758868 MMR 15
83.48295244 59.1396413 3.28255262331266 MNG 16
92.58452756 43.92461064 0.830008498627575 KOR 17
76.49486934 41.2388355 1.00829060567002 NPL 18
62.13213201 39.9786899 0.784436585375896 JOR 19
64.71010345 48.8337319 0.69395318776374 GEO 20
75.54570132 52.64256226 1.17380927564405 KGZ 21
84.32596681 39.59666869 0 MAC 22
85.795273 35.84997457 1.51022312618102 VNM 23
77.77134026 39.67799091 1.00829060567002 BGD 24
61.04560668 40.3755276 0.374777555560862 ISR 25
72.55796566 48.45166687 2.12006200778883 AFG 26
61.09371874 41.01600655 0.271244080705563 LBN 27
64.62648733 34.16931283 3.84902553392579 SAU 28
67.82104039 44.66059705 3.37002226237096 IRN 29
65.82300352 28.52831633 1.90749486158932 YEM 30
83.65916156 30.94383187 1.51022312618102 MYS 31
92.29467809 45.63988187 0.910698810774548 PRK 32
68.73539047 33.88421931 0.283305202566495 QAT 33
88.30812979 40.98349814 0.0817831674822937 HKG 34
66.16335206 39.0716321 0.34697659388187 KWT 35
72.80577475 36.810717 4.75961171939485 IND 36
84.17547389 33.77950185 1.1183679950726 KHM 37
85.1205244 26.0258131 3.6225419915445 IDN 38
74.79392869 50.61466262 0.991568208982733 TJK 39
64.69189749 40.5495323 1.73873399072816 IRQ 40
62.55120674 46.72547238 2.32327540169769 TUR 41
74.53582856 58.06212953 4.3329645231651 KAZ 42
