73.20891675 73.9559099 5.41121775938721 ECU 0
134.1290438 100.1144138 4.16258574594586 SUR 1
130.7695477 66.26209825 30.0117779180514 BRA 2
95.5785376 16.94693932 17.1487899565642 ARG 3
68.09771879 98.63782621 3.71341483156393 NIC 4
57.1913776 108.1175719 1.55854959696232 BLZ 5
96.3365702 44.74144524 10.7794320639457 BOL 6
62.34311761 102.8944025 3.44937940416399 HND 7
110.7379262 35.08549126 6.55910526893963 PRY 8
43.08731778 222.668727 32.4972564457535 CAN 9
115.9411896 23.61819969 4.3758251458373 URY 10
57.88156485 100.4960729 1.4918012341503 SLV 11
39.00911034 113.3719608 14.4142501549335 MEX 12
69.39438487 92.74789594 2.32482147208809 CRI 13
74.36826426 91.41760647 2.82432141359342 PAN 14
54.46005979 103.9851455 3.3936874521203 GTM 15
110.6403959 100.4525363 9.84539372082276 VEN 16
78.4574896 36.6322197 8.94272914876904 CHL 17
78.03135785 57.65601001 11.6591762082629 PER 18
46.04959058 158.7252886 31.4854646865675 USA 19
86.0812456 84.09633619 10.9891723044786 COL 20
140.9427512 98.02005107 2.97242891223134 GUF 21
125.2525631 100.6700505 4.76834638853841 GUY 22
