37.13374471 61.27592612 2.5753833779614381 HRV 0
104.5315509 36.66570222 7.2410939739544888 UZB 1
52.48944818 54.12948503 3.6047995313420618 BGR 2
-49.59481158 50.58254327 5.5833761581289432 ESH 3
-16.68032615 -29.89088724 1.8131322295867507 GNQ 4
46.47212155 57.38445986 3.2180000928582135 SRB 5
-30.89726029 4.748651324 5.6560268850928752 BFA 6
-23.28907542 -6.830314496 2.5797246509962801 TGO 7
90.36270062 40.95707024 7.5632873530035933 TKM 8
64.17388201 89.11820043 2.7506455468037503 LVA 9
30.8153144 87.45339557 6.469336535547658 DEU 10
141.7452891 -13.36234078 7.7547131519942649 THA 11
83.14980182 48.9268149 3.1857741067102125 AZE 12
157.2129669 43.75204349 33.728565836094006 CHN 13
-18.0611289 -38.20096011 5.6008550055579374 GAB 14
118.7100851 4.830392066 10.166437835807294 PAK 15
36.58819537 -40.22454883 1.7569010385580162 RWA 16
60.69569051 30.31001324 4.6585789522229302 SYR 17
23.30814914 -66.33405296 9.3916483952385317 ZMB 18
25.93331372 101.6551956 2.2473195916828819 DNK 19
128.542936 15.30031429 4.1531912494871408 NPL 20
6.876328894 54.84024976 4.3788614907224046 TUN 21
131.3812696 -1.941985248 4.1586755195611458 BGD 22
118.8873864 48.93967056 4.8408093580023621 KGZ 23
40.9756493 22.58025124 10.838958399550304 EGY 24
-10.98050591 43.0552895 16.707193786855953 DZA 25
-15.73606922 14.46766667 12.185532318130331 NER 26
112.6143599 22.78948155 8.7429225542310363 AFG 27
74.84136577 -14.23485782 7.8661094285176905 YEM 28
-30.0239771 64.67233329 3.2852013874147055 PRT 29
16.75790821 -41.12518691 16.577327510357101 COD 30
73.30026131 22.91816349 1.4450513251244892 KWT 31
-22.18831971 62.46225836 0.027811742545669652 GIB 32
154.2120817 -13.10991846 4.6061429275675998 KHM 33
157.1045846 -43.97389845 14.940137443458887 IDN 34
115.2289574 40.76471251 4.0952070808850562 TJK 35
-49.96497755 -2.146088369 2.8995881317248244 SLE 36
61.60891617 44.5750542 9.5828115792727147 TUR 37
64.54759407 81.44400917 4.9325310022820057 BLR 38
44.98713909 66.60446664 3.3018914727169957 HUN 39
47.06591238 52.34766255 1.73593699570823 MKD 40
147.581688 -19.69136261 0.82196129645036453 BRN 41
19.75350443 -97.04516358 11.962463830451245 ZAF 42
7.515530862 6.660072511 12.267011095044344 TCD 43
22.43766388 71.58050074 0.084662282139608067 SMR 44
10.91009052 79.75792588 8.0409194101566239 FRA 45
50.22269612 -78.69149456 9.6924222036719083 MOZ 46
57.02014301 -27.98063835 11.376267419162509 ETH 47
61.00110787 -13.38030532 3.7124457423671591 ERI 48
0.8446101824 69.17519478 0.23423586075092695 AND 49
42.16166949 61.07019824 2.4497919916934814 BIH 50
-7.520620376 -58.06367996 12.087519993817788 AGO 51
77.46923821 93.32075641 6.2977683428521516 FIN 52
33.04162478 -2.768123942 14.86739557508889 SDN 53
132.5823389 9.936475606 2.1212296391665957 BTN 54
143.5933673 3.201718369 8.9046146530270534 MMR 55
181.5757988 84.47460204 13.539101723555618 MNG 56
192.9655147 54.26310005 3.42698152981513 KOR 57
8.235636916 -17.46857557 8.5446587119599897 CAF 58
51.64691708 28.96624344 1.5601867018801132 ISR 59
154.796901 9.127930734 0.062188946904840385 MAC 60
163.2470213 -7.068876209 6.2303062570497492 VNM 61
-32.14287531 54.32225479 7.2342115007941707 MAR 62
50.96190444 32.11028612 1.1067769052975145 LBN 63
62.58239068 6.198973056 15.872456544470223 SAU 64
89.64469662 19.48261842 13.89826360729449 IRN 65
65.08155842 -16.92596961 1.6489181634476777 DJI 66
56.93657145 82.60414346 2.7663854408923805 LTU 67
129.3468208 119.7725992 44.764317044094177 RUS 68
29.77959528 -81.19277568 6.7672090663571627 ZWE 69
-58.76463581 32.90529393 10.990624511758002 MRT 70
7.983901099 -75.19777948 8.2588139035336514 BWA 71
79.0725916 1.3877065 1.1652644418863194 QAT 72
-63.45961545 12.70456932 1.1192398020711103 GMB 73
116.4318585 -24.88795273 19.628858525096557 IND 74
-6.631931662 -25.16145758 7.4645736045386402 CMR 75
22.08522647 58.92161036 0.0071809610472257888 VAT 76
-47.25134277 -9.145683076 3.6127514228773343 LBR 77
-31.11822118 -7.812722208 5.2872553551600818 GHA 78
52.83505885 63.02594618 5.2856849011046885 ROU 79
65.57373816 68.1410037 8.4099784759721761 UKR 80
35.04838081 -43.45376204 1.8061080655919421 BDI 81
57.2635651 -47.63117349 8.2472204359532562 KEN 82
-49.34821885 6.122831717 5.3678152149516336 GIN 83
39.39913016 -70.32409609 3.7263722155680647 MWI 84
38.14645193 67.99002346 1.5413996032692954 SVN 85
37.55243888 -85.05475965 1.8861337915283827 LSO 86
-40.82761959 -1.701194794 6.1474646919341778 CIV 87
76.94899596 -30.65985812 8.6446960980334211 SOM 88
37.14752514 -25.92092913 8.5224152754941471 SSD 89
173.2841282 -41.92164605 1.3203012700879193 TLS 90
31.58804101 74.10549628 0.13700400493593523 LIE 91
16.45539667 89.34177988 1.8914983998827517 BEL 92
-6.148259687 -39.43200075 6.3309569724114239 COG 93
40.44411186 -56.0683915 10.524273537378891 TZA 94
39.63133148 78.27605478 3.0401767056753175 CZE 95
144.0898535 -27.20201816 6.2264564151032813 MYS 96
46.8973098 72.0152771 2.3972797149387048 SVK 97
43.61939171 -38.18751391 5.3205881850391359 UGA 98
187.7075982 65.74534091 3.7585317502780273 PRK 99
18.89748106 89.13112075 0.55050392058417374 LUX 100
-22.81676862 -0.5379639627 3.6330198713398381 BEN 101
44.92953461 47.07856465 3.9330235755581615 GRC 102
27.75447586 73.20582293 2.1996140556780812 CHE 103
-57.54250733 12.20295046 4.8015612968347474 SEN 104
55.75906651 24.10805713 3.2358178606216743 JOR 105
17.58034139 93.4156009 2.2146484360608074 NLD 106
85.45743511 -5.150097621 6.0226348282430298 OMN 107
29.07677188 64.56045077 5.9426737223735238 ITA 108
157.796359 3.088567177 5.2680168459220686 LAO 109
79.14598901 45.09868402 1.8670222529934679 ARM 110
15.57767672 73.19063831 0.016057117045374939 MCO 111
82.75543536 3.623045705 3.1301083522359217 ARE 112
53.23046519 30.79771961 0.85377972878093011 PSE 113
65.75817659 100.1605216 7.2644853600180426 SWE 114
59.36551081 59.7704609 1.9916392551705613 MDA 115
-12.81844332 72.24873137 7.7006625432109468 ESP 116
-10.28994096 -7.622670023 10.404895381093581 NGA 117
42.97798594 53.68087307 1.8355188218158025 ALB 118
40.70074167 -86.10837356 1.4265372685050512 SWZ 119
77.91945873 53.34739686 2.858067602979165 GEO 120
19.29159496 35.56306949 14.360045945834029 LBY 121
176.5113667 -29.97688626 7.3649814336931101 PNG 122
48.17024268 81.63363607 6.0534862749204086 POL 123
37.14977261 72.58813254 3.1351783166032408 AUT 124
156.60627 9.177765276 0.35969375824232919 HKG 125
68.89286724 91.11572518 2.3022680756882323 EST 126
55.56353481 91.42551759 6.1602183123759033 NOR 127
41.46729735 56.844488 1.2722871661797313 MNE 128
72.45874557 31.72652831 7.167214301302864 IRQ 129
-56.90864849 5.196641383 2.0575928364535039 GNB 130
-39.30793953 20.42611831 12.055928994218759 MLI 131
99.12000292 64.91428909 17.870287233086007 KAZ 132
