10.29189672 18.62954224 5.4112177593872115 ECU 0
57.07618139 47.33227486 4.162585745945858 SUR 1
71.08238881 16.07655823 30.011777918051362 BRA 2
45.22073089 -37.93139787 17.148789956564176 ARG 3
-6.787442038 40.29405448 3.7134148315639344 NIC 4
-21.34175823 47.77097096 1.5585495969623204 BLZ 5
38.58069053 -8.562698144 10.779432063945654 BOL 6
-14.50145867 45.07219228 3.4493794041639858 HND 7
58.37084732 -18.2065949 6.5591052689396285 PRY 8
-34.99600368 173.2995492 32.497256445753457 CAN 9
65.25452951 -27.17370493 4.3758251458373021 URY 10
-18.73046506 40.46781269 1.4918012341502951 SLV 11
-41.59347612 48.66009048 14.414250154933546 MEX 12
-2.08971794 34.65883907 2.3248214720880873 CRI 13
4.359763294 35.48504691 2.8243214135934158 PAN 14
-22.93161027 43.04091687 3.3936874521203024 GTM 15
33.59416394 49.39198975 9.8453937208227593 VEN 16
24.34234183 -22.21039094 8.9427291487690415 CHL 17
19.68403857 3.529890672 11.659176208262862 PER 18
-43.99128392 94.96806681 31.485464686567518 USA 19
21.59061759 32.21261437 10.989172304478625 COL 20
64.13110336 48.53181946 2.9724289122313401 GUF 21
48.11353314 47.59575484 4.7683463885384132 GUY 22
