81.05205605 38.26519344 1.6274742635229698 UZB 0
73.78280782 18.08742377 1.3538140231036011 OMN 1
89.85436901 23.15574605 1.1840187501600856 LAO 2
89.18646405 16.8588114 0.18566895452310958 BRN 3
71.66421127 33.63053275 0.42203115621259546 ARM 4
76.96656254 37.69785894 1.699995059741517 TKM 5
87.14228502 20.66121866 1.743377765354261 THA 6
90.61620087 33.24955071 7.5799033276272221 CHN 7
72.58767833 34.29386909 0.71508664975648273 AZE 8
73.52116921 20.13527944 0.70293131693153232 ARE 9
80.99778735 31.0606396 2.2853125698832177 PAK 10
68.1622936 29.18056285 0.18566895452310958 PSE 11
89.77591587 6.428705993 0.29356839353762415 TLS 12
69.02775703 30.13910801 1.0475634816625328 SYR 13
82.97277106 29.11004428 0.47939517918383051 BTN 14
86.92620002 24.40847832 2.0011519011797541 MMR 15
87.6930969 43.52916167 3.0423658459971032 MNG 16
97.3169906 27.87777606 0.76927616945970356 KOR 17
83.60695995 27.8437118 0.93451324427952775 NPL 18
68.76940074 28.31017071 0.72703878644595221 JOR 19
71.39531815 34.94411943 0.64317612524444223 GEO 20
83.77231574 38.59918773 1.0879207920603362 KGZ 21
89.92331886 24.34258769 0 MAC 22
92.19258336 22.05696138 1.3997189949970463 VNM 23
85.1204528 26.74493326 0.93451324427952775 BGD 24
67.64333729 29.05912215 0.34735480759299403 ISR 25
79.48592478 35.03249733 1.9649355194140361 AFG 26
67.49031188 29.63968122 0.25139695284905833 LBN 27
70.44385431 23.1704694 3.5673895192482963 SAU 28
75.56468502 31.79045723 3.1234352675633259 IRN 29
70.10735319 16.6975513 1.7679220668388862 YEM 30
87.60628492 16.73216694 1.3997189949970463 MYS 31
98.29232924 29.65900635 0.84406231242519092 PRK 32
73.68760522 21.08624646 0.26257555359821499 QAT 33
90.25996726 24.35797344 0.075799033276272229 HKG 34
71.83394796 26.89465638 0.32158806262222112 KWT 35
80.58012008 23.4378381 4.4113474472440064 IND 36
89.90572687 20.36111165 1.0365361905550903 KHM 37
88.31549256 10.7862188 3.3574779433827091 IDN 38
82.69067098 36.31624707 0.91901443759375256 TJK 39
71.54629114 29.2868194 1.6115095523821987 IRQ 40
69.10568863 33.33900949 2.1532796405978627 TUR 41
80.62691921 43.89204339 4.0159183385432664 KAZ 42
