-78.78762255 -4.343034833 5.4112177593872115 ECU 0
-50.94775752 11.90480753 4.162585745945858 SUR 1
-45.1011514 -8.331940499 30.011777918051362 BRA 2
-63.34382946 -42.74199115 17.148789956564176 ARG 3
-88.63635119 12.14290251 3.7134148315639344 NIC 4
-96.32171952 18.26972126 1.5585495969623204 BLZ 5
-64.64682739 -23.47308897 10.779432063945654 BOL 6
-92.39676131 15.30004126 3.4493794041639858 HND 7
-51.25626477 -32.34316198 6.5591052689396285 PRY 8
-79.69221989 78.70242636 32.497256445753457 CAN 9
-42.33307962 -37.86303876 4.3758251458373021 URY 10
-95.90911404 13.29856579 1.4918012341502951 SLV 11
-107.737941 20.42154758 14.414250154933546 MEX 12
-87.90519279 8.428641338 2.3248214720880873 CRI 13
-83.4704765 8.903550988 2.8243214135934158 PAN 14
-98.44609494 15.2358277 3.3936874521203024 GTM 15
-66.62114502 14.68922879 9.8453937208227593 VEN 16
-77.22165357 -36.28616588 8.9427291487690415 CHL 17
-76.95760474 -16.35347122 11.659176208262862 PER 18
-91.939555 42.60169814 31.485464686567518 USA 19
-73.85082848 4.118241237 10.989172304478625 COL 20
-43.91664125 11.95964659 2.9724289122313401 GUF 21
-57.80512205 12.86804771 4.7683463885384132 GUY 22
