37.25172182 62.36495617 4.5526776267791265 HRV 0
103.2597107 39.77030791 12.800566630480661 UZB 1
52.22983954 55.59618721 6.3724454835751505 BGR 2
-47.59859241 49.13747147 9.8701078583206741 ESH 3
-15.96272163 -29.90674001 3.2051952368216887 GNQ 4
46.53578711 59.02625631 5.6886742187974573 SRB 5
-31.32246229 5.136235105 9.9985374125564945 BFA 6
-23.07338201 -6.587592849 4.5603519857839236 TGO 7
89.22157961 43.06313841 13.370129438428238 TKM 8
62.6496313 89.98340861 4.8625002969637778 LVA 9
31.20133381 87.3164175 11.436279335159089 DEU 10
141.7328653 -13.69899843 13.708525639829128 THA 11
80.92135248 50.73531101 5.6317061854582686 AZE 12
155.2429706 42.35492017 59.624244055997465 CHN 13
-16.33023629 -37.289865 9.901006387181587 GAB 14
116.4925482 8.360830592 17.971892835527065 PAK 15
36.07319914 -38.93323512 3.1057915955951527 RWA 16
60.865592 31.41503355 8.2352819195243896 SYR 17
24.47964403 -64.94805462 16.602245666982306 ZMB 18
26.38211636 101.5396449 3.9727373069308731 DNK 19
124.6626409 19.83683794 7.3418742401924684 NPL 20
6.44535707 54.57246685 7.7408066349161162 TUN 21
131.4666567 -1.677366229 7.3515691515904384 BGD 22
118.0720101 48.11566541 8.5574228086869208 KGZ 23
41.38805718 22.25531671 19.16075246330227 EGY 24
-9.779854225 41.79887102 29.534425053208992 DZA 25
-13.64330116 13.85496286 21.541181336294471 NER 26
109.8334193 25.56963599 15.455449563713943 AFG 27
72.81947368 -13.75060643 13.905448296150741 YEM 28
-29.77998451 64.26736116 5.8074704465109814 PRT 29
17.48797209 -40.6091208 29.304851741309538 COD 30
73.04521733 25.92779526 2.5545139778953314 KWT 31
-21.91219922 62.55950614 0.049164679376643552 GIB 32
154.0339314 -13.58657224 8.1425872479937649 KHM 33
156.9208482 -43.66790688 26.410681245322071 IDN 34
114.2949005 40.20118252 7.2393717431424731 TJK 35
-49.74156797 -1.938557187 5.1257960764766386 SLE 36
59.91767985 45.28946061 16.940177626341764 TUR 37
62.63412503 82.49498817 8.7195653003162121 BLR 38
45.24859819 67.36596861 5.8369746277505596 HUN 39
47.43534526 53.16612983 3.0687320534447307 MKD 40
147.2581412 -19.98013 1.453036016482347 BRN 41
17.68751981 -93.15531827 21.146848235527195 ZAF 42
8.738817497 5.645897868 21.685216825491182 TCD 43
22.75364748 71.48068531 0.14966318452911395 SMR 44
10.60151932 80.15764354 14.214471604740707 FRA 45
48.58935289 -77.50330521 17.133943665848665 MOZ 46
55.25941427 -25.754385 20.110589591703491 ETH 47
60.20462439 -11.89952699 6.5627388980373613 ERI 48
1.380642502 69.0690132 0.41407441383512078 AND 49
42.18465321 62.43121068 4.3306613245573979 BIH 50
-6.912332964 -56.12518381 21.367918388391331 AGO 51
78.86366037 98.47709049 11.132986753931805 FIN 52
34.14553189 -1.730179177 26.282090574320566 SDN 53
132.996112 10.85370019 3.749839655771483 BTN 54
143.6010952 2.440844117 15.74128351252131 MMR 55
181.1229053 80.48831897 23.933976599751627 MNG 56
189.9318697 52.85341191 6.0581046968333183 KOR 57
8.130579893 -15.38400073 15.104965295379047 CAF 58
51.14224316 29.38672631 2.7580464920412568 ISR 59
154.8357127 8.444035741 0.10993556517815699 MAC 60
162.4969482 -7.253045207 11.013729508072137 VNM 61
-29.78854479 53.76999468 12.788400021873175 MAR 62
51.14626011 32.31030333 1.9565236374913348 LBN 63
62.75680713 7.205098763 28.058804141709228 SAU 64
88.02901102 21.50235578 24.568891108590357 IRN 65
63.78299582 -16.11532869 2.9149030374888021 DJI 66
56.48126559 87.86506713 4.8903247615768484 LTU 67
133.8652141 116.3311285 79.132880342658851 RUS 68
30.26615648 -79.60953981 11.962848551320587 ZWE 69
-57.0739607 29.1875948 19.428862804347926 MRT 70
9.221857891 -74.30941714 14.599658289365967 BWA 71
78.81344171 2.748551842 2.0599159718334348 QAT 72
-63.37403765 12.97903105 1.9785551345459282 GMB 73
115.8592117 -20.69472559 34.699247425117875 IND 74
-6.303705869 -24.92391964 13.195626536088458 CMR 75
22.34529363 58.82347531 0.012694265629824517 VAT 76
-47.06162746 -8.734343778 6.3865025746447772 LBR 77
-30.73823049 -6.991385513 9.3466352887464552 GHA 78
52.98074013 64.21297737 9.343859091966177 ROU 79
65.19222805 69.75043411 14.866882024982077 UKR 80
35.33041162 -43.11679147 3.19277815183945 BDI 81
57.43703546 -44.78650427 14.579163740507054 KEN 82
-48.9881935 6.869728952 9.4890463466215635 GIN 83
39.70386887 -67.90175253 6.5873576571332961 MWI 84
37.81610149 68.35257013 2.7248352799749322 SVN 85
37.07004133 -84.60157805 3.3342449855370329 LSO 86
-40.58617232 -1.760795916 10.867284926928818 CIV 87
76.05812655 -29.51850698 15.281808080540799 SOM 88
35.89343213 -24.48333046 15.065644083474325 SSD 89
172.7392233 -42.43152329 2.333984953220948 TLS 90
30.95101383 74.09510748 0.24219115234978761 LIE 91
16.91308691 89.24084599 3.3437283629014938 BEL 92
-4.727744901 -38.29946075 11.191656516480931 COG 93
41.71333106 -54.15164123 18.604462963356873 TZA 94
40.24844055 78.64190578 5.3743239114709889 CZE 95
144.7388932 -26.99503276 11.006923884705028 MYS 96
46.34645932 72.86029201 4.23783185708528 SVK 97
42.57318405 -36.21177408 9.4055599638554988 UGA 98
185.4915022 62.93465002 6.6442082198163428 PRK 99
19.28721282 89.04239957 0.97316263828712479 LUX 100
-22.82235706 -0.524254457 6.4223324680246954 BEN 101
45.48072873 47.70167062 6.9526691021093443 GRC 102
27.21617646 73.21105594 3.8884050369080385 CHE 103
-57.37544908 12.16112847 8.4880413831868076 SEN 104
55.85806396 25.58267739 5.7201718798253314 JOR 105
17.99282761 93.33702936 3.914982317706948 NLD 106
83.37906132 -2.7093615 10.64661481915231 OMN 107
29.06500649 64.23448627 10.505262218673552 ITA 108
157.4202626 2.747196462 9.3126260878911555 LAO 109
77.32194564 47.1358451 3.3004602392946678 ARM 110
15.89771186 73.12708315 0.028385240872726803 MCO 111
81.45667747 6.011729261 5.5333021042866761 ARE 112
53.03509654 31.36793354 1.5092835896515178 PSE 113
67.1994253 104.6354448 12.841917149747891 SWE 114
59.5248681 61.31717208 3.5207540575210716 MDA 115
-12.29369011 71.27633755 13.612976759834263 ESP 116
-10.36568357 -7.980973863 18.393430203769647 NGA 117
43.59027833 53.880726 3.2447695147537408 ALB 118
40.15451117 -85.77968835 2.521785440438141 SWZ 119
76.39549795 55.43458577 5.0523974578903728 GEO 120
19.22187919 32.94514922 25.385214666124078 LBY 121
176.3772234 -30.75632204 13.019570787693549 PNG 122
51.29929324 81.03178311 10.701152987039785 POL 123
36.56937374 73.07559348 5.5422646197479413 AUT 124
156.6447105 8.483021489 0.63585473900906408 HKG 125
68.68469156 95.34334183 4.0698734210711329 EST 126
56.90859946 96.54134552 10.889830355676377 NOR 127
42.14353965 58.45508571 2.2491072070557596 MNE 128
72.01655611 34.34322504 12.669964586671146 IRQ 129
-56.89181912 5.454658638 3.6373446189428389 GNB 130
-35.44488706 23.01902088 21.312072863289 MLI 131
101.0886911 64.78859868 31.590503210666249 KAZ 132
