37.20466973 61.23557074 4.5526776267791265 HRV 0
104.4696948 36.77120601 12.800566630480661 UZB 1
52.64033468 54.20076333 6.3724454835751505 BGR 2
-49.60205224 50.5825407 9.8701078583206741 ESH 3
-16.68032615 -29.89088724 3.2051952368216887 GNQ 4
46.58099914 57.36737986 5.6886742187974573 SRB 5
-30.89880649 4.748720522 9.9985374125564945 BFA 6
-23.28909958 -6.830625043 4.5603519857839236 TGO 7
90.27494072 41.08220765 13.370129438428238 TKM 8
64.0928511 89.26763014 4.8625002969637778 LVA 9
30.8153144 87.45339557 11.436279335159089 DEU 10
141.7961909 -13.32620631 13.708525639829128 THA 11
82.98289597 49.01017612 5.6317061854582686 AZE 12
157.1001315 43.83523099 59.624244055997465 CHN 13
-18.0202189 -38.21508918 9.901006387181587 GAB 14
118.6742578 4.983214484 17.971892835527065 PAK 15
36.58819537 -40.22454883 3.1057915955951527 RWA 16
60.75668662 30.30746033 8.2352819195243896 SYR 17
23.33685336 -66.33775293 16.602245666982306 ZMB 18
25.93331372 101.6551956 3.9727373069308731 DNK 19
128.5145663 15.45481476 7.3418742401924684 NPL 20
6.876328894 54.84024976 7.7408066349161162 TUN 21
131.3367368 -1.93719229 7.3515691515904384 BGD 22
118.7986783 49.00977953 8.5574228086869208 KGZ 23
40.98830161 22.57879175 19.16075246330227 EGY 24
-10.967617 43.03303164 29.534425053208992 DZA 25
-15.73254176 14.46922984 21.541181336294471 NER 26
112.4343612 22.8747029 15.455449563713943 AFG 27
74.83784289 -14.2448861 13.905448296150741 YEM 28
-30.0239771 64.67233329 5.8074704465109814 PRT 29
16.76175525 -41.15914271 29.304851741309538 COD 30
73.30026131 22.91816349 2.5545139778953314 KWT 31
-22.18831971 62.46225836 0.049164679376643552 GIB 32
154.2235257 -13.10100439 8.1425872479937649 KHM 33
157.0951111 -43.92138559 26.410681245322071 IDN 34
115.1327089 40.84002884 7.2393717431424731 TJK 35
-49.96216519 -2.142310587 5.1257960764766386 SLE 36
61.68464234 44.56569212 16.940177626341764 TUR 37
64.52849458 81.58066636 8.7195653003162121 BLR 38
45.02406781 66.61315068 5.8369746277505596 HUN 39
47.06642735 52.34592205 3.0687320534447307 MKD 40
147.5808667 -19.68237567 1.453036016482347 BRN 41
19.70206174 -97.01951704 21.146848235527195 ZAF 42
7.49784573 6.674945311 21.685216825491182 TCD 43
22.43766388 71.58050074 0.14966318452911395 SMR 44
10.89352109 79.76875558 14.214471604740707 FRA 45
50.22269612 -78.69149456 17.133943665848665 MOZ 46
57.00043559 -27.96806298 20.110589591703491 ETH 47
60.98725415 -13.38329522 6.5627388980373613 ERI 48
0.827375265 69.1543951 0.41407441383512078 AND 49
42.25075732 61.04240211 4.3306613245573979 BIH 50
-7.520620376 -58.06367996 21.367918388391331 AGO 51
77.21702048 93.38365303 11.132986753931805 FIN 52
33.00387719 -2.746399372 26.282090574320566 SDN 53
132.6209465 10.00492697 3.749839655771483 BTN 54
143.6393512 3.265509421 15.74128351252131 MMR 55
181.5757988 84.47460204 23.933976599751627 MNG 56
192.8514002 54.23058747 6.0581046968333183 KOR 57
8.202694963 -17.48474106 15.104965295379047 CAF 58
51.64574358 28.96585479 2.7580464920412568 ISR 59
154.796901 9.127930734 0.10993556517815699 MAC 60
163.2139314 -7.011128638 11.013729508072137 VNM 61
-32.15141697 54.2942178 12.788400021873175 MAR 62
50.96190444 32.11028612 1.9565236374913348 LBN 63
62.53478298 6.180935829 28.058804141709228 SAU 64
89.77102576 19.58210044 24.568891108590357 IRN 65
65.08155842 -16.92596961 2.9149030374888021 DJI 66
56.89350424 82.68837397 4.8903247615768484 LTU 67
129.2933352 120.0057314 79.132880342658851 RUS 68
29.78606208 -81.19024985 11.962848551320587 ZWE 69
-58.75345898 32.89913544 19.428862804347926 MRT 70
8.013019064 -75.17042101 14.599658289365967 BWA 71
79.0726942 1.387642544 2.0599159718334348 QAT 72
-63.4593917 12.7047351 1.9785551345459282 GMB 73
116.5136956 -24.79533232 34.699247425117875 IND 74
-6.63002212 -25.15377139 13.195626536088458 CMR 75
22.08522647 58.92161036 0.012694265629824517 VAT 76
-47.25134277 -9.145683076 6.3865025746447772 LBR 77
-31.11822118 -7.812722208 9.3466352887464552 GHA 78
52.91133833 63.10554501 9.343859091966177 ROU 79
65.63214003 68.25605708 14.866882024982077 UKR 80
35.03978386 -43.45449879 3.19277815183945 BDI 81
57.26877024 -47.63023063 14.579163740507054 KEN 82
-49.33972567 6.118760804 9.4890463466215635 GIN 83
39.39914246 -70.31473771 6.5873576571332961 MWI 84
38.15924727 67.97583057 2.7248352799749322 SVN 85
37.54650963 -85.05883549 3.3342449855370329 LSO 86
-40.82761959 -1.701194794 10.867284926928818 CIV 87
76.94555831 -30.65502845 15.281808080540799 SOM 88
37.16797266 -25.84106194 15.065644083474325 SSD 89
173.2818132 -41.9212513 2.333984953220948 TLS 90
31.57379053 74.10670303 0.24219115234978761 LIE 91
16.45539667 89.34177988 3.3437283629014938 BEL 92
-6.136059606 -39.52780242 11.191656516480931 COG 93
40.45975808 -56.07411339 18.604462963356873 TZA 94
39.60352281 78.27379433 5.3743239114709889 CZE 95
144.1209058 -27.14204275 11.006923884705028 MYS 96
46.91136945 72.06526975 4.23783185708528 SVK 97
43.62094825 -38.15685486 9.4055599638554988 UGA 98
187.6624192 65.70997936 6.6442082198163428 PRK 99
18.89748106 89.13112075 0.97316263828712479 LUX 100
-22.81676862 -0.5379639627 6.4223324680246954 BEN 101
44.93303598 47.08106068 6.9526691021093443 GRC 102
27.72952928 73.11573131 3.8884050369080385 CHE 103
-57.5432492 12.20290586 8.4880413831868076 SEN 104
55.83128023 24.11716154 5.7201718798253314 JOR 105
17.58034139 93.4156009 3.914982317706948 NLD 106
85.45245537 -5.143208973 10.64661481915231 OMN 107
29.07677188 64.56045077 10.505262218673552 ITA 108
157.8410069 3.181518177 9.3126260878911555 LAO 109
79.14637198 45.09390608 3.3004602392946678 ARM 110
15.57671804 73.19221281 0.028385240872726803 MCO 111
82.75599935 3.62320181 5.5333021042866761 ARE 112
53.22964595 30.79679314 1.5092835896515178 PSE 113
65.48661771 100.2459555 12.841917149747891 SWE 114
59.4948998 59.83137778 3.5207540575210716 MDA 115
-12.84567971 72.27677362 13.612976759834263 ESP 116
-10.30173198 -7.627885271 18.393430203769647 NGA 117
42.97798594 53.68087307 3.2447695147537408 ALB 118
40.69944491 -86.0971616 2.521785440438141 SWZ 119
77.91206405 53.34377449 5.0523974578903728 GEO 120
19.29152391 35.53920003 25.385214666124078 LBY 121
176.5113667 -29.97688626 13.019570787693549 PNG 122
48.10516003 81.56711778 10.701152987039785 POL 123
37.14375417 72.55909476 5.5422646197479413 AUT 124
156.60627 9.177765276 0.63585473900906408 HKG 125
68.84401684 91.26607389 4.0698734210711329 EST 126
55.27622071 91.48681524 10.889830355676377 NOR 127
41.46729735 56.844488 2.2491072070557596 MNE 128
72.51918746 31.74574388 12.669964586671146 IRQ 129
-56.90864849 5.196641383 3.6373446189428389 GNB 130
-39.28993913 20.39620541 21.312072863289 MLI 131
99.04145818 65.01331417 31.590503210666249 KAZ 132
