74.15338402 35.99821077 2.0557569644500666 UZB 0
66.89423598 15.81404111 1.710080871288759 OMN 1
82.9544318 20.85493511 1.4956026317811606 LAO 2
82.26927062 14.56376233 0.23452920571340155 BRN 3
64.77057261 31.32834578 0.53309198679485736 ARM 4
70.03600963 35.40150016 2.1473621807261263 TKM 5
80.2046324 18.38319042 2.2021613878159085 THA 6
83.74118637 30.98326471 9.5746147296343835 CHN 7
65.69152932 31.99849309 0.90326734706082012 AZE 8
66.62516472 17.85659063 0.88791324243983027 ARE 9
74.10659868 28.77180634 2.8867106145893273 PAK 10
61.27623611 26.88218705 0.23452920571340155 PSE 11
82.8735067 4.129368211 0.37082323394226197 TLS 12
62.13507901 27.79909037 1.3232380821000413 SYR 13
76.08803012 26.83203767 0.60555180528483843 BTN 14
80.03113507 22.13171322 2.5277708225428466 MMR 15
80.75700126 41.20121853 3.8429884370489713 MNG 16
90.39882924 25.58902458 0.97171726668594127 KOR 17
76.70607126 25.55901587 1.1804377822478243 NPL 18
61.87277551 26.01429074 0.9183647828790974 JOR 19
64.49000768 32.64414569 0.81243300030876908 GEO 20
76.86223919 36.2911211 1.374215737339372 KGZ 21
83.03399989 22.04762971 0 MAC 22
85.2936666 19.74794512 1.7680660989436372 VNM 23
78.21824654 24.45161184 1.1804377822478243 BGD 24
60.75852898 26.74988603 0.43876396748588703 ISR 25
72.58858507 32.75029233 2.482023813996677 AFG 26
60.60700866 27.33401829 0.31755404570407358 LBN 27
63.56328237 20.86130274 4.5061762348399528 SAU 28
68.69183499 29.46538623 3.9453919169220955 IRN 29
63.01642335 15.11135857 2.2331647160070136 YEM 30
80.68348245 14.44664977 1.7680660989436372 MYS 31
91.37422785 27.3736297 1.0661839735897147 PRK 32
66.80314435 18.80775193 0.33167438349248202 QAT 33
83.39250103 22.66418342 0.095746147296343842 HKG 34
64.95215906 24.60354766 0.40621650015438454 KWT 35
73.68490586 21.13943788 5.5722283544134807 IND 36
82.9779452 18.05532065 1.3093088722801136 KHM 37
81.40233479 8.483326558 4.2410247705886848 IDN 38
75.78017062 34.009749 1.1608603422236872 TJK 39
64.66263587 26.96483892 2.0355910135354089 IRQ 40
62.20752737 31.00934881 2.7199321775973 TUR 41
73.67887954 41.62799718 5.0727389539493881 KAZ 42
