73.68446 75.24503785 5.4112177593872124 ECU 0
134.1776038 99.09104937 4.1625857459458588 SUR 1
131.3724948 65.13442777 30.011777918051365 BRA 2
93.79950838 17.14786221 17.148789956564176 ARG 3
68.87391662 97.80161187 3.7134148315639348 NIC 4
57.19095604 108.1171025 1.5585495969623206 BLZ 5
96.07742317 44.93530426 10.779432063945656 BOL 6
62.59227653 102.9545624 3.4493794041639863 HND 7
109.905019 34.47478721 6.5591052689396285 PRY 8
43.08731778 222.668727 32.497256445753457 CAN 9
114.2860101 24.47577846 4.375825145837303 URY 10
57.88077255 100.4973638 1.4918012341502951 SLV 11
38.98387923 113.4110794 14.414250154933548 MEX 12
71.39231427 92.32927602 2.3248214720880878 CRI 13
76.50987385 91.88052757 2.8243214135934163 PAN 14
54.46200035 103.9884596 3.3936874521203024 GTM 15
110.6363117 99.06881426 9.8453937208227611 VEN 16
77.77874101 37.74148579 8.9427291487690432 CHL 17
78.54417419 58.88602786 11.659176208262863 PER 18
46.06869466 158.7553154 31.485464686567525 USA 19
87.69345746 83.77201361 10.989172304478629 COL 20
140.9037364 96.71039375 2.9724289122313405 GUF 21
125.248642 99.28056123 4.7683463885384132 GUY 22
