440.9414178 810.734738 35.8640488511824 HRV 0
1253.898256 627.0722417 100.837393857636 UZB 1
598.4620199 717.2628858 50.199402386881 BGR 2
-509.7337375 719.4870868 77.7524919214812 ESH 3
-146.2194178 -410.3667713 25.2491584018161 GNQ 4
511.3943241 745.0532703 44.8129445584643 SRB 5
-401.9339882 -0.9941820123 78.7642050680383 BFA 6
-283.4588517 -116.6103073 35.9245041719437 TGO 7
1055.623372 628.1555103 105.324166267766 TKM 8
681.3297988 1197.279307 38.3046994505896 LVA 9
267.0581063 1094.513648 90.0901215450396 DEU 10
1766.984947 -6.813922857 107.989906935787 THA 11
959.6967503 735.5464923 44.3641747359285 AZE 12
1902.877029 770.880116 469.694315486147 CHN 13
-224.3503516 -478.780892 77.9958973280005 GAB 14
1429.994641 177.9955291 141.574891841739 PAK 15
519.3950524 -459.8077139 24.4660989943227 RWA 16
692.8694853 496.5254554 64.8740317846825 SYR 17
378.4275743 -825.0292259 130.785396738321 ZMB 18
287.1466716 1213.424865 31.295526836914 DNK 19
1593.6193 354.09133 57.8361478661917 NPL 20
12.67188754 690.1268402 60.9787667963202 TUN 21
1632.136156 93.9381918 57.9125202352651 BGD 22
1387.336239 725.9141854 67.4117200492614 KGZ 23
470.839542 340.9613223 150.940219954789 EGY 24
-244.0262514 564.2967971 232.659579643736 DZA 25
-242.4079954 177.036422 169.692221389196 NER 26
1440.883869 434.7612205 121.751427096359 AFG 27
959.7537096 -96.98763881 109.541179471466 YEM 28
-244.0903311 888.6982181 45.7487704752816 PRT 29
242.9122745 -504.6853246 230.851099195997 COD 30
906.5781942 376.4244988 20.1233694991668 KWT 31
-182.9684711 850.5978196 0.387298334620742 GIB 32
1934.906852 27.0323918 64.1438227735141 KHM 33
2021.160767 -397.7946213 208.052060792485 IDN 34
1403.794528 602.7230439 57.0286769967532 TJK 35
-728.3334256 -61.81399502 40.3788310875884 SLE 36
772.6117815 687.7442039 133.447480305924 TUR 37
765.08777 1137.441853 68.689009310078 BLR 38
472.7969254 886.1256281 45.9811918070856 HUN 39
535.8570384 682.6610902 24.1741597578903 MKD 40
1912.379647 -112.1159834 11.4463968129713 BRN 41
347.4884138 -1245.644021 166.585833731443 ZAF 42
82.23594983 133.986349 170.826871422502 TCD 43
229.7537232 906.2303468 1.17898261225516 SMR 44
123.3658146 952.5611467 111.975533041821 FRA 45
730.2950956 -924.4294381 134.973886363252 MOZ 46
776.005639 -290.0767196 158.42263095909 ETH 47
774.5388802 -87.87655245 51.6984525880611 ERI 48
8.362890632 949.9932652 3.26190128606002 AND 49
435.4939731 743.1853961 34.1150992963527 BIH 50
-33.55742456 -771.2863749 168.327329925952 AGO 51
821.0006575 1368.328609 87.7009121959401 FIN 52
420.0648199 0.07992203407 207.039078436897 SDN 53
1597.28149 171.5708321 29.5396343917795 BTN 54
1767.064675 216.2979871 124.003104799839 MMR 55
2124.396081 1428.850836 188.541639963165 MNG 56
1962.977222 1268.466284 47.7231599959601 KOR 57
133.1600208 -185.9476093 118.990461802617 CAF 58
610.5308728 430.7515392 21.7267116701998 ISR 59
1936.144086 299.9527796 0.866025403784438 MAC 60
2055.343096 109.7912417 86.7614545751741 VNM 61
-394.1295846 855.3040394 100.741550514175 MAR 62
595.3488906 464.3317415 15.412657136263 LBN 63
793.2333804 173.9984233 221.035268679005 SAU 64
1148.081023 355.8951076 193.543225146219 IRN 65
835.6473239 -126.0004053 22.9623605058365 DJI 66
620.7490268 1129.056939 38.5238886926021 LTU 67
1382.240044 1761.392347 623.375015540404 RUS 68
464.3345632 -1023.661942 94.2382088115006 ZWE 69
-631.0885908 525.9065168 153.052278650139 MRT 70
180.3212239 -954.0494795 115.009869141739 BWA 71
1011.192256 106.2570509 16.2271377636354 QAT 72
-830.3334792 84.30508747 15.5862118553547 GMB 73
1463.364114 -220.4689907 273.345843209659 IND 74
-41.06343987 -333.3282243 103.949506973338 CMR 75
252.4615287 770.513972 0.1 VAT 76
-657.996065 -115.861672 50.3101381433205 LBR 77
-381.3955355 -155.5490493 73.6287987135468 GHA 78
581.5599562 835.133251 73.606929021662 ROU 79
708.1522369 967.9350667 117.114943538389 UKR 80
507.3393871 -507.229159 25.1513419125103 BDI 81
814.5251394 -550.1125294 114.84842184375 KEN 82
-638.2678115 3.225831682 74.750652171068 GIN 83
559.5599311 -849.1595257 51.8923886519015 MWI 84
405.6425044 873.8277434 21.4650879336656 SVN 85
538.4169368 -1265.924975 26.2657571754556 LSO 86
-524.4963444 -100.9369032 85.6078267449886 CIV 87
1044.156858 -301.3740345 120.383553694016 SOM 88
509.6870705 -300.1075956 118.680706098338 SSD 89
2209.303852 -520.4653306 18.3861360812978 TLS 90
315.6541556 957.2803414 1.90787840283389 LIE 91
125.269966 1088.932705 26.3404631698077 BEL 92
-63.67171425 -516.7198738 88.1630875139931 COG 93
588.4690444 -660.4675319 146.558008993026 TZA 94
385.9131602 1029.768612 42.336627168446 CZE 95
1840.817102 -178.9678596 86.7078427825302 MYS 96
443.4015557 968.2877454 33.3838284203594 SVK 97
618.331266 -450.3598593 74.0929821238152 UGA 98
1868.733321 1293.38976 52.3402330908069 PRK 99
156.8704863 1074.392379 7.66615940350837 LUX 100
-281.7900872 -33.38134109 50.5923907322039 BEN 101
526.1882123 598.0379498 54.7701561071355 GRC 102
283.4911816 958.2636925 30.6311932513247 CHE 103
-751.1898691 98.92126002 66.8651628278882 SEN 104
663.8000552 394.8628262 45.0610696721682 JOR 105
157.4851299 1135.148604 30.8405577122075 NLD 106
1089.364957 36.47233658 83.8694819347299 OMN 107
287.3050946 845.6895919 82.7559665522673 ITA 108
1960.951798 231.9925049 73.360888762337 LAO 109
930.4187977 662.7707736 25.9996153817705 ARM 110
220.1815179 895.5481952 0.223606797749979 MCO 111
1046.83389 151.4428019 43.5889894354066 ARE 112
630.9600787 455.9516001 11.8894911581615 PSE 113
644.1680885 1326.525044 101.163135578134 SWE 114
683.0790501 830.7765568 27.7349959437531 MDA 115
-93.8553647 908.1263379 107.237213690025 ESP 116
-107.2477579 -103.3162077 144.895583093482 NGA 117
490.3535567 667.8727959 25.5609076521159 ALB 118
621.3651642 -1025.995998 19.8655480669424 SWZ 119
902.159767 792.5271942 39.8006281357468 GEO 120
163.7367345 481.1842889 199.973873293488 LBY 121
2317.038487 -313.6220527 102.562615021264 PNG 122
508.6305145 1067.850889 84.2991103155899 POL 123
360.0754799 948.6350509 43.659592302265 AUT 124
2047.057959 318.168365 5.00899191454728 HKG 125
744.3298642 1246.600143 32.0607236350023 EST 126
703.6577222 1496.19849 85.7854299983394 NOR 127
465.0806392 703.0217555 17.717505467757 MNE 128
850.3109949 477.2623925 99.8085667665856 IRQ 129
-738.7455951 7.880325804 28.6534465640698 GNB 130
-563.5960663 224.6034088 167.887402743625 MLI 131
1164.204176 951.2161526 248.856484745726 KAZ 132
