36.86159225 61.27738556 4.5526776267791265 HRV 0
103.7106204 37.82287898 12.800566630480661 UZB 1
51.9178888 55.04625701 6.3724454835751505 BGR 2
-49.35546707 50.10621378 9.8701078583206741 ESH 3
-16.6707672 -29.82490717 3.2051952368216887 GNQ 4
46.09730611 58.61179527 5.6886742187974573 SRB 5
-30.99649375 5.202610468 9.9985374125564945 BFA 6
-23.06659222 -6.604385023 4.5603519857839236 TGO 7
89.64345437 42.44918665 13.370129438428238 TKM 8
64.04253677 90.0096511 4.8625002969637778 LVA 9
31.20133381 87.3164175 11.436279335159089 DEU 10
141.6460149 -13.8747437 13.708525639829128 THA 11
82.16330794 50.30558697 5.6317061854582686 AZE 12
156.3455226 43.29539182 59.624244055997465 CHN 13
-17.90835476 -37.22315376 9.901006387181587 GAB 14
117.8461664 6.092888078 17.971892835527065 PAK 15
36.12764384 -39.403218 3.1057915955951527 RWA 16
60.17773449 31.00917917 8.2352819195243896 SYR 17
23.73569872 -65.4410847 16.602245666982306 ZMB 18
26.38211636 101.5396449 3.9727373069308731 DNK 19
127.3110019 16.84527487 7.3418742401924684 NPL 20
6.784213661 54.73678582 7.7408066349161162 TUN 21
130.9197635 -1.726527995 7.3515691515904384 BGD 22
118.1751645 48.9113094 8.5574228086869208 KGZ 23
41.13545952 22.59698565 19.16075246330227 EGY 24
-10.7735068 42.9066687 29.534425053208992 DZA 25
-15.30180374 14.36438565 21.541181336294471 NER 26
111.8144241 24.03123768 15.455449563713943 AFG 27
74.02565682 -13.82787961 13.905448296150741 YEM 28
-29.76549604 64.41279382 5.8074704465109814 PRT 29
16.76232278 -40.41871278 29.304851741309538 COD 30
73.26699208 24.23028055 2.5545139778953314 KWT 31
-21.91219922 62.55950614 0.049164679376643552 GIB 32
154.0464939 -13.68172586 8.1425872479937649 KHM 33
156.7432332 -44.66779763 26.410681245322071 IDN 34
114.684267 40.67808569 7.2393717431424731 TJK 35
-49.80597422 -1.946862209 5.1257960764766386 SLE 36
60.83733762 45.3256337 16.940177626341764 TUR 37
64.406185 82.33335111 8.7195653003162121 BLR 38
44.84639159 67.2450698 5.8369746277505596 HUN 39
46.96803647 53.03105492 3.0687320534447307 MKD 40
147.3928027 -20.24469676 1.453036016482347 BRN 41
18.52311377 -95.50064216 21.146848235527195 ZAF 42
7.793812951 6.300208277 21.685216825491182 TCD 43
22.75364748 71.48068531 0.14966318452911395 SMR 44
10.79699319 80.03403636 14.214471604740707 FRA 45
49.32050751 -78.07130473 17.133943665848665 MOZ 46
56.5684753 -26.83714503 20.110589591703491 ETH 47
60.32464896 -12.2193178 6.5627388980373613 ERI 48
1.279554913 69.08240422 0.41407441383512078 AND 49
41.78470326 62.29112153 4.3306613245573979 BIH 50
-7.966956626 -57.37156107 21.367918388391331 AGO 51
77.31412412 94.22689744 11.132986753931805 FIN 52
33.63394401 -2.004257874 26.282090574320566 SDN 53
132.9936228 10.84774141 3.749839655771483 BTN 54
143.2402387 2.713089645 15.74128351252131 MMR 55
182.0885551 82.96887849 23.933976599751627 MNG 56
192.1885487 53.12518016 6.0581046968333183 KOR 57
7.796287513 -16.72515231 15.104965295379047 CAF 58
51.51778604 29.38405074 2.7580464920412568 ISR 59
154.8357127 8.444035741 0.10993556517815699 MAC 60
162.8009259 -7.289784629 11.013729508072137 VNM 61
-31.94618448 54.10086707 12.788400021873175 MAR 62
51.14626011 32.31030333 1.9565236374913348 LBN 63
62.97575558 7.193459192 28.058804141709228 SAU 64
89.37510467 20.98206587 24.568891108590357 IRN 65
64.40804935 -16.42746318 2.9149030374888021 DJI 66
56.79102742 83.49076349 4.8903247615768484 LTU 67
128.6548958 121.1747128 79.132880342658851 RUS 68
29.70052312 -80.46470476 11.962848551320587 ZWE 69
-58.6256746 32.60601136 19.428862804347926 MRT 70
8.632966214 -74.58974599 14.599658289365967 BWA 71
79.28680288 2.255819963 2.0599159718334348 QAT 72
-63.38100375 12.98096276 1.9785551345459282 GMB 73
116.0440374 -23.65490972 34.699247425117875 IND 74
-7.094316545 -25.24307945 13.195626536088458 CMR 75
22.34529363 58.82347531 0.012694265629824517 VAT 76
-47.19025778 -8.778379824 6.3865025746447772 LBR 77
-30.91222108 -7.217340203 9.3466352887464552 GHA 78
52.76323031 63.89985007 9.343859091966177 ROU 79
65.46552496 69.02974263 14.866882024982077 UKR 80
35.30443359 -43.13581664 3.19277815183945 BDI 81
57.3984788 -46.45013964 14.579163740507054 KEN 82
-48.93425565 6.80167932 9.4890463466215635 GIN 83
39.42643733 -68.99828001 6.5873576571332961 MWI 84
37.91946831 68.46101026 2.7248352799749322 SVN 85
37.11479187 -84.93762926 3.3342449855370329 LSO 86
-40.77172229 -1.419924838 10.867284926928818 CIV 87
76.31974059 -30.18330169 15.281808080540799 SOM 88
36.73187122 -25.19730732 15.065644083474325 SSD 89
172.8849843 -42.61622094 2.333984953220948 TLS 90
31.25135371 74.07227329 0.24219115234978761 LIE 91
16.86038583 89.26377562 3.3437283629014938 BEL 92
-6.112374879 -39.03687311 11.191656516480931 COG 93
40.57314586 -54.7866366 18.604462963356873 TZA 94
39.64090282 78.67221073 5.3743239114709889 CZE 95
144.1623431 -27.63721009 11.006923884705028 MYS 96
46.70741652 72.64903687 4.23783185708528 SVK 97
43.4287421 -37.32879464 9.4055599638554988 UGA 98
187.5477449 64.09152847 6.6442082198163428 PRK 99
19.29319095 89.04420775 0.97316263828712479 LUX 100
-22.77764798 -0.3894163722 6.4223324680246954 BEN 101
45.44586436 47.56713036 6.9526691021093443 GRC 102
27.51594796 73.09224869 3.8884050369080385 CHE 103
-57.49886993 12.29048883 8.4880413831868076 SEN 104
55.37194623 24.74285237 5.7201718798253314 JOR 105
17.99282761 93.33702936 3.914982317706948 NLD 106
83.87410648 -3.297328832 10.64661481915231 OMN 107
28.86963463 64.28722493 10.505262218673552 ITA 108
157.4181116 2.877458601 9.3126260878911555 LAO 109
77.86466034 46.35665814 3.3004602392946678 ARM 110
15.89771186 73.12708315 0.028385240872726803 MCO 111
81.92431408 5.6481515 5.5333021042866761 ARE 112
53.12565925 31.18573383 1.5092835896515178 PSE 113
65.58367807 101.0435984 12.841917149747891 SWE 114
59.29110653 60.65551026 3.5207540575210716 MDA 115
-12.45765041 71.90654762 13.612976759834263 ESP 116
-10.10917304 -7.625995302 18.393430203769647 NGA 117
43.49995336 53.88829601 3.2447695147537408 ALB 118
40.22967094 -86.06839342 2.521785440438141 SWZ 119
77.05330906 54.66998488 5.0523974578903728 GEO 120
19.35578281 35.28184036 25.385214666124078 LBY 121
176.3772234 -30.75632204 13.019570787693549 PNG 122
48.07316103 82.08522562 10.701152987039785 POL 123
36.93493123 73.03402388 5.5422646197479413 AUT 124
156.6447105 8.483021489 0.63585473900906408 HKG 125
68.70086131 91.98448266 4.0698734210711329 EST 126
55.37155081 92.32420239 10.889830355676377 NOR 127
41.64841379 57.98662779 2.2491072070557596 MNE 128
71.8927018 32.73828095 12.669964586671146 IRQ 129
-56.90020357 5.454352794 3.6373446189428389 GNB 130
-38.5454718 21.26550898 21.312072863289 MLI 131
98.3061574 66.36816927 31.590503210666249 KAZ 132
