444.4897031 810.7837456 35.8640488511824 HRV 0
1253.481534 626.3201584 100.837393857636 UZB 1
599.3250761 718.4254447 50.199402386881 BGR 2
-663.8109916 534.4243444 77.7524919214812 ESH 3
-144.0528472 -397.4671626 25.2491584018161 GNQ 4
515.7016131 752.5385591 44.8129445584643 SRB 5
-400.7831782 14.28671254 78.7642050680383 BFA 6
-284.6144783 -112.3792428 35.9245041719437 TGO 7
1057.541281 630.0488672 105.324166267766 TKM 8
674.2598489 1241.797752 38.3046994505896 LVA 9
277.2420523 1129.400469 90.0901215450396 DEU 10
1767.342721 -3.887246897 107.989906935787 THA 11
965.410267 738.5116643 44.3641747359285 AZE 12
1900.850947 764.8324293 469.694315486147 CHN 13
-216.2896147 -467.1490731 77.9958973280005 GAB 14
1444.175768 153.5334832 141.574891841739 PAK 15
516.179875 -458.0308188 24.4660989943227 RWA 16
701.841025 490.5434766 64.8740317846825 SYR 17
380.4375968 -817.5835976 130.785396738321 ZMB 18
300.8167918 1249.521789 31.295526836914 DNK 19
1587.826433 352.820197 57.8361478661917 NPL 20
26.66311088 694.3242279 60.9787667963202 TUN 21
1628.447038 108.8176839 57.9125202352651 BGD 22
1391.639414 722.3115985 67.4117200492614 KGZ 23
471.3183543 339.9909601 150.940219954789 EGY 24
-235.4309586 564.9296564 232.659579643736 DZA 25
-234.8937453 182.4820728 169.692221389196 NER 26
1432.639404 424.0539402 121.751427096359 AFG 27
957.2600394 -92.26160406 109.541179471466 YEM 28
-457.2195548 779.3166075 45.7487704752816 PRT 29
246.1920524 -501.0613998 230.851099195997 COD 30
900.1052424 375.9071809 20.1233694991668 KWT 31
-294.8174197 793.4288684 0.387298334620742 GIB 32
1935.481181 27.04512225 64.1438227735141 KHM 33
2016.801728 -391.1748114 208.052060792485 IDN 34
1401.11804 598.2851105 57.0286769967532 TJK 35
-636.692325 -103.7958546 40.3788310875884 SLE 36
770.7205535 685.2960374 133.447480305924 TUR 37
726.1512387 1154.243217 68.689009310078 BLR 38
484.0327382 892.8568867 45.9811918070856 HUN 39
537.5185439 684.0792817 24.1741597578903 MKD 40
1894.247483 -93.26339297 11.4463968129713 BRN 41
350.1997764 -1235.852105 166.585833731443 ZAF 42
83.66794821 125.1815293 170.826871422502 TCD 43
245.6957093 917.2091676 1.17898261225516 SMR 44
74.93200957 1028.287021 111.975533041821 FRA 45
728.1929668 -922.7214888 134.973886363252 MOZ 46
769.685104 -287.0485266 158.42263095909 ETH 47
776.2465953 -86.77810597 51.6984525880611 ERI 48
-156.8189945 939.4765401 3.26190128606002 AND 49
441.189629 743.6181347 34.1150992963527 BIH 50
-28.64084581 -764.5262591 168.327329925952 AGO 51
853.9140988 1267.977799 87.7009121959401 FIN 52
421.5576734 3.378235359 207.039078436897 SDN 53
1639.468341 287.7649145 29.5396343917795 BTN 54
1766.912704 216.6291361 124.003104799839 MMR 55
2160.104612 1334.395021 188.541639963165 MNG 56
2362.518394 939.5424345 47.7231599959601 KOR 57
128.7063017 -188.8267562 118.990461802617 CAF 58
608.1690633 430.5948123 21.7267116701998 ISR 59
1918.976239 307.5268152 0.866025403784438 MAC 60
2052.807033 109.7217976 86.7614545751741 VNM 61
-540.3399303 663.8812277 100.741550514175 MAR 62
595.3488906 464.3317415 15.412657136263 LBN 63
790.8153489 174.3954871 221.035268679005 SAU 64
1140.242897 358.2592541 193.543225146219 IRN 65
834.9891651 -127.4676537 22.9623605058365 DJI 66
608.2538241 1112.97539 38.5238886926021 LTU 67
1477.827925 1723.160441 623.375015540404 RUS 68
465.8770638 -1013.956035 94.2382088115006 ZWE 69
-822.8310657 373.9892923 153.052278650139 MRT 70
184.945884 -947.0879894 115.009869141739 BWA 71
1007.08004 110.378318 16.2271377636354 QAT 72
-814.2589673 78.3250352 15.5862118553547 GMB 73
1489.606025 -239.6735816 273.345843209659 IND 74
-36.9252793 -326.1916495 103.949506973338 CMR 75
241.1416282 769.2749583 0.1 VAT 76
-595.9607489 -192.1005133 50.3101381433205 LBR 77
-380.5327396 -152.9202715 73.6287987135468 GHA 78
585.8433585 840.7063045 73.606929021662 ROU 79
703.122603 979.1143057 117.114943538389 UKR 80
501.6606468 -503.783036 25.1513419125103 BDI 81
811.4366175 -543.4237521 114.84842184375 KEN 82
-636.1845297 7.297326763 74.750652171068 GIN 83
559.5754329 -850.5081072 51.8923886519015 MWI 84
389.9258693 896.4867439 21.4650879336656 SVN 85
537.3049376 -1256.16058 26.2657571754556 LSO 86
-517.8298055 -89.20854243 85.6078267449886 CIV 87
1034.52402 -296.6994379 120.383553694016 SOM 88
506.333858 -294.3958558 118.680706098338 SSD 89
2208.303142 -517.4717966 18.3861360812978 TLS 90
301.2398794 963.6381905 1.90787840283389 LIE 91
105.0371183 1161.805146 26.3404631698077 BEL 92
-57.03396893 -508.5090181 88.1630875139931 COG 93
589.0690175 -654.2986171 146.558008993026 TZA 94
386.7392891 1029.735344 42.336627168446 CZE 95
1839.302654 -174.3903831 86.7078427825302 MYS 96
481.7428857 968.261116 33.3838284203594 SVK 97
610.6975048 -445.6809315 74.0929821238152 UGA 98
2300.03577 1059.581076 52.3402330908069 PRK 99
131.322222 1140.553258 7.66615940350837 LUX 100
-282.8668238 -26.63727306 50.5923907322039 BEN 101
526.1882123 598.0379498 54.7701561071355 GRC 102
254.5665295 950.2729699 30.6311932513247 CHE 103
-737.8078598 95.57333724 66.8651628278882 SEN 104
660.3871641 394.4535551 45.0610696721682 JOR 105
162.8112898 1170.669606 30.8405577122075 NLD 106
1084.593053 40.34496698 83.8694819347299 OMN 107
281.8182477 841.4861007 82.7559665522673 ITA 108
1962.679458 232.4398537 73.360888762337 LAO 109
930.6328815 661.5919378 25.9996153817705 ARM 110
113.5307491 928.2247684 0.223606797749979 MCO 111
1041.733897 155.4686612 43.5889894354066 ARE 112
629.6742842 454.5583843 11.8894911581615 PSE 113
699.1815358 1372.035452 101.163135578134 SWE 114
683.2621038 822.5667404 27.7349959437531 MDA 115
-257.6969146 894.4345044 107.237213690025 ESP 116
-112.9667639 -102.2123131 144.895583093482 NGA 117
493.1643642 667.7051059 25.5609076521159 ALB 118
616.7134458 -1029.735794 19.8655480669424 SWZ 119
900.9925612 786.1197716 39.8006281357468 GEO 120
165.4658116 473.0820733 199.973873293488 LBY 121
2319.921788 -327.2339759 102.562615021264 PNG 122
496.5043115 1079.144577 84.2991103155899 POL 123
361.9307063 951.7272544 43.659592302265 AUT 124
1941.389815 310.3331054 5.00899191454728 HKG 125
741.6772514 1248.95679 32.0607236350023 EST 126
556.7082862 1229.187542 85.7854299983394 NOR 127
474.8242568 705.2906158 17.717505467757 MNE 128
863.5906325 483.928881 99.8085667665856 IRQ 129
-739.3040989 4.646887001 28.6534465640698 GNB 130
-555.8757002 225.5819771 167.887402743625 MLI 131
1164.786969 955.4461341 248.856484745726 KAZ 132
