1.215731961 12.52824588 0.401857389756773 NLD 0
4.849576932 9.035456782 0.467223578536471 HRV 1
7.237949278 9.828037985 0.958833511162213 ROU 2
5.483202022 9.882056077 0.598935225425353 HUN 3
7.321926773 8.207705558 0.65395685979129 BGR 4
6.429696708 7.850966148 0.314879240614894 MKD 5
3.321333036 8.909644856 1.07802025007625 ITA 6
6.187636443 8.709162148 0.583824514584466 SRB 7
0.7721361415 10.02650042 1.45864991497894 FRA 8
4.510459837 9.700672955 0.279437124203243 SVN 9
2.629042622 11.86155202 1.17355615227955 DEU 10
5.281885107 8.240637819 0.444349871734693 BIH 11
-1.784972902 8.800891617 1.39695717962367 ESP 12
5.822593943 7.640466707 0.332943033910888 ALB 13
2.94073146 13.4092785 0.407639807631635 DNK 14
1.056269503 11.80135043 0.34301541433015 BEL 15
4.29988037 11.46407144 0.551593436462886 CZE 16
-3.764360882 8.831271537 0.595908032315997 PRT 17
5.039678321 10.80657035 0.434912561522673 SVK 18
5.770052377 12.18231236 1.09816093848238 POL 19
1.39564001 11.51999851 0.1 LUX 20
4.005375249 10.39271097 0.568686429694915 AUT 21
6.493504877 6.833104739 0.713397624198992 GRC 22
2.941512044 10.33355849 0.398934751770529 CHE 23
