35.43126635 64.73569693 2.86153708662382 HRV 0
100.1977072 49.9978173 8.04565997106054 UZB 1
47.82536217 57.42634938 4.00533281260229 BGR 2
-54.35711776 45.41682334 6.20375128680994 ESH 3
-13.61270879 -31.40688747 2.0145913662075 GNQ 4
41.10484019 60.03709023 3.57555565873135 SRB 5
-31.96525611 1.07888082 6.28447431676986 BFA 6
-22.70820271 -8.965481845 2.8663607233292 TGO 7
84.55675798 50.31526694 8.40365261444844 TKM 8
53.79298212 99.07838724 3.05627282978195 LVA 9
22.12071531 90.11311974 7.18815170616407 DEU 10
140.9822317 -0.4477390131 8.6163479466603 THA 11
77.08320813 58.86913788 3.53974900745579 AZE 12
151.9939056 60.80512156 37.4761842623267 CHN 13
-17.17307308 -39.90775148 6.22317222839771 GAB 14
115.2221862 12.25154134 11.2960420397859 PAK 15
40.20558776 -36.2181561 1.95211226506446 RWA 16
55.9988118 39.13970664 5.17619883580326 SYR 17
30.40227295 -65.22455614 10.4351648835984 ZMB 18
15.65458891 103.736442 2.49702176853654 DNK 19
126.6076542 28.14514299 4.6146569438746 NPL 20
2.127408451 55.39905816 4.86540165635823 TUN 21
129.9328815 8.681595868 4.62075057729016 BGD 22
111.1197805 57.80225917 5.37867706444707 KGZ 23
37.62872519 27.11285334 12.0432871106115 EGY 24
-18.78697273 45.06374971 18.5635486520622 DZA 25
-18.75658969 14.53208462 13.5394803534781 NER 26
114.3148055 34.03643245 9.71435839359004 AFG 27
76.38134381 -7.373595685 8.74012158724188 YEM 28
-36.48084237 62.18046891 3.65022376379412 PRT 29
19.61899364 -39.98986708 18.4192527892857 COD 30
71.82915378 30.00950482 1.60561258347165 KWT 31
-28.32095294 59.95791474 0.0309019361618552 GIB 32
154.4290552 2.157888549 5.11793658618622 KHM 33
161.0108968 -31.34422363 16.6001527149543 IDN 34
111.9941557 47.91190971 4.55023008987229 TJK 35
-50.83499735 -8.285534423 3.22176459080536 SLE 36
61.49328842 54.69589561 10.6475684214141 TUR 37
57.94120105 92.09910342 5.48059000253556 BLR 38
38.61278864 71.20807087 3.66876830301888 HUN 39
42.8197034 54.60176199 1.92881888412026 MKD 40
148.9369227 -4.987500738 0.913290329389294 BRN 41
27.93147355 -98.63874675 13.2916264782792 ZAF 42
6.675151775 9.958986811 13.6300123278271 TCD 43
15.17903181 73.46301001 0.0940692023773423 SMR 44
5.871201015 81.94988559 8.93435490017403 FRA 45
58.10573313 -73.62480243 10.7693580040799 MOZ 46
61.43732302 -22.91395384 12.6402971324028 ETH 47
61.93551738 -6.923891097 4.12493971374129 ERI 48
-12.5105045 74.9615811 0.26026206750103 AND 49
35.15131709 59.38353993 2.72199110188165 BIH 50
-2.285208868 -61.00036985 13.4305777709087 AGO 51
68.13634398 101.1708542 6.99752038094684 FIN 52
33.65162505 0.2405892015 16.5193284167654 SDN 53
130.7207334 22.93849882 2.35692182129622 BTN 54
140.8409663 17.1560067 9.89401628114117 MMR 55
172.3096138 106.4951019 15.0434463595062 MNG 56
188.5400502 75.16628559 3.80775725535015 KOR 57
10.2692771 -15.06619534 9.4940652355111 CAF 58
48.54019137 34.36666902 1.73354077986679 ISR 59
153.1121514 24.53708979 0.0690988298942671 MAC 60
163.7906193 8.753103454 6.92256250783306 VNM 61
-43.11190955 52.96686647 8.03801277866019 MAR 62
47.50196881 37.04831276 1.22975211699724 LBN 63
63.11561196 13.91731186 17.6360628271891 SAU 64
91.01165032 28.57429204 15.4425151192161 IRN 65
66.62590806 -10.16536311 1.83213129271964 DJI 66
48.53652279 88.80373305 3.07376160099153 LTU 67
117.9110171 137.5096184 49.7381300489935 RUS 68
36.92236802 -81.00660223 7.51912118484129 ZWE 69
-66.30765021 28.53343061 12.2118050130644 MRT 70
14.75654654 -75.56668845 9.17645989281517 BWA 71
80.37366595 8.787888211 1.29473826876258 QAT 72
-64.96944682 6.24914781 1.24359978007901 GMB 73
118.8533649 -19.12318504 21.8098428056628 IND 74
-2.945547212 -26.03315218 8.2939706717096 CMR 75
16.09220609 60.83218143 0.00797884560802866 VAT 76
-47.57772691 -15.36138948 4.01416824764148 LBR 77
-30.36516869 -12.20288974 5.87472817240009 GHA 78
46.73272848 67.15629192 5.87298322344965 ROU 79
56.19852168 78.10402822 9.34442052885798 UKR 80
39.29179894 -39.87070873 2.0067867395466 BDI 81
64.75176932 -43.38408092 9.16357826217028 KEN 82
-50.75691261 0.5790152668 5.96423912772404 GIN 83
45.4611895 -67.20711938 4.14041357285341 MWI 84
31.11165383 71.52905346 1.71266622585477 SVN 85
46.05596316 -81.44673071 2.09570421280931 LSO 86
-41.34265081 -7.14553766 6.83051632437131 CIV 87
82.58016883 -23.68265758 9.6052178867038 SOM 88
40.41874365 -23.53163127 9.46935030610461 SSD 89
176.6997997 -24.33654997 1.4670014112088 TLS 90
24.03546489 76.88720344 0.152226672151039 LIE 91
8.364559806 92.70051576 2.10166488875861 BEL 92
-4.581939171 -40.5718355 7.0343966360127 COG 93
46.99073765 -52.22433113 11.6936372637543 TZA 94
30.85351037 82.1592476 3.37797411741702 CZE 95
146.655926 -14.09055086 6.91828490567031 MYS 96
38.43739401 77.25325721 2.66364412770967 SVK 97
48.72775206 -35.5710037 5.91176465004349 UGA 98
183.7408159 84.49856964 4.17614638919781 PRK 99
10.39415171 91.0868225 0.611671022871304 LUX 100
-22.56950715 -2.125346892 4.03668874593315 BEN 101
41.98374507 47.71652469 4.37002619506462 GRC 102
20.31147036 75.82081312 2.44401561742009 CHE 103
-58.86694961 7.629446381 5.33506810759417 SEN 104
52.69873016 31.46982848 3.59535317846853 JOR 105
9.385785159 96.9267614 2.46072048451201 NLD 106
86.53835698 3.220568778 6.69181647582559 OMN 107
22.48584288 67.14087679 6.60297080263725 ITA 108
156.5980379 18.54611567 5.85335205102452 LAO 109
74.25376079 52.78739927 2.07446916999274 ARM 110
9.062596803 74.05649093 0.0178412411615277 MCO 111
83.14353167 12.38379187 3.47789816915102 ARE 112
50.24073897 36.26851168 0.948644143089923 PSE 113
55.78872592 109.4717396 8.07165040002005 SWE 114
54.51642836 65.63133024 2.21293250574507 MDA 115
-20.56123895 71.367501 8.55629171467883 ESP 116
-9.011269103 -8.150337962 11.5609948678818 NGA 117
39.28319136 53.28242238 2.03946535757311 ALB 118
49.53495551 -81.83492293 1.58504140945006 SWZ 119
71.94883662 62.66758811 3.17563066997685 GEO 120
13.21767563 37.75103322 15.9556066064823 LBY 121
178.6223084 -12.20439389 8.18331270410346 PNG 122
39.61547959 86.10546855 6.72609586102268 POL 123
28.87753491 75.93708811 3.48353146289249 AUT 124
154.9012989 24.76169766 0.399659731380366 HKG 125
59.17615475 99.65273443 2.55807563965359 EST 126
44.42447585 98.08261222 6.844687013751 NOR 127
37.88549436 56.27404932 1.41365240686637 MNE 128
68.97845935 38.65231402 7.96357144589207 IRQ 129
-58.66131811 -0.1191532587 2.28621426272612 GNB 130
-44.35081932 17.99749371 13.3954766602431 MLI 131
92.93496923 76.21550427 19.8558747034289 KAZ 132
