35.43126635 64.73569693 2.86153708662382 HRV 0
100.1843681 50.00394865 8.04565997106054 UZB 1
47.82579027 57.42613486 4.00533281260229 BGR 2
-54.35746667 45.41668217 6.20375128680994 ESH 3
-13.61270879 -31.40688747 2.0145913662075 GNQ 4
41.10492581 60.03710426 3.57555565873135 SRB 5
-31.96271885 1.06924395 6.28447431676986 BFA 6
-22.70841004 -8.965261166 2.8663607233292 TGO 7
84.54218555 50.30249008 8.40365261444844 TKM 8
53.79253053 99.07813254 3.05627282978195 LVA 9
22.12071531 90.11311974 7.18815170616407 DEU 10
140.9821075 -0.4491051144 8.6163479466603 THA 11
77.0823405 58.86915156 3.53974900745579 AZE 12
151.9887669 60.80970226 37.4761842623267 CHN 13
-17.17867688 -39.90573174 6.22317222839771 GAB 14
115.2213686 12.25158224 11.2960420397859 PAK 15
40.2055892 -36.21805178 1.95211226506446 RWA 16
55.9988118 39.13970664 5.17619883580326 SYR 17
30.40278248 -65.22543405 10.4351648835984 ZMB 18
15.65458891 103.736442 2.49702176853654 DNK 19
126.6076542 28.14514299 4.6146569438746 NPL 20
2.127408451 55.39905816 4.86540165635823 TUN 21
129.9329501 8.681418401 4.62075057729016 BGD 22
111.0971581 57.82140579 5.37867706444707 KGZ 23
37.6297937 27.11299173 12.0432871106115 EGY 24
-18.78981483 45.06095803 18.5635486520622 DZA 25
-18.75747639 14.52747141 13.5394803534781 NER 26
114.3148055 34.03643245 9.71435839359004 AFG 27
76.38119565 -7.374749441 8.74012158724188 YEM 28
-36.48084237 62.18046891 3.65022376379412 PRT 29
19.61497763 -39.99106752 18.4192527892857 COD 30
71.83070412 30.01288532 1.60561258347165 KWT 31
-28.3210162 59.95813094 0.0309019361618552 GIB 32
154.428771 2.157973607 5.11793658618622 KHM 33
161.0099761 -31.34441189 16.6001527149543 IDN 34
111.9840308 47.93219584 4.55023008987229 TJK 35
-50.83881925 -8.285985438 3.22176459080536 SLE 36
61.49269308 54.69625738 10.6475684214141 TUR 37
57.94138123 92.09867179 5.48059000253556 BLR 38
38.6123822 71.20817635 3.66876830301888 HUN 39
42.8197034 54.60176199 1.92881888412026 MKD 40
148.9369227 -4.987500738 0.913290329389294 BRN 41
27.92997094 -98.64145218 13.2916264782792 ZAF 42
6.677596391 9.964921136 13.6300123278271 TCD 43
15.17903181 73.46301001 0.0940692023773423 SMR 44
5.870254604 81.9501307 8.93435490017403 FRA 45
58.10776377 -73.62434807 10.7693580040799 MOZ 46
61.43741466 -22.9143038 12.6402971324028 ETH 47
61.93551738 -6.923891097 4.12493971374129 ERI 48
-12.51051578 74.96157113 0.26026206750103 AND 49
35.15107075 59.38344449 2.72199110188165 BIH 50
-2.285208868 -61.00036985 13.4305777709087 AGO 51
68.13666212 101.1711837 6.99752038094684 FIN 52
33.6531575 0.2394989549 16.5193284167654 SDN 53
130.7207334 22.93849882 2.35692182129622 BTN 54
140.842038 17.15565086 9.89401628114117 MMR 55
172.3096138 106.4951019 15.0434463595062 MNG 56
188.5400502 75.16628559 3.80775725535015 KOR 57
10.2692771 -15.06619534 9.4940652355111 CAF 58
48.54229169 34.36652237 1.73354077986679 ISR 59
153.1121514 24.53708979 0.0690988298942671 MAC 60
163.7909275 8.752918381 6.92256250783306 VNM 61
-43.11143215 52.96685142 8.03801277866019 MAR 62
47.50196881 37.04831276 1.22975211699724 LBN 63
63.11779332 13.91922507 17.6360628271891 SAU 64
91.01804348 28.56633387 15.4425151192161 IRN 65
66.62626453 -10.1649905 1.83213129271964 DJI 66
48.53748374 88.80412369 3.07376160099153 LTU 67
117.8481502 137.4662923 49.7381300489935 RUS 68
36.92193494 -81.00860598 7.51912118484129 ZWE 69
-66.30793919 28.53375887 12.2118050130644 MRT 70
14.75654654 -75.56668845 9.17645989281517 BWA 71
80.37604595 8.787102889 1.29473826876258 QAT 72
-64.96964607 6.249109703 1.24359978007901 GMB 73
118.8533649 -19.12318504 21.8098428056628 IND 74
-2.945616071 -26.03339792 8.2939706717096 CMR 75
16.09220609 60.83218143 0.00797884560802866 VAT 76
-47.58051975 -15.36663978 4.01416824764148 LBR 77
-30.3658871 -12.20265974 5.87472817240009 GHA 78
46.73260576 67.15577893 5.87298322344965 ROU 79
56.19910189 78.10401356 9.34442052885798 UKR 80
39.29182685 -39.87082336 2.0067867395466 BDI 81
64.7519552 -43.38546018 9.16357826217028 KEN 82
-50.75686928 0.5787588646 5.96423912772404 GIN 83
45.4602955 -67.21063033 4.14041357285341 MWI 84
31.11161894 71.52903623 1.71266622585477 SVN 85
46.05613369 -81.4466383 2.09570421280931 LSO 86
-41.34577559 -7.149749653 6.83051632437131 CIV 87
82.5816362 -23.68432549 9.6052178867038 SOM 88
40.41796849 -23.53475317 9.46935030610461 SSD 89
176.699892 -24.33654849 1.4670014112088 TLS 90
24.03546489 76.88720344 0.152226672151039 LIE 91
8.364559806 92.70051576 2.10166488875861 BEL 92
-4.587067411 -40.57421775 7.0343966360127 COG 93
46.99333624 -52.22892927 11.6936372637543 TZA 94
30.85341745 82.15943505 3.37797411741702 CZE 95
146.6559343 -14.09137653 6.91828490567031 MYS 96
38.43730454 77.2528235 2.66364412770967 SVK 97
48.72828331 -35.57432393 5.91176465004349 UGA 98
183.7412646 84.4989733 4.17614638919781 PRK 99
10.39415171 91.0868225 0.611671022871304 LUX 100
-22.56950715 -2.125346892 4.03668874593315 BEN 101
41.98374507 47.71652469 4.37002619506462 GRC 102
20.31147036 75.82081312 2.44401561742009 CHE 103
-58.86689455 7.630157022 5.33506810759417 SEN 104
52.70106491 31.46947185 3.59535317846853 JOR 105
9.385785159 96.9267614 2.46072048451201 NLD 106
86.53824283 3.220802724 6.69181647582559 OMN 107
22.48584288 67.14087679 6.60297080263725 ITA 108
156.597825 18.54636745 5.85335205102452 LAO 109
74.25376079 52.78739927 2.07446916999274 ARM 110
9.062824333 74.05614218 0.0178412411615277 MCO 111
83.14295328 12.38564691 3.47789816915102 ARE 112
50.24150263 36.26930128 0.948644143089923 PSE 113
55.78796132 109.4721435 8.07165040002005 SWE 114
54.51642836 65.63133024 2.21293250574507 MDA 115
-20.56123895 71.367501 8.55629171467883 ESP 116
-9.01073341 -8.149533151 11.5609948678818 NGA 117
39.28319136 53.28242238 2.03946535757311 ALB 118
49.53531332 -81.83491757 1.58504140945006 SWZ 119
71.94770803 62.66780724 3.17563066997685 GEO 120
13.21795159 37.75342804 15.9556066064823 LBY 121
178.6223084 -12.20439389 8.18331270410346 PNG 122
39.6159087 86.10574514 6.72609586102268 POL 123
28.87747672 75.93735224 3.48353146289249 AUT 124
154.9012989 24.76169766 0.399659731380366 HKG 125
59.17603661 99.65271396 2.55807563965359 EST 126
44.42463674 98.08376496 6.844687013751 NOR 127
37.88549436 56.27404932 1.41365240686637 MNE 128
68.9776221 38.65544794 7.96357144589207 IRQ 129
-58.66131811 -0.1191532587 2.28621426272612 GNB 130
-44.3499822 17.99680712 13.3954766602431 MLI 131
92.94572712 76.12848805 19.8558747034289 KAZ 132
