72.636326620 52.31476791 1.7559590738010999 UZB 0
67.013900451 31.47056642 1.4606940775591499 OMN 1
83.024183590 35.88053326 1.2774939146464099 LAO 2
84.923160750 32.09521006 0.2003270298801970 BRN 3
65.159698624 47.631584232 0.4553494053872740 ARM 4
69.364424580 50.85988434 1.8342051960368999 TKM 5
81.217409000 33.29039008 1.8810128520927600 THA 6
83.495557182 47.683481245 8.1783167482293706 CHN 7
66.103970430 48.40256517 0.7715408589477840 AZE 8
67.563046863 33.61839956 0.7584258945840220 ARE 9
73.582352000 43.98152563 2.4657319832950502 PAK 10
61.613648669 41.208320373 0.2003270298801970 PSE 11
90.616460687 25.201054473 0.3167448456590160 TLS 12
62.402538413 42.295457237 1.1302658617937900 SYR 13
76.287046567 42.740274427 0.5172421670141329 BTN 14
79.973878700 37.42773162 2.1591375775886799 MMR 15
83.497166002 59.1396413 3.2825526233126601 MNG 16
92.581079074 43.925102736 0.8300084986275750 KOR 17
76.494869340 41.2388355 1.0082906056700200 NPL 18
62.179018454 40.405237904 0.7844365853758960 JOR 19
64.710103450 48.8337319 0.6939531877637400 GEO 20
75.545701320 52.64256226 1.1738092756440499 KGZ 21
84.325966810 39.59666869 0.0000000000000000 MAC 22
85.795273000 35.84997457 1.5102231261810199 VNM 23
77.771340260 39.67799091 1.0082906056700200 BGD 24
61.130815573 40.900971631 0.3747775555608620 ISR 25
72.557965660 48.45166687 2.1200620077888299 AFG 26
61.221533987 41.54145821 0.2712440807055630 LBN 27
63.203841761 35.147382135 3.8490255339257899 SAU 28
67.821040390 44.66059705 3.3700222623709601 IRN 29
64.292104472 29.504455399 1.9074948615893199 YEM 30
83.659161560 30.94383187 1.5102231261810199 MYS 31
92.294678090 45.63988187 0.9106988107745480 PRK 32
67.320069119 35.476870677 0.2833052025664950 QAT 33
88.308129790 40.98349814 0.0817831674822937 HKG 34
66.146666574 39.0716321 0.3469765938818700 KWT 35
72.805774750 36.810717 4.7596117193948499 IND 36
84.175473890 33.77950185 1.1183679950726000 KHM 37
87.326914781 27.353930471 3.6225419915444999 IDN 38
74.793928690 50.61466262 0.9915682089827330 TJK 39
64.691897490 40.5495323 1.7387339907281600 IRQ 40
62.530439528 46.746235777 2.3232754016976900 TUR 41
74.579384773 58.047606978 4.3329645231651002 KAZ 42