-77.27584057 -1.814542338 5.4112177593872115 ECU 0
-57.02938153 4.031027439 4.162585745945858 SUR 1
-54.57947459 -9.419774906 30.011777918051362 BRA 2
-64.31997361 -34.39652244 17.148789956564176 ARG 3
-84.94735718 13.07496893 3.7134148315639344 NIC 4
-89.14447997 16.4879074 1.5585495969623204 BLZ 5
-65.49484057 -17.05673987 10.779432063945654 BOL 6
-85.8432743 15.230289 3.4493794041639858 HND 7
-57.64842021 -22.65017854 6.5591052689396285 PRY 8
-95.18405874 59.52041547 32.497256445753457 CAN 9
-56.46157803 -32.81443879 4.3758251458373021 URY 10
-88.28012309 12.86679123 1.4918012341502951 SLV 11
-102.1226721 23.65527283 14.414250154933546 MEX 12
-84.57362947 10.85958237 2.3248214720880873 CRI 13
-80.35953756 8.443695004 2.8243214135934158 PAN 14
-89.95380369 14.57065867 3.3936874521203024 GTM 15
-66.96575886 8.486525134 9.8453937208227593 VEN 16
-70.83615608 -29.43828062 8.9427291487690415 CHL 17
-75.97358984 -9.555604792 11.659176208262862 PER 18
-96.90018141 38.13227637 31.485464686567518 USA 19
-71.8786562 3.78782931 10.989172304478625 COL 20
-52.52313608 4.193222351 2.9724289122313401 GUF 21
-59.62329657 5.129280718 4.7683463885384132 GUY 22
