445.6091907 808.9198771 35.8640488511824 HRV 0
1252.001014 626.2700367 100.837393857636 UZB 1
599.9945344 716.590824 50.199402386881 BGR 2
-509.7337375 719.4870868 77.7524919214812 ESH 3
-146.2194178 -410.3667713 25.2491584018161 GNQ 4
515.1647341 749.9950448 44.8129445584643 SRB 5
-400.5669439 -2.383323926 78.7642050680383 BFA 6
-283.5991717 -116.689771 35.9245041719437 TGO 7
1054.10215 627.3269658 105.324166267766 TKM 8
673.5719113 1241.884114 38.3046994505896 LVA 9
267.0581063 1094.513648 90.0901215450396 DEU 10
1766.544035 -7.463071649 107.989906935787 THA 11
960.5469964 736.2156595 44.3641747359285 AZE 12
1900.879058 768.6935245 469.694315486147 CHN 13
-224.3503516 -478.780892 77.9958973280005 GAB 14
1429.994641 177.9955291 141.574891841739 PAK 15
519.3950524 -459.8077139 24.4660989943227 RWA 16
693.5164294 496.0139265 64.8740317846825 SYR 17
378.4266209 -822.9781622 130.785396738321 ZMB 18
287.1466716 1213.424865 31.295526836914 DNK 19
1592.013458 355.3099415 57.8361478661917 NPL 20
12.67188754 690.1268402 60.9787667963202 TUN 21
1632.136156 93.9381918 57.9125202352651 BGD 22
1387.336239 725.9141854 67.4117200492614 KGZ 23
472.6083347 339.3866134 150.940219954789 EGY 24
-240.9185423 559.6161746 232.659579643736 DZA 25
-240.0415297 173.7302411 169.692221389196 NER 26
1438.671183 433.9779993 121.751427096359 AFG 27
959.0761007 -96.34601317 109.541179471466 YEM 28
-244.0903311 888.6982181 45.7487704752816 PRT 29
243.1256594 -503.5832674 230.851099195997 COD 30
905.9178975 375.8952971 20.1233694991668 KWT 31
-182.9684711 850.5978196 0.387298334620742 GIB 32
1935.112977 27.03557108 64.1438227735141 KHM 33
2018.825144 -398.7171487 208.052060792485 IDN 34
1401.506628 602.3091971 57.0286769967532 TJK 35
-728.3334256 -61.81399502 40.3788310875884 SLE 36
773.5846866 686.746512 133.447480305924 TUR 37
727.2057547 1154.20396 68.689009310078 BLR 38
472.7969254 886.1256281 45.9811918070856 HUN 39
536.325178 684.2931919 24.1741597578903 MKD 40
1912.379647 -112.1159834 11.4463968129713 BRN 41
347.830886 -1244.790826 166.585833731443 ZAF 42
83.94703065 132.672482 170.826871422502 TCD 43
229.7537232 906.2303468 1.17898261225516 SMR 44
123.3658146 952.5611467 111.975533041821 FRA 45
730.0293358 -924.4494462 134.973886363252 MOZ 46
774.9444215 -289.6174944 158.42263095909 ETH 47
775.4530001 -87.27465329 51.6984525880611 ERI 48
8.362890632 949.9932652 3.26190128606002 AND 49
439.9524066 741.2281791 34.1150992963527 BIH 50
-32.84075252 -768.9960534 168.327329925952 AGO 51
794.0850607 1360.594076 87.7009121959401 FIN 52
421.1756066 -0.068440945 207.039078436897 SDN 53
1597.28149 171.5708321 29.5396343917795 BTN 54
1767.707852 215.0450384 124.003104799839 MMR 55
2124.396081 1428.850836 188.541639963165 MNG 56
1962.977222 1268.466284 47.7231599959601 KOR 57
133.1029956 -186.0084924 118.990461802617 CAF 58
610.795903 430.6428933 21.7267116701998 ISR 59
1936.144086 299.9527796 0.866025403784438 MAC 60
2053.877873 109.784836 86.7614545751741 VNM 61
-394.1295846 855.3040394 100.741550514175 MAR 62
595.3488906 464.3317415 15.412657136263 LBN 63
793.0281391 173.9535205 221.035268679005 SAU 64
1146.511256 355.9962403 193.543225146219 IRN 65
835.5743253 -126.5620198 22.9623605058365 DJI 66
620.7490268 1129.056939 38.5238886926021 LTU 67
1383.061422 1758.508857 623.375015540404 RUS 68
461.835803 -1022.026938 94.2382088115006 ZWE 69
-652.6422543 537.6151173 153.052278650139 MRT 70
180.8690139 -951.8482519 115.009869141739 BWA 71
1010.51046 106.8291952 16.2271377636354 QAT 72
-830.3334792 84.30508747 15.5862118553547 GMB 73
1463.364114 -220.4689907 273.345843209659 IND 74
-42.52455818 -332.9590098 103.949506973338 CMR 75
252.4615287 770.513972 0.1 VAT 76
-657.996065 -115.861672 50.3101381433205 LBR 77
-381.4401586 -155.0112925 73.6287987135468 GHA 78
585.416052 839.2663158 73.606929021662 ROU 79
705.5143793 977.2286637 117.114943538389 UKR 80
507.3393871 -507.229159 25.1513419125103 BDI 81
813.3614623 -548.9138733 114.84842184375 KEN 82
-634.8999121 7.054733017 74.750652171068 GIN 83
559.8037776 -848.3500596 51.8923886519015 MWI 84
405.6425044 873.8277434 21.4650879336656 SVN 85
538.4169368 -1265.924975 26.2657571754556 LSO 86
-524.4083527 -99.95294931 85.6078267449886 CIV 87
1042.293645 -300.5645891 120.383553694016 SOM 88
509.3519674 -299.755419 118.680706098338 SSD 89
2209.303852 -520.4653306 18.3861360812978 TLS 90
315.6541556 957.2803414 1.90787840283389 LIE 91
125.269966 1088.932705 26.3404631698077 BEL 92
-62.56692699 -516.1411666 88.1630875139931 COG 93
587.9850624 -659.1480569 146.558008993026 TZA 94
385.9131602 1029.768612 42.336627168446 CZE 95
1841.459877 -178.5283179 86.7078427825302 MYS 96
443.4015557 968.2877454 33.3838284203594 SVK 97
617.7286845 -449.6086596 74.0929821238152 UGA 98
1868.733321 1293.38976 52.3402330908069 PRK 99
156.8704863 1074.392379 7.66615940350837 LUX 100
-280.4709116 -33.7325969 50.5923907322039 BEN 101
526.1882123 598.0379498 54.7701561071355 GRC 102
283.4911816 958.2636925 30.6311932513247 CHE 103
-751.9153613 99.03471642 66.8651628278882 SEN 104
663.9176941 394.8081541 45.0610696721682 JOR 105
157.4851299 1135.148604 30.8405577122075 NLD 106
1087.958553 37.07006451 83.8694819347299 OMN 107
287.3050946 845.6895919 82.7559665522673 ITA 108
1961.842521 232.7421738 73.360888762337 LAO 109
930.6328815 661.5919378 25.9996153817705 ARM 110
220.1815179 895.5481952 0.223606797749979 MCO 111
1045.903997 152.0343278 43.5889894354066 ARE 112
630.8773541 455.882246 11.8894911581615 PSE 113
607.1495972 1361.384013 101.163135578134 SWE 114
684.3889959 832.7087692 27.7349959437531 MDA 115
-93.8553647 908.1263379 107.237213690025 ESP 116
-106.2229784 -102.9623791 144.895583093482 NGA 117
491.7231201 667.3804852 25.5609076521159 ALB 118
621.3799556 -1025.965826 19.8655480669424 SWZ 119
902.1849411 792.0375646 39.8006281357468 GEO 120
166.1451149 478.8974769 199.973873293488 LBY 121
2317.038487 -313.6220527 102.562615021264 PNG 122
508.6305145 1067.850889 84.2991103155899 POL 123
360.0754799 948.6350509 43.659592302265 AUT 124
2047.057959 318.168365 5.00899191454728 HKG 125
741.5198697 1249.970616 32.0607236350023 EST 126
711.0826296 1512.84584 85.7854299983394 NOR 127
474.9208219 705.3955773 17.717505467757 MNE 128
850.2601484 476.5587031 99.8085667665856 IRQ 129
-738.7268284 8.352089978 28.6534465640698 GNB 130
-558.9215764 230.6146967 167.887402743625 MLI 131
1164.421554 950.160719 248.856484745726 KAZ 132
