6.829015649 70.61042238 2.26411339518832 NLD 0
27.30812138 50.90385748 2.63239445055997 HRV 1
40.00753291 55.96833078 5.40218458516284 ROU 2
30.88851491 55.65595301 3.37447388377364 HUN 3
41.24917784 46.26226465 3.68447246179773 BGR 4
36.22927688 44.25258553 1.77406792736699 MKD 5
18.7106405 50.22833085 6.07369716395956 ITA 6
34.80712591 49.0706819 3.28933830160511 SRB 7
4.356836648 56.52238812 8.21821097626951 FRA 8
25.07959842 54.47320255 1.57438273414456 SVN 9
14.78632529 66.86478373 6.6119580530546 DEU 10
29.71783696 46.42090203 2.50352120525556 BIH 11
-10.05675436 49.58529346 7.87062660414133 ESP 12
32.80711139 43.04885385 1.87584153514891 ALB 13
13.07336297 75.60949099 2.29669224057169 DNK 14
5.951150812 66.49024321 1.9325905511182 BEL 15
24.24070555 64.59110822 3.10774448853476 CZE 16
-20.59388277 45.70780855 3.3574183097232 PRT 17
28.39436599 60.8854655 2.4503502520512 SVK 18
32.51166527 68.63392597 6.18717225131887 POL 19
7.651372387 64.66297575 0.563412158865285 LUX 20
22.57355324 58.56623106 3.20404849071803 AUT 21
36.56166368 38.52164219 4.01936895579319 GRC 22
16.57358556 58.229019 2.2476468974142 CHE 23
