6.791957798 70.61144956 2.26411339518832 NLD 0
27.28211143 50.88434084 2.63239445055997 HRV 1
39.95095357 56.14926531 5.40218458516284 ROU 2
30.95492803 55.6321847 3.37447388377364 HUN 3
41.29269113 46.24435585 3.68447246179773 BGR 4
36.22769637 44.17622566 1.77406792736699 MKD 5
18.61382124 50.2418822 6.07369716395956 ITA 6
34.91380627 49.06611458 3.28933830160511 SRB 7
4.43960439 56.47664835 8.21821097626951 FRA 8
25.05255048 54.45160256 1.57438273414456 SVN 9
14.87773979 66.97464955 6.6119580530546 DEU 10
29.77897602 46.40653011 2.50352120525556 BIH 11
-17.63912976 46.73657628 7.87062660414133 ESP 12
32.7456485 43.06760248 1.87584153514891 ALB 13
13.16436422 76.3748519 2.29669224057169 DNK 14
5.954903925 66.49923089 1.9325905511182 BEL 15
24.31722603 64.65734038 3.10774448853476 CZE 16
-28.78051187 45.3438971 3.3574183097232 PRT 17
28.35502274 60.83805529 2.4503502520512 SVK 18
32.65433366 68.73305167 6.18717225131887 POL 19
7.636937927 64.65587939 0.563412158865285 LUX 20
22.64800876 58.58079636 3.20404849071803 AUT 21
36.61578305 38.40229576 4.01936895579319 GRC 22
16.57219024 58.29433947 2.2476468974142 CHE 23
