4.9770235 69.22796515 2.4509577044999773 NLD 0
25.8532673 50.94150087 2.849630885800353 HRV 1
39.27719012 56.98462878 5.8479959344238495 ROU 2
29.05087397 56.03519493 3.6529498838908854 HUN 3
40.7457257 46.68257269 3.9885308688392893 BGR 4
35.6209614 44.6813521 1.9204715912759185 MKD 5
17.29843271 48.44742166 6.5749245998202985 ITA 6
32.96265254 49.83111605 3.5607885497958192 SRB 7
2.777660652 54.49763275 8.8964128529519488 FRA 8
23.29842914 54.3303301 1.7043075228846432 SVN 9
13.77819046 67.80418579 7.1576050768503672 DEU 10
28.28384137 46.41983381 2.7101224697669384 BIH 11
-15.63883083 47.93718918 8.5201443336093003 ESP 12
31.81916018 43.83239404 2.0306439919330481 ALB 13
12.48277593 78.15737164 2.4862250953761547 DNK 14
3.935655732 64.81602911 2.092076179123104 BEL 15
23.0670588 64.95656492 3.3642088395303458 CZE 16
-28.97840477 45.17099165 3.6344868110110329 PRT 17
27.73055773 61.93632452 2.6525636223661051 SVK 18
28.63765019 72.39245289 6.6977641361364446 POL 19
6.541706499 63.33635878 0.60990733702407007 LUX 20
21.61095629 58.81190174 3.4684602593695137 AUT 21
36.47273622 38.92124519 4.3510644521450539 GRC 22
15.19377403 57.19539071 2.4331323209872111 CHE 23
