16.15825874 45.0806728 4.5526776267791265 HRV 0
63.95351808 41.93777059 12.800566630480661 UZB 1
26.27088074 41.8437846 6.3724454835751505 BGR 2
-14.01124238 28.16095608 9.8701078583206741 ESH 3
10.2527829 2.169179408 3.2051952368216887 GNQ 4
21.96012976 43.3172945 5.6886742187974573 SRB 5
-2.717683924 12.68655848 9.9985374125564945 BFA 6
0.1297880187 5.848968269 4.5603519857839236 TGO 7
57.79474169 40.94003364 13.370129438428238 TKM 8
25.6690671 56.78027899 4.8625002969637778 LVA 9
8.371702204 51.10563387 11.436279335159089 DEU 10
98.48972386 11.98111591 13.708525639829128 THA 11
46.87233477 39.87134099 5.6317061854582686 AZE 12
108.7034892 33.22327156 59.624244055997465 CHN 13
11.44318729 -1.506292259 9.901006387181587 GAB 14
70.61460848 30.01948557 17.971892835527065 PAK 15
33.95326643 -2.958259468 3.1057915955951527 RWA 16
38.96254183 34.18185822 8.2352819195243896 SYR 17
31.79565352 -14.45095345 16.602245666982306 ZMB 18
10.57333257 56.49498912 3.9727373069308731 DNK 19
82.47292868 27.48166142 7.3418742401924684 NPL 20
8.603109396 36.76130624 7.7408066349161162 TUN 21
91.21394018 21.0137147 7.3515691515904384 BGD 22
75.86761922 41.68554374 8.5574228086869208 KGZ 23
29.97192862 28.44025586 19.16075246330227 EGY 24
2.88146487 29.79065825 29.534425053208992 DZA 25
9.316793346 19.53252587 21.541181336294471 NER 26
63.06202659 32.52627408 15.455449563713943 AFG 27
47.55795113 13.82610728 13.905448296150741 YEM 28
-10.38368738 39.29135545 5.8074704465109814 PRT 29
26.71258797 -1.266100006 29.304851741309538 COD 30
47.68030876 30.29796899 2.5545139778953314 KWT 31
-8.383096131 35.00030367 0.049164679376643552 GIB 32
105.3021663 8.860332604 8.1425872479937649 KHM 33
119.7715267 -4.334972317 26.410681245322071 IDN 34
71.06496151 39.20090948 7.2393717431424731 TJK 35
-14.63824508 6.79870406 5.1257960764766386 SLE 36
32.85383229 39.28037743 16.940177626341764 TUR 37
28.88816179 52.61678473 8.7195653003162121 BLR 38
21.11778079 47.3045946 5.8369746277505596 HUN 39
22.72407224 40.86760536 3.0687320534447307 MKD 40
115.1556237 2.739217578 1.453036016482347 BRN 41
21.51053565 -29.68001579 21.146848235527195 ZAF 42
19.23002613 16.5746612 21.685216825491182 TCD 43
9.383529042 47.01862009 0.14966318452911395 SMR 44
0.6662744778 45.57429798 14.214471604740707 FRA 45
38.38697087 -18.8507307 17.133943665848665 MOZ 46
39.82466788 8.568780411 20.110589591703491 ETH 47
39.56142929 17.42619947 6.5627388980373613 ERI 48
0.8726212795 42.03152074 0.41407441383512078 AND 49
19.28840463 43.86908439 4.3306613245573979 BIH 50
19.19789248 -13.17305276 21.367918388391331 AGO 51
27.82384405 66.16257447 11.132986753931805 FIN 52
31.88527941 17.39401363 26.282090574320566 SDN 53
88.05085425 27.18507129 3.749839655771483 BTN 54
97.1201087 19.60104423 15.74128351252131 MMR 55
110.1485653 52.88401616 23.933976599751627 MNG 56
128.031611 36.34344101 6.0581046968333183 KOR 57
20.61917575 7.815439327 15.104965295379047 CAF 58
34.88606266 31.38668508 2.7580464920412568 ISR 59
114.131976 19.42493693 0.10993556517815699 MAC 60
107.9516723 13.19464155 11.013729508072137 VNM 61
-7.067327995 32.18193946 12.788400021873175 MAR 62
35.49819025 32.35272513 1.9565236374913348 LBN 63
45.14596555 23.39080457 28.058804141709228 SAU 64
53.58910641 32.98816248 24.568891108590357 IRN 65
44.55642647 11.16808805 2.9149030374888021 DJI 66
23.7057888 55.49005629 4.8903247615768484 LTU 67
97.32089789 73.60372031 79.132880342658851 RUS 68
30.19617449 -20.8160741 11.962848551320587 ZWE 69
-14.07697921 21.16876076 19.428862804347926 MRT 70
22.70781027 -21.51216993 14.599658289365967 BWA 71
52.50346104 24.22188387 2.0599159718334348 QAT 72
-20.55570765 13.42993265 1.9785551345459282 GMB 73
77.76851317 18.56934478 34.699247425117875 IND 74
13.27160686 5.966872194 13.195626536088458 CMR 75
10.74008628 39.03221129 0.012694265629824517 VAT 76
-11.82282048 4.914826566 6.3865025746447772 LBR 77
-3.171653983 5.952113942 9.3466352887464552 GHA 78
25.59361073 45.60675284 9.343859091966177 ROU 79
35.12884981 48.32875522 14.866882024982077 UKR 80
33.48959948 -4.784262697 3.19277815183945 BDI 81
41.16634737 0.5444186378 14.579163740507054 KEN 82
-12.25671058 11.00273596 9.4890463466215635 GIN 83
36.97424116 -13.07450939 6.5873576571332961 MWI 84
14.7390227 47.34460401 2.7248352799749322 SVN 85
27.50791444 -30.8205316 3.3342449855370329 LSO 86
-7.900612144 6.822359458 10.867284926928818 CIV 87
51.8258037 8.322182675 15.281808080540799 SOM 88
31.52572655 7.872724183 15.065644083474325 SSD 89
128.1378604 -7.968918452 2.333984953220948 TLS 90
9.708793496 48.43627033 0.24219115234978761 LIE 91
1.601818225 50.17771699 3.3437283629014938 BEL 92
16.60866784 -1.417607652 11.191656516480931 COG 93
38.35832853 -6.932402349 18.604462963356873 TZA 94
14.14377139 50.62022392 5.3743239114709889 CZE 95
112.1549874 0.4793040514 11.006923884705028 MYS 96
19.71157942 49.79787594 4.23783185708528 SVK 97
35.38969901 0.9636696685 9.4055599638554988 UGA 98
128.271238 42.64954441 6.6442082198163428 PRK 99
4.488073952 48.35246258 0.97316263828712479 LUX 100
1.170942227 8.534455082 6.4223324680246954 BEN 101
23.31766031 37.50289482 6.9526691021093443 GRC 102
6.864082512 47.53579068 3.8884050369080385 CHE 103
-15.38988349 14.69072378 8.4880413831868076 SEN 104
37.89399435 30.10405669 5.7201718798253314 JOR 105
4.488403674 51.91361588 3.914982317706948 NLD 106
58.95485193 18.20380583 10.64661481915231 OMN 107
11.30534251 41.88162325 10.505262218673552 ITA 108
105.2450956 17.21635365 9.3126260878911555 LAO 109
44.39959273 38.80096242 3.3004602392946678 ARM 110
8.168629011 42.5590484 0.028385240872726803 MCO 111
54.97921306 23.98654635 5.5333021042866761 ARE 112
36.45440943 32.66592302 1.5092835896515178 PSE 113
14.32032573 63.82824584 12.841917149747891 SWE 114
28.64693778 45.79013521 3.5207540575210716 MDA 115
-5.333697071 40.45241876 13.612976759834263 ESP 116
7.186869745 10.29306629 18.393430203769647 NGA 117
20.84344612 39.73993872 3.2447695147537408 ALB 118
32.22824636 -27.21997375 2.521785440438141 SWZ 119
42.66314353 41.84067157 5.0523974578903728 GEO 120
16.38959652 28.125431 25.385214666124078 LBY 121
150.4584799 -5.422476837 13.019570787693549 PNG 122
20.42027937 53.44028061 10.701152987039785 POL 123
11.88827275 49.0067307 5.5422646197479413 AUT 124
115.2219134 20.28846549 0.63585473900906408 HKG 125
29.05802376 60.83097586 4.0698734210711329 EST 126
8.06212814 62.62029893 10.889830355676377 NOR 127
19.99265541 40.86576218 2.2491072070557596 MNE 128
44.32802373 33.25021361 12.669964586671146 IRQ 129
-16.66991581 11.2362865 3.6373446189428389 GNB 130
-4.527484184 19.8839417 21.312072863289 MLI 131
67.52420256 53.7806271 31.590503210666249 KAZ 132
