437.3888068 812.1581979 35.8640488511824 HRV 0
1253.959475 626.1946923 100.837393857636 UZB 1
597.6184731 716.1258697 50.199402386881 BGR 2
-507.9641147 725.6808124 77.7524919214812 ESH 3
-158.736767 -387.8546253 25.2491584018161 GNQ 4
510.4329842 744.0009919 44.8129445584643 SRB 5
-402.2844798 -1.062010593 78.7642050680383 BFA 6
-283.3690156 -116.6382808 35.9245041719437 TGO 7
1055.35723 628.181156 105.324166267766 TKM 8
680.7794271 1196.607207 38.3046994505896 LVA 9
267.0581063 1094.513648 90.0901215450396 DEU 10
2348.59927 -32.30978114 107.989906935787 THA 11
957.9236104 734.4934557 44.3641747359285 AZE 12
1921.550038 759.6381168 469.694315486147 CHN 13
-219.940882 -470.8438498 77.9958973280005 GAB 14
1429.994641 177.9955291 141.574891841739 PAK 15
530.3612389 -500.224645 24.4660989943227 RWA 16
687.4421826 503.4702546 64.8740317846825 SYR 17
380.0993481 -839.2711295 130.785396738321 ZMB 18
290.5390056 1211.876281 31.295526836914 DNK 19
1865.871691 254.0228903 57.8361478661917 NPL 20
12.67188754 690.1268402 60.9787667963202 TUN 21
2031.02392 153.85492 57.9125202352651 BGD 22
1387.336239 725.9141854 67.4117200492614 KGZ 23
470.5206284 340.9615294 150.940219954789 EGY 24
-244.7493975 565.8025334 232.659579643736 DZA 25
-243.4026178 178.1824635 169.692221389196 NER 26
1442.320219 434.7929381 121.751427096359 AFG 27
960.1093732 -97.48376863 109.541179471466 YEM 28
-245.9783621 890.5862796 45.7487704752816 PRT 29
242.221376 -505.0173147 230.851099195997 COD 30
919.779052 379.5062099 20.1233694991668 KWT 31
-131.7256732 808.5445969 0.387298334620742 GIB 32
2503.798299 37.80509695 64.1438227735141 KHM 33
2675.244015 -392.7532024 208.052060792485 IDN 34
1404.229559 602.762761 57.0286769967532 TJK 35
-728.3902744 -61.8493357 40.3788310875884 SLE 36
772.3358251 688.2810344 133.447480305924 TUR 37
765.2517651 1137.539254 68.689009310078 BLR 38
469.0527237 887.6300226 45.9811918070856 HUN 39
534.7481808 681.7493615 24.1741597578903 MKD 40
2566.925057 -94.46496713 11.4463968129713 BRN 41
536.1645402 -1258.863102 166.585833731443 ZAF 42
81.8503414 135.4341266 170.826871422502 TCD 43
256.1717377 923.5565797 1.17898261225516 SMR 44
123.3658146 952.5611467 111.975533041821 FRA 45
725.3501756 -931.7939757 134.973886363252 MOZ 46
776.7002501 -290.585526 158.42263095909 ETH 47
774.358417 -88.16491823 51.6984525880611 ERI 48
8.362890632 947.3105259 3.26190128606002 AND 49
434.0901324 744.044119 34.1150992963527 BIH 50
43.78632849 -834.4269837 168.327329925952 AGO 51
825.3900972 1370.058333 87.7009121959401 FIN 52
419.6481067 -0.247496672 207.039078436897 SDN 53
1933.862789 204.0577248 29.5396343917795 BTN 54
2212.874951 153.0878548 124.003104799839 MMR 55
2124.434877 1428.8893 188.541639963165 MNG 56
1961.56059 1268.482002 47.7231599959601 KOR 57
133.3024007 -186.0045179 118.990461802617 CAF 58
607.6062961 438.5211087 21.7267116701998 ISR 59
2181.758221 367.7696741 0.866025403784438 MAC 60
2561.597712 171.9871076 86.7614545751741 VNM 61
-383.8765634 855.3040394 100.741550514175 MAR 62
615.9896377 473.6439974 15.412657136263 LBN 63
793.4540871 173.9433078 221.035268679005 SAU 64
1148.996224 355.8988897 193.543225146219 IRN 65
835.6613288 -125.9615999 22.9623605058365 DJI 66
643.506351 1129.640435 38.5238886926021 LTU 67
1387.517228 1761.586499 623.375015540404 RUS 68
517.8413125 -1007.948912 94.2382088115006 ZWE 69
-624.7878061 529.0323796 153.052278650139 MRT 70
325.1033175 -1072.292287 115.009869141739 BWA 71
1011.742478 106.0015716 16.2271377636354 QAT 72
-830.4636587 83.55468537 15.5862118553547 GMB 73
1771.481179 -52.02790202 273.345843209659 IND 74
-41.53690117 -333.7752098 103.949506973338 CMR 75
253.6693228 769.9675242 0.1 VAT 76
-657.996065 -115.861672 50.3101381433205 LBR 77
-381.5002995 -155.4906525 73.6287987135468 GHA 78
581.2909145 834.2852262 73.606929021662 ROU 79
707.0094638 968.2792272 117.114943538389 UKR 80
489.4774792 -528.2715479 25.1513419125103 BDI 81
814.7307895 -551.0888028 114.84842184375 KEN 82
-638.8419648 3.595850356 74.750652171068 GIN 83
562.393866 -851.8017322 51.8923886519015 MWI 84
402.9513118 873.443283 21.4650879336656 SVN 85
726.4597835 -1279.956103 26.2657571754556 LSO 86
-525.1144855 -101.0120511 85.6078267449886 CIV 87
1045.051722 -302.0625196 120.383553694016 SOM 88
509.9381169 -300.7716529 118.680706098338 SSD 89
2864.616108 -516.2537828 18.3861360812978 TLS 90
316.4928397 961.9354928 1.90787840283389 LIE 91
125.5077666 1088.932705 26.3404631698077 BEL 92
-64.86553492 -517.3828055 88.1630875139931 COG 93
587.9785864 -661.3410297 146.558008993026 TZA 94
385.9131602 1029.768612 42.336627168446 CZE 95
2494.5193 -160.2940156 86.7078427825302 MYS 96
445.4308831 967.9689588 33.3838284203594 SVK 97
619.055409 -451.0492671 74.0929821238152 UGA 98
1904.977828 1350.544545 52.3402330908069 PRK 99
155.9132719 1074.392379 7.66615940350837 LUX 100
-281.7888667 -32.88261671 50.5923907322039 BEN 101
548.4866132 606.8804181 54.7701561071355 GRC 102
284.3318188 957.6738488 30.6311932513247 CHE 103
-752.3530352 98.77591975 66.8651628278882 SEN 104
663.7604147 396.004398 45.0610696721682 JOR 105
157.4851299 1135.148604 30.8405577122075 NLD 106
1097.341467 36.06995085 83.8694819347299 OMN 107
287.3050946 845.6895919 82.7559665522673 ITA 108
2409.735734 138.2886993 73.360888762337 LAO 109
930.2108472 663.5199484 25.9996153817705 ARM 110
226.5768426 908.6025775 0.223606797749979 MCO 111
1047.418512 151.2593305 43.5889894354066 ARE 112
639.2794392 446.7292818 11.8894911581615 PSE 113
648.5357125 1327.050678 101.163135578134 SWE 114
680.3170872 830.0860661 27.7349959437531 MDA 115
-94.52201356 909.5424146 107.237213690025 ESP 116
-107.0458747 -103.1640881 144.895583093482 NGA 117
488.6755277 668.4835247 25.5609076521159 ALB 118
666.7926888 -1069.603249 19.8655480669424 SWZ 119
902.0908726 793.2908308 39.8006281357468 GEO 120
163.7656516 483.1434394 199.973873293488 LBY 121
2982.778966 -404.1113563 102.562615021264 PNG 122
507.0094818 1067.850889 84.2991103155899 POL 123
360.0754799 948.6350509 43.659592302265 AUT 124
2198.505225 374.2596431 5.00899191454728 HKG 125
739.0579748 1236.057123 32.0607236350023 EST 126
707.4057094 1497.264049 85.7854299983394 NOR 127
462.9645976 703.2963977 17.717505467757 MNE 128
850.7704887 477.6809652 99.8085667665856 IRQ 129
-741.642593 6.344616507 28.6534465640698 GNB 130
-565.1390817 225.6524056 167.887402743625 MLI 131
1165.257748 951.2134309 248.856484745726 KAZ 132
