72.63821346 52.3174419 1.7559590738011 UZB 0
69.4241864 30.35013452 1.46069407755915 OMN 1
83.02439647 35.86706166 1.27749391464641 LAO 2
84.91173955 32.11804865 0.200327029880197 BRN 3
65.17212666 47.6052357 0.455349405387274 ARM 4
69.31951033 50.94971665 1.8342051960369 TKM 5
81.217409 33.29039008 1.88101285209276 THA 6
83.49085277 47.68504555 8.17831674822937 CHN 7
66.10493241 48.40188331 0.771540858947784 AZE 8
69.27625029 32.56045049 0.758425894584022 ARE 9
73.58783615 43.98518378 2.46573198329505 PAK 10
61.49903609 40.74201178 0.200327029880197 PSE 11
87.29340623 21.92936979 0.316744845659016 TLS 12
62.1846291 41.88348437 1.13026586179379 SYR 13
76.34207739 42.75403404 0.517242167014133 BTN 14
79.97224351 37.4295866 2.15913757758868 MMR 15
81.77611193 59.04980518 3.28255262331266 MNG 16
92.59293515 43.93302205 0.830008498627575 KOR 17
76.49486934 41.2388355 1.00829060567002 NPL 18
62.13213201 39.9786899 0.784436585375896 JOR 19
64.71010345 48.8337319 0.69395318776374 GEO 20
75.54570132 52.64256226 1.17380927564405 KGZ 21
84.32596681 39.59666869 0 MAC 22
85.79307819 35.89072003 1.51022312618102 VNM 23
77.76785662 39.67712968 1.00829060567002 BGD 24
61.04575731 40.3762524 0.374777555560862 ISR 25
72.55796566 48.45166687 2.12006200778883 AFG 26
61.09450657 41.01725461 0.271244080705563 LBN 27
64.62648733 34.16931283 3.84902553392579 SAU 28
67.82938058 44.6624413 3.37002226237096 IRN 29
66.13899778 28.62448676 1.90749486158932 YEM 30
83.67971515 30.93355508 1.51022312618102 MYS 31
93.25122938 45.54285262 0.910698810774548 PRK 32
68.95742534 33.55055158 0.283305202566495 QAT 33
84.72763205 39.51810126 0.0817831674822937 HKG 34
66.16335206 39.0716321 0.34697659388187 KWT 35
72.81199069 36.80136325 4.75961171939485 IND 36
84.21341487 33.79092305 1.1183679950726 KHM 37
85.09794674 25.96690355 3.6225419915445 IDN 38
74.79392869 50.61466262 0.991568208982733 TJK 39
64.71445027 40.57214283 1.73873399072816 IRQ 40
62.5572535 46.72021751 2.32327540169769 TUR 41
74.17602721 58.19525019 4.3329645231651 KAZ 42
