1.216421778 12.52777314 0.401857389756773 NLD 0
4.848741061 9.035405694 0.467223578536471 HRV 1
7.237949278 9.828037985 0.958833511162213 ROU 2
5.482838483 9.880304505 0.598935225425353 HUN 3
7.321003017 8.206800764 0.65395685979129 BGR 4
6.429572478 7.850631674 0.314879240614894 MKD 5
3.321012486 8.913064672 1.07802025007625 ITA 6
6.187624899 8.707589466 0.583824514584466 SRB 7
0.7735025369 10.02651757 1.45864991497894 FRA 8
4.510459837 9.700672955 0.279437124203243 SVN 9
2.627648018 11.86066305 1.17355615227955 DEU 10
5.28113309 8.242421746 0.444349871734693 BIH 11
-1.784972902 8.800891617 1.39695717962367 ESP 12
5.822932799 7.64073923 0.332943033910888 ALB 13
2.94073146 13.4092785 0.407639807631635 DNK 14
1.056269503 11.80135043 0.34301541433015 BEL 15
4.301779491 11.46400186 0.551593436462886 CZE 16
-3.764360882 8.831271537 0.595908032315997 PRT 17
5.039714806 10.80655867 0.434912561522673 SVK 18
5.771143025 12.18020082 1.09816093848238 POL 19
1.39564001 11.51999851 0.1 LUX 20
4.004785234 10.39447055 0.568686429694915 AUT 21
6.494073786 6.833833987 0.713397624198992 GRC 22
2.940891571 10.33439749 0.398934751770529 CHE 23
