444.489703051 810.783745645 35.8640488511823960 HRV 0
1253.481533712 626.320158391 100.8373938576358455 UZB 1
599.325076072 718.425444682 50.1994023868810046 BGR 2
-663.810991639 534.42434443 77.7524919214811803 ESH 3
-144.002238539 -397.720436094 25.2491584018160609 GNQ 4
515.701613133 752.538559082 44.8129445584643307 SRB 5
-400.783178181 14.28671254 78.7642050680382795 BFA 6
-284.614478279 -112.379242756 35.9245041719436671 TGO 7
1057.541280597 630.048867212 105.3241662677658610 TKM 8
674.259848892 1241.797752175 38.3046994505896450 LVA 9
277.242052256 1129.400469277 90.0901215450395512 DEU 10
1767.342721334 -3.887246897 107.9899069357872605 THA 11
965.410267025 738.511664278 44.3641747359284793 AZE 12
1900.850947001 764.83242925 469.6943154861467065 CHN 13
-217.848909990 -468.485311341 77.9958973280004813 GAB 14
1444.175767533 153.533483186 141.5748918417387756 PAK 15
516.179875018 -458.030818779 24.4660989943226888 RWA 16
701.841025018 490.543476623 64.8740317846825434 SYR 17
380.437596755 -817.583597612 130.7853967383211966 ZMB 18
300.816791792 1249.521789032 31.2955268369139574 DNK 19
1587.826432843 352.820196968 57.8361478661917232 NPL 20
26.663110875 694.324227859 60.9787667963201656 TUN 21
1628.447038369 108.81768388 57.9125202352651129 BGD 22
1391.639414457 722.31159846 67.4117200492614046 KGZ 23
471.318354276 339.99096013 150.9402199547892280 EGY 24
-235.430958598 564.929656424 232.6595796437363219 DZA 25
-234.893745295 182.482072787 169.6922213891955380 NER 26
1432.639404439 424.053940158 121.7514270963587819 AFG 27
957.260039386 -92.261604055 109.5411794714662932 YEM 28
-457.219554835 779.316607498 45.7487704752816171 PRT 29
246.192052397 -501.061399782 230.8510991959970795 COD 30
900.105242389 375.907180856 20.1233694991668095 KWT 31
-294.817419745 793.428868367 0.3872983346207418 GIB 32
1935.481180944 27.045122252 64.1438227735141311 KHM 33
2016.801728035 -391.174811411 208.0520607924849230 IDN 34
1401.118040027 598.285110467 57.0286769967531555 TJK 35
-636.692325001 -103.795854587 40.3788310875884235 SLE 36
770.720553461 685.296037374 133.4474803059236478 TUR 37
726.151238742 1154.243217306 68.6890093100780490 BLR 38
484.032738159 892.856886694 45.9811918070855512 HUN 39
537.518543871 684.079281658 24.1741597578902763 MKD 40
1894.247483468 -93.263392973 11.4463968129713116 BRN 41
350.199776417 -1235.852105232 166.5858337314434152 ZAF 42
83.667948209 125.18152933 170.8268714225023928 TCD 43
245.695709272 917.209167594 1.1789826122551588 SMR 44
73.882786202 1027.381718071 111.9755330418211798 FRA 45
728.192966806 -922.721488757 134.9738863632516654 MOZ 46
769.685104048 -287.048526631 158.4226309590899291 ETH 47
776.246595343 -86.778105971 51.6984525880610732 ERI 48
-156.789659113 939.48502932 3.2619012860600161 AND 49
441.189629043 743.618134687 34.1150992963526534 BIH 50
-28.640845810 -764.526259145 168.3273299259515738 AGO 51
853.914098820 1267.977798671 87.7009121959401199 FIN 52
421.557673408 3.378235359 207.0390784368973982 SDN 53
1639.468340738 287.764914475 29.5396343917794724 BTN 54
1766.912704241 216.629136082 124.0031047998394911 MMR 55
2160.104612459 1334.395020664 188.5416399631650108 MNG 56
2362.518393768 939.542434492 47.7231599959600601 KOR 57
128.706301694 -188.826756152 118.9904618026166503 CAF 58
608.169063344 430.594812305 21.7267116701998333 ISR 59
1918.976239444 307.526815224 0.8660254037844380 MAC 60
2052.807033077 109.721797602 86.7614545751740991 VNM 61
-540.339930336 663.881227714 100.7415505141745484 MAR 62
595.348890599 464.331741458 15.4126571362630482 LBN 63
790.815348858 174.395487061 221.0352686790045027 SAU 64
1140.242897023 358.259254086 193.5432251462187878 IRN 65
834.989165136 -127.467653714 22.9623605058364610 DJI 66
608.253824102 1112.975390207 38.5238886926020712 LTU 67
1477.827925149 1723.160441426 623.3750155404039788 RUS 68
465.877063807 -1013.95603545 94.2382088115005558 ZWE 69
-822.831065674 373.989292258 153.0522786501389589 MRT 70
184.945883965 -947.087989445 115.0098691417392303 BWA 71
1007.080040365 110.378317988 16.2271377636353584 QAT 72
-814.258967295 78.325035199 15.5862118553546889 GMB 73
1489.606024967 -239.673581611 273.3458432096591650 IND 74
-36.925279304 -326.191649501 103.9495069733376909 CMR 75
241.141628185 769.274958318 0.1000000000000000 VAT 76
-595.960748910 -192.10051332 50.3101381433205077 LBR 77
-380.532739591 -152.920271546 73.6287987135467858 GHA 78
585.843358505 840.706304462 73.6069290216619834 ROU 79
703.122603019 979.114305726 117.1149435383887862 UKR 80
501.660646784 -503.783036007 25.1513419125103006 BDI 81
811.436617533 -543.423752132 114.8484218437500459 KEN 82
-636.184529739 7.297326763 74.7506521710680119 GIN 83
559.575432865 -850.508107171 51.8923886519015483 MWI 84
389.925869335 896.486743872 21.4650879336656288 SVN 85
537.304937573 -1256.160580132 26.2657571754555796 LSO 86
-517.829805460 -89.208542434 85.6078267449886283 CIV 87
1034.524020078 -296.699437901 120.3835536940157454 SOM 88
506.333857988 -294.395855791 118.6807060983375806 SSD 89
2208.303141840 -517.471796581 18.3861360812977708 TLS 90
301.239879436 963.6381905 1.9078784028338875 LIE 91
105.037118271 1161.805146307 26.3404631698077161 BEL 92
-57.033968929 -508.509018136 88.1630875139930765 COG 93
589.069017487 -654.298617051 146.5580089930259362 TZA 94
386.739289064 1029.735344137 42.3366271684459718 CZE 95
1839.302653661 -174.390383065 86.7078427825302498 MYS 96
481.742885729 968.261116022 33.3838284203594071 SVK 97
610.697504799 -445.680931515 74.0929821238152044 UGA 98
2300.035769778 1059.581076427 52.3402330908069047 PRK 99
131.322222018 1140.553258288 7.6661594035083738 LUX 100
-282.866823833 -26.637273064 50.5923907322038957 BEN 101
526.188212337 598.037949775 54.7701561071354703 GRC 102
254.566529519 950.272969861 30.6311932513246710 CHE 103
-737.807859833 95.573337242 66.8651628278881986 SEN 104
660.387164115 394.45355514 45.0610696721682373 JOR 105
162.811289776 1170.669606202 30.8405577122074668 NLD 106
1084.593052946 40.344966981 83.8694819347299330 OMN 107
281.818247710 841.486100727 82.7559665522673384 ITA 108
1962.679457570 232.439853722 73.3608887623370407 LAO 109
930.632881470 661.591937772 25.9996153817705071 ARM 110
113.534275746 928.221549813 0.2236067977499787 MCO 111
1041.733896522 155.46866125 43.5889894354066456 ARE 112
629.674284203 454.558384279 11.8894911581614782 PSE 113
699.181535783 1372.035451969 101.1631355781343444 SWE 114
683.262103795 822.566740406 27.7349959437530842 MDA 115
-257.696914568 894.434504384 107.2372136900245039 ESP 116
-112.966763888 -102.212313117 144.8955830934819176 NGA 117
493.164364158 667.705105942 25.5609076521158869 ALB 118
616.713445839 -1029.735794233 19.8655480669424485 SWZ 119
900.992561225 786.119771598 39.8006281357467628 GEO 120
165.465811580 473.082073327 199.9738732934884240 LBY 121
2319.921788107 -327.233975906 102.5626150212639374 PNG 122
496.504311478 1079.144576546 84.2991103155898998 POL 123
361.930706253 951.727254424 43.6595923022649970 AUT 124
1941.389815140 310.333105394 5.0089919145472752 HKG 125
741.677251412 1248.956789811 32.0607236350023328 EST 126
556.708286162 1229.187542134 85.7854299983393531 NOR 127
474.824256806 705.290615767 17.7175054677570358 MNE 128
863.590632468 483.928881029 99.8085667665856278 IRQ 129
-739.304098867 4.646887001 28.6534465640697746 GNB 130
-555.875700181 225.581977071 167.8874027436248468 MLI 131
1164.786969389 955.446134129 248.8564847457263340 KAZ 132
