438.1172142 811.9790122 35.8640488511824 HRV 0
1253.750144 626.1676536 100.837393857636 UZB 1
598.1241404 716.1862733 50.199402386881 BGR 2
-509.7337375 719.4870868 77.7524919214812 ESH 3
-146.2194178 -410.3667713 25.2491584018161 GNQ 4
510.9863872 743.9767593 44.8129445584643 SRB 5
-401.9726257 -1.008054691 78.7642050680383 BFA 6
-283.4588517 -116.6103073 35.9245041719437 TGO 7
1055.283525 628.0563578 105.324166267766 TKM 8
680.8714714 1196.55604 38.3046994505896 LVA 9
267.0581063 1094.513648 90.0901215450396 DEU 10
1766.356472 -7.038628645 107.989906935787 THA 11
958.0466937 734.3920702 44.3641747359285 AZE 12
1902.951844 771.0253863 469.694315486147 CHN 13
-224.3503516 -478.780892 77.9958973280005 GAB 14
1429.994641 177.9955291 141.574891841739 PAK 15
519.3950524 -459.8077139 24.4660989943227 RWA 16
692.8710571 496.5330141 64.8740317846825 SYR 17
377.4589594 -825.7831079 130.785396738321 ZMB 18
287.1466716 1213.424865 31.295526836914 DNK 19
1594.18004 353.6368048 57.8361478661917 NPL 20
12.67188754 690.1268402 60.9787667963202 TUN 21
1632.136156 93.9381918 57.9125202352651 BGD 22
1387.336239 725.9141854 67.4117200492614 KGZ 23
470.8090493 340.9379743 150.940219954789 EGY 24
-244.0417124 564.3046627 232.659579643736 DZA 25
-242.6331353 177.1417397 169.692221389196 NER 26
1440.960741 434.8036598 121.751427096359 AFG 27
959.7990556 -97.02879139 109.541179471466 YEM 28
-244.0903311 888.6982181 45.7487704752816 PRT 29
242.8841818 -504.6559534 230.851099195997 COD 30
906.5781942 376.4244988 20.1233694991668 KWT 31
-182.9684711 850.5978196 0.387298334620742 GIB 32
1934.906852 27.0323918 64.1438227735141 KHM 33
2021.160767 -397.7946213 208.052060792485 IDN 34
1403.829875 602.7296994 57.0286769967532 TJK 35
-728.3334256 -61.81399502 40.3788310875884 SLE 36
772.6304926 687.7082086 133.447480305924 TUR 37
765.1113541 1137.416872 68.689009310078 BLR 38
472.7969254 886.1256281 45.9811918070856 HUN 39
534.7581488 681.750141 24.1741597578903 MKD 40
1912.379647 -112.1159834 11.4463968129713 BRN 41
346.0038346 -1246.509831 166.585833731443 ZAF 42
82.09773427 134.1472826 170.826871422502 TCD 43
229.7537232 906.2303468 1.17898261225516 SMR 44
123.3658146 952.5611467 111.975533041821 FRA 45
730.3071116 -924.4239032 134.973886363252 MOZ 46
776.123673 -290.0513847 158.42263095909 ETH 47
774.5388802 -87.87655245 51.6984525880611 ERI 48
8.362890632 949.9932652 3.26190128606002 AND 49
435.0191429 744.6897548 34.1150992963527 BIH 50
-33.55742456 -771.2863749 168.327329925952 AGO 51
821.2454959 1369.907368 87.7009121959401 FIN 52
419.9576857 0.07248127809 207.039078436897 SDN 53
1597.28149 171.5708321 29.5396343917795 BTN 54
1767.04321 216.3199996 124.003104799839 MMR 55
2124.396081 1428.850836 188.541639963165 MNG 56
1962.977222 1268.466284 47.7231599959601 KOR 57
133.1600208 -185.9476093 118.990461802617 CAF 58
610.5298614 430.7528826 21.7267116701998 ISR 59
1936.144086 299.9527796 0.866025403784438 MAC 60
2055.343096 109.7912417 86.7614545751741 VNM 61
-394.1295846 855.3040394 100.741550514175 MAR 62
595.3488906 464.3317415 15.412657136263 LBN 63
793.2684498 173.8800832 221.035268679005 SAU 64
1148.091074 355.9444291 193.543225146219 IRN 65
835.6443152 -126.0025521 22.9623605058365 DJI 66
620.7490268 1129.056939 38.5238886926021 LTU 67
1382.181847 1761.514085 623.375015540404 RUS 68
464.1449243 -1024.643571 94.2382088115006 ZWE 69
-631.1274879 526.0378111 153.052278650139 MRT 70
182.5797847 -959.7084175 115.009869141739 BWA 71
1011.296114 106.2038401 16.2271377636354 QAT 72
-830.3334792 84.30508747 15.5862118553547 GMB 73
1463.364114 -220.4689907 273.345843209659 IND 74
-41.72604477 -333.7679936 103.949506973338 CMR 75
252.4615287 770.513972 0.1 VAT 76
-657.996065 -115.861672 50.3101381433205 LBR 77
-381.3899149 -155.551369 73.6287987135468 GHA 78
581.4356029 834.4333309 73.606929021662 ROU 79
706.9577244 968.2839794 117.114943538389 UKR 80
507.3393871 -507.229159 25.1513419125103 BDI 81
814.5251394 -550.1125294 114.84842184375 KEN 82
-638.7959492 3.563100079 74.750652171068 GIN 83
559.5522246 -849.4716525 51.8923886519015 MWI 84
405.6425044 873.8277434 21.4650879336656 SVN 85
538.4169368 -1265.924975 26.2657571754556 LSO 86
-524.8366904 -100.8544606 85.6078267449886 CIV 87
1044.169568 -301.4822681 120.383553694016 SOM 88
509.7514722 -300.1137183 118.680706098338 SSD 89
2209.303852 -520.4653306 18.3861360812978 TLS 90
315.6541556 957.2803414 1.90787840283389 LIE 91
125.269966 1088.932705 26.3404631698077 BEL 92
-64.29009692 -517.275163 88.1630875139931 COG 93
586.8728313 -660.3610925 146.558008993026 TZA 94
385.9131602 1029.768612 42.336627168446 CZE 95
1840.822653 -178.971155 86.7078427825302 MYS 96
443.4015557 968.2877454 33.3838284203594 SVK 97
618.3941143 -450.3968718 74.0929821238152 UGA 98
1868.733321 1293.38976 52.3402330908069 PRK 99
156.8704863 1074.392379 7.66615940350837 LUX 100
-281.6715777 -32.9406689 50.5923907322039 BEN 101
526.1882123 598.0379498 54.7701561071355 GRC 102
283.4911816 958.2636925 30.6311932513247 CHE 103
-751.5902235 98.87521491 66.8651628278882 SEN 104
663.8099728 394.851636 45.0610696721682 JOR 105
157.4851299 1135.148604 30.8405577122075 NLD 106
1090.040358 35.85248507 83.8694819347299 OMN 107
287.3050946 845.6895919 82.7559665522673 ITA 108
1960.951798 231.9925049 73.360888762337 LAO 109
930.2108472 663.5199484 25.9996153817705 ARM 110
220.1815179 895.5481952 0.223606797749979 MCO 111
1047.120213 151.2507323 43.5889894354066 ARE 112
630.9600787 455.9516001 11.8894911581615 PSE 113
643.8680959 1329.822848 101.163135578134 SWE 114
683.0790501 830.7765568 27.7349959437531 MDA 115
-93.8553647 908.1263379 107.237213690025 ESP 116
-107.2623232 -103.3224423 144.895583093482 NGA 117
488.6755277 668.4835247 25.5609076521159 ALB 118
621.3630563 -1025.997367 19.8655480669424 SWZ 119
901.7950885 793.3108066 39.8006281357468 GEO 120
163.7851663 481.3634513 199.973873293488 LBY 121
2317.038487 -313.6220527 102.562615021264 PNG 122
508.6305145 1067.850889 84.2991103155899 POL 123
360.0754799 948.6350509 43.659592302265 AUT 124
2047.057959 318.168365 5.00899191454728 HKG 125
735.874752 1240.35772 32.0607236350023 EST 126
705.882923 1499.419219 85.7854299983394 NOR 127
463.2830413 703.5555758 17.717505467757 MNE 128
850.3178702 477.2020295 99.8085667665856 IRQ 129
-738.7515748 7.865849437 28.6534465640698 GNB 130
-563.8653066 224.7232856 167.887402743625 MLI 131
1165.082473 950.9570491 248.856484745726 KAZ 132
