1.214438438 12.52897997 0.401857389756773 NLD 0
4.851292614 9.036323445 0.467223578536471 HRV 1
7.237949278 9.828037985 0.958833511162213 ROU 2
5.485485587 9.884572453 0.598935225425353 HUN 3
7.32360714 8.208966503 0.65395685979129 BGR 4
6.430057229 7.851509964 0.314879240614894 MKD 5
3.320543795 8.903297987 1.07802025007625 ITA 6
6.186262302 8.710318273 0.583824514584466 SRB 7
0.7733149686 10.02486186 1.45864991497894 FRA 8
4.510459837 9.700672955 0.279437124203243 SVN 9
2.631548516 11.86438728 1.17355615227955 DEU 10
5.280242969 8.238805878 0.444349871734693 BIH 11
-1.785269147 8.799766226 1.39695717962367 ESP 12
5.822207466 7.640044596 0.332943033910888 ALB 13
2.94073146 13.4092785 0.407639807631635 DNK 14
1.056269503 11.80135043 0.34301541433015 BEL 15
4.297610125 11.46251471 0.551593436462886 CZE 16
-3.764712895 8.830933963 0.595908032315997 PRT 17
5.03864055 10.80929945 0.434912561522673 SVK 18
5.770146321 12.18173885 1.09816093848238 POL 19
1.39564001 11.51999851 0.1 LUX 20
4.005745442 10.38862711 0.568686429694915 AUT 21
6.493204235 6.832022074 0.713397624198992 GRC 22
2.94171319 10.33282621 0.398934751770529 CHE 23
