-61.83423256 99.54678803 49.368397802671034 HRV 0
165.1511267 95.09742631 44.522887117791335 UZB 1
60.5468779 105.3486554 56.288633951123799 BGR 2
-59.98652908 -51.28433203 65.61850632886707 GNQ 3
25.63790921 96.21238661 53.779084465077673 SRB 4
-26.16125378 -21.48745369 10.664792828498646 BFA 5
-22.1913937 -44.48171561 12.74686550124585 TGO 6
138.9415626 61.62996049 85.698381669840728 TKM 7
106.5609762 217.6700256 45.959477166184897 LVA 8
-81.54880666 227.0382738 67.208747399207454 DEU 9
180.7672884 -23.35617351 46.661189155783539 THA 10
131.920592 105.9889864 46.661189155783539 AZE 11
218.5656676 74.13835277 65.988886540565474 CHN 12
-28.69690009 -63.19285182 33.725036111885203 GAB 13
173.7644165 27.00690621 24.848215316316704 PAK 14
15.09098523 -33.76409977 6.9817457725167476 RWA 15
77.56048248 46.35106701 31.994378485495933 SYR 16
20.06673168 -45.22132868 14.533662791564524 ZMB 17
-62.16996776 261.3858862 51.463249564535673 DNK 18
177.3350861 53.03947535 18.471963031155848 NPL 19
-31.85736034 61.5469957 37.381147506716857 TUN 20
20.50728838 -6.869651128 34.908728862583743 EGY 21
196.5883563 100.1994112 32.247302409408611 KGZ 22
190.7543031 31.00405377 18.0267900696076 BGD 23
-36.4671495 33.01391717 45.604572417332243 DZA 24
-15.1355506 -14.94504575 6.9817457725167476 NER 25
168.8455527 38.45722557 13.3690253241415 AFG 26
133.1802581 -155.8838798 13.963491545033495 YEM 27
-192.9589568 54.68567337 48.202706309168761 PRT 28
10.24694308 -30.80463832 4.0309128011760764 COD 29
115.4297103 -48.55298728 110.61165527215444 KWT 30
192.5903618 -42.92478215 23.155831109088059 KHM 31
225.6029457 -68.8953317 35.600057933006831 IDN 32
183.2291379 72.08301592 24.185476807056457 TJK 33
-49.37343029 -23.51598433 8.0618256023521528 SLE 34
78.41860439 74.42290397 52.246601284630053 TUR 35
105.5536774 180.3437136 59.788098835393114 BLR 36
32.82151681 130.8340237 54.2303853935597 HUN 37
23.53144062 64.1628707 44.886345288126989 MKD 38
298.8936478 -7.521572868 116.75739150462745 BRN 39
-9.933717991 -98.42614846 66.845126620707504 ZAF 40
-3.206993185 -19.25147573 5.7005715521665303 TCD 41
-150.3103431 132.6834324 49.859637740709964 FRA 42
35.36541107 -52.7940731 11.401143104333061 MOZ 43
28.96792465 -26.01618717 9.0133950348037999 ETH 44
28.5773869 -19.60470362 10.664792828498646 ERI 45
-120.2000276 83.39236308 59.515714280594544 AND 46
-14.12591999 104.7772851 61.924057445565516 BIH 47
2.240790426 -53.10512416 19.747359121068413 AGO 48
109.9431613 267.0787078 64.494604818817223 FIN 49
10.52097966 -22.27786239 16.123651204704306 SDN 50
195.4953609 48.88996146 38.240596503737549 BTN 51
199.0983032 21.67835735 19.747359121068413 MMR 52
248.8892143 160.4008696 125.86521187531538 MNG 53
277.0291858 64.46815655 82.707415764842111 KOR 54
4.172320695 -25.50693292 4.0309128011760764 CAF 55
49.95327863 5.093829613 61.792723135584602 ISR 56
237.4563984 -0.9345654223 39.08114958652579 VNM 57
-112.7704819 20.57789265 31.994378485495933 MAR 58
52.0401861 51.2632911 47.352503687498427 LBN 59
122.48021 -117.8803609 102.76851515393882 SAU 60
136.15697 8.504310726 72.219739832195017 IRN 61
36.36695933 -22.21276838 14.533662791564524 DJI 62
74.61354872 208.5576454 54.529177657061588 LTU 63
188.4051559 196.5145778 79.706140805949801 RUS 64
29.37343205 -61.32982425 20.553703030787766 ZWE 65
-49.68127527 4.783782811 20.553703030787766 MRT 66
11.65015365 -70.54090975 40.309128011760762 BWA 67
243.46958 -197.0370614 147.44547879910303 QAT 68
-56.0906625 -5.440900582 10.664792828498646 GMB 69
173.6512597 7.279432671 32.247302409408611 IND 70
-3.347804684 -25.28711309 12.092738403528228 CMR 71
-47.34109447 -29.79771671 10.664792828498646 LBR 72
-30.68326445 -39.35819698 17.570341550550975 GHA 73
64.76542704 138.6602592 46.661189155783539 ROU 74
109.9380342 142.9726592 53.627806853266648 UKR 75
17.62782096 -37.0366097 5.7005715521665303 BDI 76
32.85514119 -32.22563911 13.3690253241415 KEN 77
-44.10415224 -19.56012708 12.092738403528228 GIN 78
26.70954024 -42.94256693 6.9817457725167476 MWI 79
-58.74813802 145.7794807 59.515714280594544 SVN 80
48.87912489 -62.09119419 24.519085349893274 LSO 81
-39.1183643 -32.7880522 15.082294657962107 CIV 82
41.92926397 -24.62816249 4.0309128011760764 SOM 83
15.54702346 -28.80589664 8.0618256023521528 SSD 84
242.1620402 -68.1354883 15.082294657962107 TLS 85
-96.93232252 162.9732163 46.661189155783539 LIE 86
-167.9543461 229.8669252 65.121389272564087 BEL 87
0.5652061631 -40.064377 18.0267900696076 COG 88
23.42398394 -37.300893 10.664792828498646 TZA 89
-23.96114709 195.3887517 69.467493327264179 CZE 90
221.4425197 -32.92137698 70.396865649395025 MYS 91
7.139999062 156.5531721 57.43166701541135 SVK 92
19.95948549 -32.17940364 8.0618256023521528 UGA 93
248.523499 111.2103988 25.81043545618887 PRK 94
-129.3146335 196.1675343 87.573841876689386 LUX 95
-23.07379067 -30.49143101 18.0267900696076 BEN 96
22.26794012 31.81825226 54.2303853935597 GRC 97
-125.616821 152.3673098 46.834974446907694 CHE 98
-46.98245503 -8.984248403 19.331578679605002 SEN 99
82.3388295 6.428245119 38.240596503737549 JOR 100
-125.3373064 247.3200434 68.762221321808539 NLD 101
223.7777953 -123.7572311 84.55314024151599 OMN 102
-85.02171372 69.82938114 54.379986740938982 ITA 103
222.7261065 25.082054 52.246601284630053 LAO 104
107.7721144 87.15801803 34.203429312999177 ARM 105
179.6478101 -84.19739492 94.447306196980293 ARE 106
58.65704424 30.38750678 18.471963031155848 PSE 107
84.05203943 240.7960121 47.352503687498427 SWE 108
87.66814076 128.6644065 27.33898075077996 MDA 109
-155.3613297 92.15162863 51.305143969498772 ESP 110
-13.34723801 -23.39828274 18.906656929110273 NGA 111
-2.605971423 44.84898525 30.432724271892816 ALB 112
34.96488943 -74.13546611 22.078218685404735 SWZ 113
104.6756657 113.3434526 38.240596503737549 GEO 114
-9.44152987 8.406527054 65.865657886738958 LBY 115
243.3445223 -56.25772928 20.945237317550244 PNG 116
40.99963079 187.7208362 68.168921005513624 POL 117
-68.58709626 184.7661252 62.835711952650733 AUT 118
256.1715566 26.57987604 49.532685770241244 HKG 119
140.32852 233.1660316 68.049640212460133 EST 120
47.35798683 237.7643601 66.845126620707504 NOR 121
-5.796008212 69.77370411 46.486754193222893 MNE 122
102.444746 32.74255037 55.415889093467548 IRQ 123
-52.42253256 -18.84991155 9.0133950348037999 GNB 124
-31.82360105 -14.73033477 9.8736795605342067 MLI 125
157.9933056 145.6454293 95.473937511733411 KAZ 126
