-52.05429372 97.81482024 49.368397802671034 HRV 0
165.6699455 95.71377569 44.522887117791335 UZB 1
58.47889796 102.272589 56.288633951123799 BGR 2
-63.82474448 -54.33712512 65.61850632886707 GNQ 3
23.00106584 91.97007456 53.779084465077673 SRB 4
-30.03593483 -22.29963291 10.664792828498646 BFA 5
-26.75671293 -45.46573455 12.74686550124585 TGO 6
139.6177958 60.52753994 85.698381669840728 TKM 7
104.7358793 218.5983919 45.959477166184897 LVA 8
-84.41872977 224.4245817 67.208747399207454 DEU 9
181.9161441 -23.26089697 46.661189155783539 THA 10
132.0514848 106.1469613 46.661189155783539 AZE 11
214.7378285 71.19299331 65.988886540565474 CHN 12
-32.3782539 -65.53020603 33.725036111885203 GAB 13
173.5140329 25.8146024 24.848215316316704 PAK 14
13.90914736 -33.13140419 6.9817457725167476 RWA 15
75.01168171 42.16323681 31.994378485495933 SYR 16
17.66579004 -46.02755898 14.533662791564524 ZMB 17
-62.16996776 261.3858862 51.463249564535673 DNK 18
176.4457796 54.3967332 18.471963031155848 NPL 19
-38.57442295 57.05530915 37.381147506716857 TUN 20
18.62186971 -7.359177192 34.908728862583743 EGY 21
192.5218176 95.67748077 32.247302409408611 KGZ 22
188.6774407 23.8861837 18.0267900696076 BGD 23
-41.74154588 29.04337677 45.604572417332243 DZA 24
-19.19520364 -18.44939095 6.9817457725167476 NER 25
169.173848 37.98016024 13.3690253241415 AFG 26
133.8476842 -160.3064145 13.963491545033495 YEM 27
-193.6035282 55.1419878 48.202706309168761 PRT 28
7.953556112 -30.6846004 4.0309128011760764 COD 29
114.9744612 -51.32208441 110.61165527215444 KWT 30
193.2260183 -43.8550972 23.155831109088059 KHM 31
227.4823696 -70.85785084 35.600057933006831 IDN 32
182.3087978 72.58812909 24.185476807056457 TJK 33
-54.73264748 -25.22009099 8.0618256023521528 SLE 34
76.35466979 70.52528153 52.246601284630053 TUR 35
103.0956866 183.2373866 59.788098835393114 BLR 36
30.24669755 127.6483101 54.2303853935597 HUN 37
19.01353514 59.06487072 44.886345288126989 MKD 38
300.4013131 -9.933978693 116.75739150462745 BRN 39
-12.79216674 -100.1109259 66.845126620707504 ZAF 40
-6.723245005 -20.71911494 5.7005715521665303 TCD 41
-154.6579133 130.8052199 49.859637740709964 FRA 42
33.61261422 -53.71868253 11.401143104333061 MOZ 43
28.81415878 -25.38541171 9.0133950348037999 ETH 44
28.85138702 -18.77377301 10.664792828498646 ERI 45
-122.968542 80.99965888 59.515714280594544 AND 46
-14.73369565 102.010612 61.924057445565516 BIH 47
2.400966919 -53.04416121 19.747359121068413 AGO 48
108.7029771 270.3145444 64.494604818817223 FIN 49
8.173313808 -21.26102105 16.123651204704306 SDN 50
191.5037506 42.65860082 38.240596503737549 BTN 51
200.9113115 20.49477289 19.747359121068413 MMR 52
245.6224668 163.7524808 125.86521187531538 MNG 53
279.5536034 66.98233128 82.707415764842111 KOR 54
1.055309023 -26.53255741 4.0309128011760764 CAF 55
50.54747169 -1.277300565 61.792723135584602 ISR 56
239.5674753 -2.342003459 39.08114958652579 VNM 57
-115.325733 21.01605147 31.994378485495933 MAR 58
48.8207913 47.07499168 47.352503687498427 LBN 59
123.1847649 -122.5597586 102.76851515393882 SAU 60
137.8879548 7.503812338 72.219739832195017 IRN 61
36.33721426 -22.76017162 14.533662791564524 DJI 62
72.3332896 209.1743178 54.529177657061588 LTU 63
186.323387 198.9975926 79.706140805949801 RUS 64
27.9857412 -62.86161188 20.553703030787766 ZWE 65
-51.92007844 4.657314312 20.553703030787766 MRT 66
9.603616831 -71.90601842 40.309128011760762 BWA 67
244.1023496 -202.9651675 147.44547879910303 QAT 68
-60.62685138 -6.280178276 10.664792828498646 GMB 69
174.6574988 5.57198201 32.247302409408611 IND 70
-6.511093337 -28.13358397 12.092738403528228 CMR 71
-52.67330441 -31.2196029 10.664792828498646 LBR 72
-36.04128803 -41.26642537 17.570341550550975 GHA 73
61.07093616 141.8206432 46.661189155783539 ROU 74
106.6613311 145.2463192 53.627806853266648 UKR 75
15.16171613 -37.21143672 5.7005715521665303 BDI 76
32.87827092 -31.72943938 13.3690253241415 KEN 77
-49.08704967 -21.42843328 12.092738403528228 GIN 78
24.7486274 -44.57413713 6.9817457725167476 MWI 79
-57.51363116 141.1977786 59.515714280594544 SVN 80
48.82234825 -62.29330859 24.519085349893274 LSO 81
-44.52158878 -34.28177731 15.082294657962107 CIV 82
41.84262873 -25.70224034 4.0309128011760764 SOM 83
13.08103858 -27.74157572 8.0618256023521528 SSD 84
244.4982543 -69.84145783 15.082294657962107 TLS 85
-100.7831836 156.3718498 46.661189155783539 LIE 86
-170.4498556 231.1330119 65.121389272564087 BEL 87
-2.344266837 -41.00644891 18.0267900696076 COG 88
20.67665592 -38.02771154 10.664792828498646 TZA 89
-28.35616838 187.5031617 69.467493327264179 CZE 90
223.536017 -35.45034127 70.396865649395025 MYS 91
-0.8016440224 148.6445381 57.43166701541135 SVK 92
18.74226817 -31.6532188 8.0618256023521528 UGA 93
246.8588151 112.9058255 25.81043545618887 PRK 94
-130.121143 199.410583 87.573841876689386 LUX 95
-28.03854654 -32.25309174 18.0267900696076 BEN 96
21.98856433 25.87688637 54.2303853935597 GRC 97
-132.1619693 154.2822146 46.834974446907694 CHE 98
-51.68498412 -10.94746985 19.331578679605002 SEN 99
83.36646499 5.997456825 38.240596503737549 JOR 100
-125.44885 251.743539 68.762221321808539 NLD 101
225.4125124 -127.2779215 84.55314024151599 OMN 102
-87.65690565 66.13589611 54.379986740938982 ITA 103
224.7785667 24.55442784 52.246601284630053 LAO 104
106.4548324 87.59551201 34.203429312999177 ARM 105
181.0307468 -86.62498103 94.447306196980293 ARE 106
59.13308313 25.88292883 18.471963031155848 PSE 107
84.0665526 242.0613952 47.352503687498427 SWE 108
83.47051854 131.0976684 27.33898075077996 MDA 109
-158.9221912 90.740635 51.305143969498772 ESP 110
-16.85080299 -26.88294212 18.906656929110273 NGA 111
-3.237355966 39.65028982 30.432724271892816 ALB 112
35.33539099 -75.22231351 22.078218685404735 SWZ 113
104.6890465 114.2033969 38.240596503737549 GEO 114
-12.82143371 5.196036409 65.865657886738958 LBY 115
244.9815977 -57.74717755 20.945237317550244 PNG 116
39.27644207 184.491172 68.168921005513624 POL 117
-72.11564083 179.6692344 62.835711952650733 AUT 118
258.9019057 27.62832778 49.532685770241244 HKG 119
140.473297 235.0969372 68.049640212460133 EST 120
45.72626791 240.2560117 66.845126620707504 NOR 121
-11.31309125 64.2117481 46.486754193222893 MNE 122
102.3002963 31.38757063 55.415889093467548 IRQ 123
-55.9440077 -19.4803162 9.0133950348037999 GNB 124
-36.02564199 -17.53446646 9.8736795605342067 MLI 125
156.7520486 147.680241 95.473937511733411 KAZ 126
