-56.30335114 95.68531411 49.368397802671034 HRV 0
166.8104074 97.33344041 44.522887117791335 UZB 1
59.55461596 103.8131509 56.288633951123799 BGR 2
-61.28385755 -52.76794659 65.61850632886707 GNQ 3
23.32597726 94.73034474 53.779084465077673 SRB 4
-27.12935131 -21.51969905 10.664792828498646 BFA 5
-23.8700506 -44.70231942 12.74686550124585 TGO 6
140.7459298 62.55647189 85.698381669840728 TKM 7
106.204595 220.1822404 45.959477166184897 LVA 8
-84.75409589 225.1107706 67.208747399207454 DEU 9
181.0617152 -23.11602172 46.661189155783539 THA 10
133.9395749 108.4637576 46.661189155783539 AZE 11
217.4680224 74.24506225 65.988886540565474 CHN 12
-29.93831278 -64.25235711 33.725036111885203 GAB 13
174.7572627 27.87113658 24.848215316316704 PAK 14
14.62685252 -33.35092626 6.9817457725167476 RWA 15
76.53056576 44.16678672 31.994378485495933 SYR 16
18.94270369 -45.29537939 14.533662791564524 ZMB 17
-62.57380668 261.2895044 51.463249564535673 DNK 18
175.7571737 54.0874913 18.471963031155848 NPL 19
-34.9268621 60.18469358 37.381147506716857 TUN 20
20.34724574 -6.22259999 34.908728862583743 EGY 21
194.5786008 98.4522649 32.247302409408611 KGZ 22
189.2420529 28.41017942 18.0267900696076 BGD 23
-38.96827161 31.18158489 45.604572417332243 DZA 24
-16.77915533 -16.4213206 6.9817457725167476 NER 25
170.3869676 39.87863509 13.3690253241415 AFG 26
133.4372267 -157.950211 13.963491545033495 YEM 27
-193.0432308 54.38743338 48.202706309168761 PRT 28
9.530579126 -30.46318253 4.0309128011760764 COD 29
116.4563987 -48.94180353 110.61165527215444 KWT 30
192.5638016 -43.41114103 23.155831109088059 KHM 31
226.291084 -69.53093287 35.600057933006831 IDN 32
183.6014943 74.50233276 24.185476807056457 TJK 33
-51.94506025 -23.89425096 8.0618256023521528 SLE 34
77.41142892 72.28568046 52.246601284630053 TUR 35
104.825948 184.1260833 59.788098835393114 BLR 36
33.25271071 129.6845518 54.2303853935597 HUN 37
21.06179809 61.87883096 44.886345288126989 MKD 38
300.6342367 -8.131341052 116.75739150462745 BRN 39
-10.3440471 -100.1015806 66.845126620707504 ZAF 40
-4.488835266 -19.52787421 5.7005715521665303 TCD 41
-151.5419189 129.1221077 49.859637740709964 FRA 42
34.79194236 -52.83019039 11.401143104333061 MOZ 43
29.05362646 -25.58857737 9.0133950348037999 ETH 44
28.53842255 -19.04005997 10.664792828498646 ERI 45
-120.6288916 80.47131578 59.515714280594544 AND 46
-14.13310044 105.4361164 61.924057445565516 BIH 47
2.638489128 -53.16140728 19.747359121068413 AGO 48
110.0154001 270.4404299 64.494604818817223 FIN 49
10.61518437 -21.52267362 16.123651204704306 SDN 50
193.2521655 46.76397312 38.240596503737549 BTN 51
199.4920382 21.03706252 19.747359121068413 MMR 52
246.537916 164.4016924 125.86521187531538 MNG 53
276.956121 66.30684451 82.707415764842111 KOR 54
3.283766716 -25.37620592 4.0309128011760764 CAF 55
51.8590684 0.9176079821 61.792723135584602 ISR 56
238.6053056 -1.536279068 39.08114958652579 VNM 57
-114.0365291 21.17203592 31.994378485495933 MAR 58
50.46850676 48.96093646 47.352503687498427 LBN 59
124.9834166 -119.9188929 102.76851515393882 SAU 60
138.976108 9.506336117 72.219739832195017 IRN 61
36.29411553 -22.5156288 14.533662791564524 DJI 62
74.63476015 208.7339441 54.529177657061588 LTU 63
187.7033367 199.8548328 79.706140805949801 RUS 64
29.24319909 -61.98352752 20.553703030787766 ZWE 65
-50.42677134 4.752376381 20.553703030787766 MRT 66
11.26936677 -71.46666599 40.309128011760762 BWA 67
243.1728925 -200.1211208 147.44547879910303 QAT 68
-57.76397333 -5.649745998 10.664792828498646 GMB 69
173.9463753 7.34937697 32.247302409408611 IND 70
-4.332511597 -26.50945531 12.092738403528228 CMR 71
-49.51944288 -30.18788142 10.664792828498646 LBR 72
-32.88966994 -40.0433031 17.570341550550975 GHA 73
65.70496075 138.6590321 46.661189155783539 ROU 74
108.5711886 146.3324395 53.627806853266648 UKR 75
16.67581934 -37.05509617 5.7005715521665303 BDI 76
33.3358205 -31.72750184 13.3690253241415 KEN 77
-45.99177531 -20.75326884 12.092738403528228 GIN 78
25.84535316 -43.20989348 6.9817457725167476 MWI 79
-57.50658781 144.1174741 59.515714280594544 SVN 80
48.89493528 -62.23772613 24.519085349893274 LSO 81
-41.3888595 -33.21502186 15.082294657962107 CIV 82
42.04803198 -24.82004476 4.0309128011760764 SOM 83
14.96552666 -28.33571977 8.0618256023521528 SSD 84
243.1705931 -68.31736169 15.082294657962107 TLS 85
-98.50731247 159.766796 46.661189155783539 LIE 86
-169.4421998 229.983278 65.121389272564087 BEL 87
-0.847282293 -40.72123482 18.0267900696076 COG 88
22.40695699 -37.52324699 10.664792828498646 TZA 89
-26.48493388 190.9428134 69.467493327264179 CZE 90
222.463043 -34.33614445 70.396865649395025 MYS 91
2.594426753 150.911529 57.43166701541135 SVK 92
19.78263511 -31.71962755 8.0618256023521528 UGA 93
248.4353774 113.7767972 25.81043545618887 PRK 94
-129.7827164 197.6010135 87.573841876689386 LUX 95
-25.23276554 -30.90940175 18.0267900696076 BEN 96
23.40538174 28.50552189 54.2303853935597 GRC 97
-128.9648614 152.4429541 46.834974446907694 CHE 98
-48.74346862 -10.01034957 19.331578679605002 SEN 99
84.48122426 8.093916786 38.240596503737549 JOR 100
-124.5502841 249.668802 68.762221321808539 NLD 101
225.7123388 -124.0252248 84.55314024151599 OMN 102
-83.69815908 69.88162501 54.379986740938982 ITA 103
223.244266 24.79752423 52.246601284630053 LAO 104
107.1221846 87.77169947 34.203429312999177 ARM 105
180.9828906 -84.09006427 94.447306196980293 ARE 106
58.61042841 27.59745491 18.471963031155848 PSE 107
84.8128645 242.8355359 47.352503687498427 SWE 108
88.49100958 128.0210123 27.33898075077996 MDA 109
-156.4364438 89.86798988 51.305143969498772 ESP 110
-14.53468878 -24.7839866 18.906656929110273 NGA 111
-3.626060432 43.8432626 30.432724271892816 ALB 112
35.34506056 -74.91658526 22.078218685404735 SWZ 113
106.3940452 115.1745644 38.240596503737549 GEO 114
-10.55032242 7.163095635 65.865657886738958 LBY 115
244.0563969 -56.31770812 20.945237317550244 PNG 116
40.68494198 185.7400207 68.168921005513624 POL 117
-69.95714468 183.1100073 62.835711952650733 AUT 118
257.2578006 26.70978234 49.532685770241244 HKG 119
140.8821018 236.6944268 68.049640212460133 EST 120
46.86315907 239.0162931 66.845126620707504 NOR 121
-8.553008881 69.5685999 46.486754193222893 MNE 122
103.6974665 33.43459356 55.415889093467548 IRQ 123
-53.32186595 -18.36114107 9.0133950348037999 GNB 124
-33.6241282 -16.19462988 9.8736795605342067 MLI 125
158.2831143 149.2460532 95.473937511733411 KAZ 126
