-24.94597386 51.3064765 49.368397802671034 HRV 0
134.8808895 68.82085017 44.522887117791335 UZB 1
42.96444665 53.91638823 56.288633951123799 BGR 2
-26.75036345 -36.64053256 65.61850632886707 GNQ 3
21.14955489 61.63511709 53.779084465077673 SRB 4
-20.34753275 -10.92732728 10.664792828498646 BFA 5
-17.1567018 -22.7981509 12.74686550124585 TGO 6
115.0861904 49.91020459 85.698381669840728 TKM 7
70.42470142 133.567059 45.959477166184897 LVA 8
-45.09099205 124.0258134 67.208747399207454 DEU 9
138.3960822 -0.001738168152 46.661189155783539 THA 10
87.90175583 43.97843062 46.661189155783539 AZE 11
170.7738384 58.04165143 65.988886540565474 CHN 12
-8.535053576 -46.86539411 33.725036111885203 GAB 13
124.6079379 22.72931275 24.848215316316704 PAK 14
25.76834299 -29.9871548 6.9817457725167476 RWA 15
67.13589719 21.389732 31.994378485495933 SYR 16
26.71203257 -41.82618029 14.533662791564524 ZMB 17
-28.68383753 142.9148857 51.463249564535673 DNK 18
136.3219637 44.33943976 18.471963031155848 NPL 19
-19.04011836 24.50823178 37.381147506716857 TUN 20
18.28808691 -7.496047413 34.908728862583743 EGY 21
152.4118984 67.49761657 32.247302409408611 KGZ 22
132.9769009 18.49114238 18.0267900696076 BGD 23
-23.70566028 7.561692783 45.604572417332243 DZA 24
-8.611239392 -13.63261482 6.9817457725167476 NER 25
120.660964 29.73421711 13.3690253241415 AFG 26
66.32792367 -80.16491682 13.963491545033495 YEM 27
-116.8192534 26.45163412 48.202706309168761 PRT 28
15.08230691 -31.41602997 4.0309128011760764 COD 29
98.33880796 -21.61017262 110.61165527215444 KWT 30
149.6844187 -9.922805041 23.155831109088059 KHM 31
174.8908406 -35.2442432 35.600057933006831 IDN 32
145.7586321 57.66793362 24.185476807056457 TJK 33
-36.00490502 -13.26871313 8.0618256023521528 SLE 34
57.19797996 36.08476064 52.246601284630053 TUR 35
74.64068473 100.4638921 59.788098835393114 BLR 36
25.58624003 83.91274158 54.2303853935597 HUN 37
25.8473347 41.19423882 44.886345288126989 MKD 38
205.443908 1.133372554 116.75739150462745 BRN 39
8.034003243 -66.9199982 66.845126620707504 ZAF 40
3.215403485 -18.19406136 5.7005715521665303 TCD 41
-88.31456143 63.40364805 49.859637740709964 FRA 42
35.49818545 -42.45232418 11.401143104333061 MOZ 43
29.65009634 -19.08265377 9.0133950348037999 ETH 44
28.85960051 -15.013413 10.664792828498646 ERI 45
-76.85531252 36.67871509 59.515714280594544 AND 46
-1.489890254 52.64585071 61.924057445565516 BIH 47
3.666624751 -49.030042 19.747359121068413 AGO 48
58.90812949 153.8820174 64.494604818817223 FIN 49
23.59261407 -17.02479059 16.123651204704306 SDN 50
139.0513534 32.70852524 38.240596503737549 BTN 51
140.6206764 20.61174604 19.747359121068413 MMR 52
187.1050911 94.93687977 125.86521187531538 MNG 53
199.4840503 42.63940734 82.707415764842111 KOR 54
9.717551532 -25.42342824 4.0309128011760764 CAF 55
38.07489521 -2.761277914 61.792723135584602 ISR 56
171.7041039 9.801141666 39.08114958652579 VNM 57
-91.00707635 17.18635268 31.994378485495933 MAR 58
51.36859484 15.94288949 47.352503687498427 LBN 59
69.30880135 -55.80596669 102.76851515393882 SAU 60
104.1385209 18.40845015 72.219739832195017 IRN 61
34.75054344 -18.5930867 14.533662791564524 DJI 62
50.01991645 127.8551375 54.529177657061588 LTU 63
158.455379 127.3510341 79.706140805949801 RUS 64
30.36414185 -48.28183414 20.553703030787766 ZWE 65
-37.60966838 7.175418462 20.553703030787766 MRT 66
15.87046942 -45.77974015 40.309128011760762 BWA 67
117.0007595 -78.0378339 147.44547879910303 QAT 68
-41.59153359 -3.419667902 10.664792828498646 GMB 69
125.7287449 10.77899055 32.247302409408611 IND 70
-2.990393105 -20.79435793 12.092738403528228 CMR 71
-34.79736336 -17.04419854 10.664792828498646 LBR 72
-23.45329586 -19.38093083 17.570341550550975 GHA 73
45.09768441 75.45252626 46.661189155783539 ROU 74
82.22917547 72.95194163 53.627806853266648 UKR 75
24.69721705 -32.47380191 5.7005715521665303 BDI 76
32.25882001 -23.908997 13.3690253241415 KEN 77
-32.33855518 -11.12654107 12.092738403528228 GIN 78
31.36214805 -36.36831735 6.9817457725167476 MWI 79
-25.91261726 74.50982609 59.515714280594544 SVN 80
38.57153827 -53.78224095 24.519085349893274 LSO 81
-29.46781524 -16.07284901 15.082294657962107 CIV 82
41.78269852 -16.63822821 4.0309128011760764 SOM 83
21.04768499 -21.50502261 8.0618256023521528 SSD 84
179.7554983 -44.73077024 15.082294657962107 TLS 85
-55.60775416 86.31296126 46.661189155783539 LIE 86
-94.49955512 132.4434763 65.121389272564087 BEL 87
1.256552241 -41.26718332 18.0267900696076 COG 88
29.7177345 -32.24508572 10.664792828498646 TZA 89
-13.56363298 114.9115537 69.467493327264179 CZE 90
169.0188063 -13.72837171 70.396865649395025 MYS 91
8.766628954 100.2843427 57.43166701541135 SVK 92
26.03317528 -26.4001004 8.0618256023521528 UGA 93
189.3941599 63.13417175 25.81043545618887 PRK 94
-73.53781203 108.1367746 87.573841876689386 LUX 95
-16.60909705 -16.3477608 18.0267900696076 BEN 96
30.55181334 20.89071588 54.2303853935597 GRC 97
-72.34255365 75.97647952 46.834974446907694 CHE 98
-35.59184684 -5.371804179 19.331578679605002 SEN 99
51.06613048 -19.30583495 38.240596503737549 JOR 100
-67.78762251 141.3981096 68.762221321808539 NLD 101
163.2128819 -62.36256987 84.55314024151599 OMN 102
-36.6014069 32.58608518 54.379986740938982 ITA 103
155.7683199 20.51590512 52.246601284630053 LAO 104
75.07868833 32.81621512 34.203429312999177 ARM 105
140.0194613 -32.69551054 94.447306196980293 ARE 106
43.330795 29.36594494 18.471963031155848 PSE 107
37.1420373 144.9767612 47.352503687498427 SWE 108
60.21470389 71.33111458 27.33898075077996 MDA 109
-100.0425655 38.96644944 51.305143969498772 ESP 110
-9.272231031 -19.05316832 18.906656929110273 NGA 111
13.38233983 25.59360293 30.432724271892816 ALB 112
24.89935674 -55.39573789 22.078218685404735 SWZ 113
70.03712047 50.36205935 38.240596503737549 GEO 114
-1.537454917 -0.02777654082 65.865657886738958 LBY 115
185.4361041 -29.75053841 20.945237317550244 PNG 116
25.13468288 121.0262669 68.168921005513624 POL 117
-35.92369046 98.25193977 62.835711952650733 AUT 118
175.8411495 27.98180526 49.532685770241244 HKG 119
86.64634087 151.2670723 68.049640212460133 EST 120
13.20268758 146.7899772 66.845126620707504 NOR 121
-2.220302797 29.8497983 46.486754193222893 MNE 122
79.47252284 7.757971379 55.415889093467548 IRQ 123
-38.50685096 -10.67329214 9.0133950348037999 GNB 124
-24.44357131 -7.902186857 9.8736795605342067 MLI 125
134.9037419 99.01600886 95.473937511733411 KAZ 126
