15.91098857 44.66687749 38.89275994747242 HRV 0
64.19764525 40.77497118 35.075433635948038 UZB 1
25.27777336 42.74108873 44.3445691063881 BGR 2
10.06297698 2.06420075 51.694706094396459 GNQ 3
21.02062809 43.76988599 42.367528933295546 SRB 4
-2.017510932 13.2965924 8.4017964088330572 BFA 5
1.39656761 7.847412334 10.042067437640236 TGO 6
59.53166879 40.08179013 67.513768615591061 TKM 7
25.20052125 56.9791034 36.207189058079152 LVA 8
9.44240882 51.23444782 52.94750883785543 DEU 9
100.0628263 15.20219156 36.760002541571353 THA 10
47.47140894 40.24963562 36.760002541571353 AZE 11
104.7308817 35.20986251 51.986494147159647 CHN 12
11.78810016 -0.5434181612 26.568813088935688 GAB 13
70.24471229 29.77965898 19.575593222276421 PAK 14
29.84385548 -2.100464028 5.5002668595836601 RWA 15
38.38307882 34.84165933 25.205389226499168 SYR 16
29.44467231 -12.98167588 11.449718509585669 ZMB 17
9.763593844 55.77644651 40.543098429701494 DNK 18
84.23737384 27.57039315 14.552338254948587 NPL 19
9.240685703 34.36721457 29.449122540921035 TUN 20
29.72514899 26.77918805 27.501334297918305 EGY 21
75.31622023 41.3108102 25.404644415963229 KGZ 22
89.45334846 24.38444706 14.201627964576057 BGD 23
3.319922829 27.99559162 35.927592680321119 DZA 24
9.362861584 15.91692733 5.5002668595836601 NER 25
64.83338215 33.00833827 10.532209182518441 AFG 26
48.33956664 14.94767699 11.00053371916732 YEM 27
-7.824186092 39.59851718 37.974420251482904 PRT 28
24.72161255 0.8366675771 3.1755805519954037 COD 29
47.6985974 29.70387712 87.14061519856979 KWT 30
104.8501671 12.71339501 18.242321420065412 KHM 31
120.2186821 -4.861700878 28.04596804698479 IDN 32
71.19465267 39.42716856 19.053483311972425 TJK 33
-11.3213984 8.552082325 6.3511611039908074 SLE 34
34.81765437 39.09159197 41.160228248778225 TUR 35
27.85203134 52.85638462 47.101471370717448 BLR 36
20.46970848 46.90499001 42.723066877744969 HUN 37
21.93995648 41.44212684 35.361768457392202 MKD 38
115.1044537 4.232542207 91.982268049963821 BRN 39
24.43954473 -28.47363668 52.661045912592208 ZAF 40
19.03841657 13.54410444 4.4909490850401399 TCD 41
1.737160883 45.48528335 39.279762115602857 FRA 42
35.16525286 -18.0323997 8.9818981700802798 MOZ 43
38.23921129 8.125883295 7.1008139822880283 ETH 44
39.02581608 14.72432906 8.4017964088330572 ERI 45
1.847654574 42.14768321 46.886884963730452 AND 46
18.2103531 43.58691995 48.784194107947485 BIH 47
18.31730318 -12.45694052 15.55710397898897 AGO 48
26.21072602 64.00046595 50.809288831926459 FIN 49
29.88296121 14.81174114 12.702322207981615 SDN 50
90.32593809 27.66685936 30.126202312920711 BTN 51
98.1503275 21.94666937 15.55710397898897 MMR 52
104.7407392 46.60589825 99.157470954820894 MNG 53
127.603617 37.00713852 65.157465309594528 KOR 54
21.90065974 6.476573688 3.1755805519954037 CAF 55
34.11240825 31.18553865 48.680728044264981 ISR 56
105.7642562 16.04775516 30.788395755022297 VNM 57
-5.059443556 31.6181051 25.205389226499168 MAR 58
35.67767022 33.81815386 37.304624836944519 LBN 59
44.71030998 25.23183661 80.96173600805156 SAU 60
52.94406057 32.13141645 56.895202797334946 IRN 61
43.22149429 11.41034345 11.449718509585669 DJI 62
23.75157689 55.45720404 42.958457457463396 LTU 63
100.2520917 59.84100047 62.793040460744294 RUS 64
29.63902523 -20.21530024 16.19234720161031 ZWE 65
-11.6245998 20.05117016 16.19234720161031 MRT 66
24.31427906 -21.21133535 31.755805519954041 BWA 67
50.10291255 25.13268102 116.15855218139946 QAT 68
-16.60327111 13.78017844 8.4017964088330572 GMB 69
77.27930982 20.03179439 25.404644415963229 IND 70
11.52973684 6.135500826 9.5267416559862124 CMR 71
-9.328705841 6.223360338 8.4017964088330572 LBR 72
-1.932294579 8.367064796 13.842034713221075 GHA 73
24.88647591 46.07291753 36.760002541571353 ROU 74
32.12110044 49.5134333 42.248351400633659 UKR 75
30.00559079 -3.589432081 4.4909490850401399 BDI 76
38.04666666 0.7612983008 10.532209182518441 KEN 77
-10.17686612 10.92548714 9.5267416559862124 GIN 78
33.86878292 -11.99013563 5.5002668595836601 MWI 79
14.96954187 46.66224904 46.886884963730452 SVN 80
28.62570446 -29.59863694 19.316302393621381 LSO 81
-5.154721841 7.876233641 11.881934429669275 CIV 82
48.41105892 9.580643233 3.1755805519954037 SOM 83
29.46494768 7.823388355 6.3511611039908074 SSD 84
125.7255963 -8.767336621 11.881934429669275 TLS 85
10.04406544 47.28638087 36.760002541571353 LIE 86
3.760801016 50.8624601 51.303073892479226 BEL 87
15.06851896 -1.021406657 14.201627964576057 COG 88
34.13749305 -5.738618061 8.4017964088330572 TZA 89
15.11448237 49.68691503 54.72696426019624 CZE 90
112.0750163 1.94546367 55.459130103838511 MYS 91
19.63631177 49.11643483 45.245058337556834 SVK 92
31.98546478 0.8391310952 6.3511611039908074 UGA 93
126.6510624 39.88326888 20.333636800402154 PRK 94
6.516147083 49.3889107 68.991268936900966 LUX 95
2.002978238 9.157198701 14.201627964576057 BEN 96
21.80079271 38.96882796 42.723066877744969 GRC 97
8.049917464 47.07686059 36.896911777255063 CHE 98
-13.95437039 14.01259477 15.229549316078364 SEN 99
36.22395652 30.67827316 30.126202312920711 JOR 100
6.011254172 52.57196916 54.171346171971095 NLD 101
56.87155555 20.38257484 66.611539620196666 OMN 102
13.05955763 42.62040972 42.84092383787354 ITA 103
104.9011273 18.49739389 41.160228248778225 LAO 104
44.92536693 40.11929847 26.945694510240838 ARM 105
54.60856694 23.2279663 74.406230931112731 ARE 106
35.16049815 32.53059018 14.552338254948587 PSE 107
15.19596657 62.31494926 37.304624836944519 SWE 108
29.24584198 47.03349493 21.537835191627916 MDA 109
-4.020642719 40.47659957 40.418541765361255 ESP 110
8.339819655 9.820762815 14.894793067668029 NGA 111
20.3562995 40.52778571 23.975107403430997 ALB 112
31.38166622 -26.84019282 17.393371015025899 SWZ 113
43.57222062 42.41860079 30.126202312920711 GEO 114
17.23336106 25.0828822 51.889413774588483 LBY 115
147.1201711 -5.804892037 16.500800578750983 PNG 116
19.89460671 51.77916661 53.703940142902646 POL 117
12.73079745 47.91462258 49.502401736252949 AUT 118
114.2957644 22.03952518 39.022187126991312 HKG 119
26.03347869 59.30252858 53.60996992193018 EST 120
10.14368846 62.09669324 52.661045912592208 NOR 121
19.13920527 41.60141544 36.622581490306231 MNE 122
44.156902 33.20674422 43.657014764845762 IRQ 123
-14.75423449 12.31938228 7.1008139822880283 GNB 124
-3.89290907 16.22160863 7.7785519894944848 MLI 125
68.17577133 47.63771853 75.215018071397253 KAZ 126
