-64.11565537 113.7473626 49.368397802671034 HRV 0
165.1585148 86.99507947 44.522887117791335 UZB 1
56.07287197 91.57364266 56.288633951123799 BGR 2
-58.17131699 -56.61243427 65.61850632886707 GNQ 3
22.108815 95.69801896 53.779084465077673 SRB 4
-21.41951232 -19.17603378 10.664792828498646 BFA 5
-15.0624724 -40.21666415 12.74686550124585 TGO 6
142.181022 55.34047535 85.698381669840728 TKM 7
105.7400474 200.7326444 45.959477166184897 LVA 8
-83.06133177 228.9753668 67.208747399207454 DEU 9
176.8923758 -21.97370127 46.661189155783539 THA 10
130.9309755 96.83078611 46.661189155783539 AZE 11
221.3893028 77.99378238 65.988886540565474 CHN 12
-29.66395657 -67.59765274 33.725036111885203 GAB 13
171.810041 26.36284074 24.848215316316704 PAK 14
18.0305622 -33.93011416 6.9817457725167476 RWA 15
82.31621115 41.91842169 31.994378485495933 SYR 16
21.72845028 -43.67904506 14.533662791564524 ZMB 17
-62.52863028 261.3003192 51.463249564535673 DNK 18
174.9829959 55.12935919 18.471963031155848 NPL 19
-28.78431382 58.35826044 37.381147506716857 TUN 20
18.50449313 -6.673554671 34.908728862583743 EGY 21
197.0977717 101.0055092 32.247302409408611 KGZ 22
187.4548845 32.87687845 18.0267900696076 BGD 23
-33.10725432 32.33223817 45.604572417332243 DZA 24
-11.55098773 -15.08426039 6.9817457725167476 NER 25
167.6121425 37.39408583 13.3690253241415 AFG 26
127.4332818 -147.9540334 13.963491545033495 YEM 27
-191.7866557 49.27185233 48.202706309168761 PRT 28
13.70130763 -30.87711762 4.0309128011760764 COD 29
109.964671 -46.65633295 110.61165527215444 KWT 30
189.6707535 -41.717186 23.155831109088059 KHM 31
219.2582108 -61.7521108 35.600057933006831 IDN 32
183.3581923 70.8254196 24.185476807056457 TJK 33
-43.56094034 -23.06417437 8.0618256023521528 SLE 34
79.54936139 67.65042175 52.246601284630053 TUR 35
105.7761018 167.5071994 59.788098835393114 BLR 36
28.53247769 129.402175 54.2303853935597 HUN 37
18.68889966 60.45277934 44.886345288126989 MKD 38
293.0434491 -6.70619047 116.75739150462745 BRN 39
-2.870115498 -94.31969403 66.845126620707504 ZAF 40
0.3854774705 -19.15587328 5.7005715521665303 TCD 41
-142.9566618 129.18693 49.859637740709964 FRA 42
39.32432142 -51.61244407 11.401143104333061 MOZ 43
29.26715544 -26.38447301 9.0133950348037999 ETH 44
28.86698064 -20.2842732 10.664792828498646 ERI 45
-115.1828428 76.55414292 59.515714280594544 AND 46
-7.335512006 116.1131333 61.924057445565516 BIH 47
3.182097542 -52.0188524 19.747359121068413 AGO 48
106.166903 249.7765364 64.494604818817223 FIN 49
13.1581988 -22.57458073 16.123651204704306 SDN 50
199.6778992 53.25966727 38.240596503737549 BTN 51
194.88953 23.40994845 19.747359121068413 MMR 52
244.3695594 150.8376947 125.86521187531538 MNG 53
274.4239036 60.07122838 82.707415764842111 KOR 54
7.363113777 -25.91142867 4.0309128011760764 CAF 55
47.90866616 -2.301290603 61.792723135584602 ISR 56
233.9467577 1.900477116 39.08114958652579 VNM 57
-106.3927676 16.03163922 31.994378485495933 MAR 58
56.57025019 45.75444042 47.352503687498427 LBN 59
113.3796848 -112.5504013 102.76851515393882 SAU 60
138.2228183 7.362287118 72.219739832195017 IRN 61
36.24895287 -22.78755021 14.533662791564524 DJI 62
75.77169642 192.7280543 54.529177657061588 LTU 63
184.9195002 187.7142417 79.706140805949801 RUS 64
34.22354684 -59.98280238 20.553703030787766 ZWE 65
-47.42781243 5.035165859 20.553703030787766 MRT 66
16.4576989 -66.85464069 40.309128011760762 BWA 67
229.5245394 -182.3959615 147.44547879910303 QAT 68
-54.761043 -4.717640033 10.664792828498646 GMB 69
171.4328261 8.514672483 32.247302409408611 IND 70
-3.832914227 -30.7347871 12.092738403528228 CMR 71
-40.68219067 -32.28926106 10.664792828498646 LBR 72
-24.36512507 -40.41066248 17.570341550550975 GHA 73
62.82278726 130.5456241 46.661189155783539 ROU 74
110.769308 129.5088514 53.627806853266648 UKR 75
20.55269094 -37.20427974 5.7005715521665303 BDI 76
33.78804256 -32.75009293 13.3690253241415 KEN 77
-38.60813902 -19.1161958 12.092738403528228 GIN 78
29.27426059 -42.54481095 6.9817457725167476 MWI 79
-58.23170625 151.5352689 59.515714280594544 SVN 80
48.64321021 -62.01736349 24.519085349893274 LSO 81
-32.45305726 -34.38760526 15.082294657962107 CIV 82
41.96680947 -24.08499326 4.0309128011760764 SOM 83
17.39096871 -28.78511303 8.0618256023521528 SSD 84
234.8323461 -65.78434665 15.082294657962107 TLS 85
-95.69155488 167.3643867 46.661189155783539 LIE 86
-171.5049595 228.7210829 65.121389272564087 BEL 87
5.671132014 -38.84446449 18.0267900696076 COG 88
27.17568094 -36.64457094 10.664792828498646 TZA 89
-24.80170435 196.3600786 69.467493327264179 CZE 90
213.6619926 -25.74544787 70.396865649395025 MYS 91
7.043577266 156.487237 57.43166701541135 SVK 92
22.49914777 -32.37810671 8.0618256023521528 UGA 93
240.8777785 102.6194464 25.81043545618887 PRK 94
-134.0074226 185.2691561 87.573841876689386 LUX 95
-16.03421087 -29.8974259 18.0267900696076 BEN 96
26.22906714 30.29049406 54.2303853935597 GRC 97
-115.7882908 146.7444984 46.834974446907694 CHE 98
-45.33168987 -9.347103215 19.331578679605002 SEN 99
77.56299463 -10.04565972 38.240596503737549 JOR 100
-133.1976156 246.257038 68.762221321808539 NLD 101
218.0122807 -110.6050153 84.55314024151599 OMN 102
-79.10594257 83.70267168 54.379986740938982 ITA 103
216.8949857 24.09557613 52.246601284630053 LAO 104
106.8585258 75.22116771 34.203429312999177 ARM 105
171.8628799 -76.78675452 94.447306196980293 ARE 106
56.15211325 24.9602332 18.471963031155848 PSE 107
83.2477039 223.576077 47.352503687498427 SWE 108
84.5789618 121.9017801 27.33898075077996 MDA 109
-148.7659349 83.886761 51.305143969498772 ESP 110
-7.70086092 -22.03236547 18.906656929110273 NGA 111
-0.1029812237 41.33508073 30.432724271892816 ALB 112
34.82690692 -73.66545901 22.078218685404735 SWZ 113
104.8020603 101.7455067 38.240596503737549 GEO 114
-8.339809296 8.32622343 65.865657886738958 LBY 115
233.698991 -51.80592454 20.945237317550244 PNG 116
37.28544445 186.9507583 68.168921005513624 POL 117
-68.92806874 187.9379425 62.835711952650733 AUT 118
251.8581689 25.3381848 49.532685770241244 HKG 119
138.7058228 216.7290826 68.049640212460133 EST 120
53.85024239 243.7832354 66.845126620707504 NOR 121
-8.015401574 75.06480654 46.486754193222893 MNE 122
98.81256657 18.21516645 55.415889093467548 IRQ 123
-48.42361736 -20.88408146 9.0133950348037999 GNB 124
-27.47040136 -16.04698012 9.8736795605342067 MLI 125
156.0986606 138.9945479 95.473937511733411 KAZ 126
