-5.003090436 5.224346444 1.22474487139159 HRV 0
8.167200685 -1.764670564 1.10453610171872 UZB 1
1.570197844 5.472546518 1.3964240043769 BGR 2
-4.270148557 -3.656278294 1.62788205960997 GNQ 3
-0.9681437102 6.463677123 1.33416640641263 SRB 4
-2.047512492 -1.467590913 0.264575131106459 BFA 5
-1.564696532 -2.708513814 0.316227766016838 TGO 6
7.401798599 4.371654956 2.12602916254693 TKM 7
2.453361285 15.86289955 1.14017542509914 LVA 8
-7.384960964 13.38388827 1.66733320005331 DEU 9
13.00858385 -7.027417582 1.15758369027902 THA 10
5.395114086 7.706568799 1.15758369027902 AZE 11
13.13225662 -1.909767884 1.63707055437449 CHN 12
-1.9093471 -3.758812422 0.836660026534077 GAB 13
9.00035039 -3.928315019 0.6164414002969 PAK 14
0.1671362527 -2.234751349 0.173205080756888 RWA 15
4.076266681 -0.8219622118 0.793725393319376 SYR 16
0.4431834554 -3.091188392 0.360555127546399 ZMB 17
-4.335516415 16.64471292 1.27671453348037 DNK 18
10.05453192 -3.548392474 0.458257569495584 NPL 19
-3.551647856 2.434119981 0.927361849549569 TUN 20
0.9402144075 -0.1493422422 0.866025403784437 EGY 21
10.79741835 -2.002955199 0.800000000000001 KGZ 22
10.93854164 -5.656247642 0.447213595499958 BGD 23
-4.029881261 0.467857814 1.13137084989848 DZA 24
-1.624087587 -1.329180607 0.173205080756888 NER 25
8.780487941 -3.045347771 0.33166247903554 AFG 26
10.21738333 -12.93811261 0.346410161513776 YEM 27
-13.85553255 4.46562077 1.19582607431014 PRT 28
0.1930235374 -1.9693935 0.1 COD 29
4.921351468 -7.837759738 2.74408454680245 KWT 30
14.46287789 -6.182150009 0.574456264653803 KHM 31
14.54319945 -8.538220716 0.883176086632782 IDN 32
9.584623395 -2.578271907 0.600000000000002 TJK 33
-3.465439898 -2.096933227 0.2 SLE 34
3.740658692 3.866061434 1.29614813968157 TUR 35
2.12189638 13.29080179 1.48323969741914 BLR 36
-1.252775836 9.025899625 1.34536240470737 HUN 37
-0.583318895 4.148540215 1.11355287256601 MKD 38
19.95856276 -3.778330381 2.89654967159205 BRN 39
0.5816607292 -6.860516496 1.6583123951777 ZAF 40
-0.3760518781 -1.217692023 0.141421356237309 TCD 41
-11.134845 8.508320802 1.2369316876853 FRA 42
1.054704571 -3.17245012 0.28284271247462 MOZ 43
0.8158931696 -1.707332366 0.223606797749979 ETH 44
0.8000083693 -1.2242766 0.264575131106459 ERI 45
-13.5315861 7.221208623 1.47648230602334 AND 46
-3.543906603 7.433150543 1.53622914957373 BIH 47
-0.3695723008 -3.025280613 0.489897948556636 AGO 48
8.023970895 9.601441091 1.6 FIN 49
0.1682518339 -1.141155149 0.4 SDN 50
11.44584833 -3.76481394 0.948683298050512 BTN 51
11.7079827 -5.119003927 0.489897948556636 MMR 52
12.30243482 5.833222534 3.1224989991992 MNG 53
15.79288576 0.9253403844 2.05182845286832 KOR 54
0.1071518725 -1.616654336 0.1 CAF 55
2.732439094 -2.658573957 1.53297097167559 ISR 56
15.58115184 -4.387361523 0.969535971483269 VNM 57
-5.772537583 1.451133769 0.793725393319376 MAR 58
2.735576009 0.628707993 1.17473401244707 LBN 59
7.381299897 -12.47600016 2.5495097567964 SAU 60
6.053216928 0.8657772091 1.79164728671689 IRN 61
1.3528056 -1.45595125 0.360555127546399 DJI 62
0.1423812031 15.25235066 1.35277492584687 LTU 63
4.635330505 10.74805084 1.97737199332852 RUS 64
1.047478237 -3.932509329 0.509901951359279 ZWE 65
-3.150967962 -0.8976629467 0.509901951359279 MRT 66
-0.2975075893 -4.468127409 1 BWA 67
10.87565486 -17.52596607 3.65786823163438 QAT 68
-4.823062508 -1.285280173 0.264575131106459 GMB 69
10.11378583 -4.790330164 0.800000000000001 IND 70
-0.2906560799 -1.645927031 0.3 CMR 71
-3.041575456 -2.233887259 0.264575131106459 LBR 72
-2.278205947 -2.525789065 0.435889894354067 GHA 73
0.9958952358 7.97581474 1.15758369027902 ROU 74
1.299792691 10.45742627 1.33041346956501 UKR 75
0.1145868074 -2.531807467 0.141421356237309 BDI 76
0.9982714499 -2.210768452 0.33166247903554 KEN 77
-3.213079214 -1.674457182 0.3 GIN 78
0.869896928 -2.753587344 0.173205080756888 MWI 79
-6.432301879 7.397355839 1.47648230602334 SVN 80
2.461929741 -5.768246444 0.608276253029822 LSO 81
-2.577896375 -1.809247432 0.374165738677395 CIV 82
1.288354659 -1.89281435 0.1 SOM 83
0.396834291 -1.670699745 0.2 SSD 84
15.21369173 -9.544039032 0.374165738677395 TLS 85
-8.770927684 11.05679072 1.15758369027902 LIE 86
-10.11850078 14.99601048 1.61554944214035 BEL 87
-0.7378303462 -2.205692154 0.447213595499958 COG 88
0.5020911341 -2.494707938 0.264575131106459 TZA 89
-4.141098726 13.60018929 1.72336879396141 CZE 90
16.5762265 -6.879049609 1.7464249196573 MYS 91
-3.31795444 10.69610855 1.4247806848775 SVK 92
0.4836657612 -2.04445581 0.2 UGA 93
13.15917908 0.3674558217 0.640312423743284 PRK 94
-11.87244984 11.81549719 2.17255609824004 LUX 95
-1.593426352 -1.977082562 0.447213595499958 BEN 96
1.32965842 2.77051342 1.34536240470737 GRC 97
-8.739542542 8.833056649 1.16189500386223 CHE 98
-4.063301599 -1.157928182 0.479583152331272 SEN 99
4.583550197 -4.20463259 0.948683298050512 JOR 100
-7.271614462 16.65168076 1.7058722109232 NLD 101
12.41110617 -12.11412993 2.0976176963403 OMN 102
-9.086274262 6.450613573 1.34907375632321 ITA 103
13.4333944 -4.713419064 1.29614813968157 LAO 104
4.389732163 5.919582343 0.848528137423857 ARM 105
9.896443601 -8.51617004 2.343074902772 ARE 106
2.050757401 -0.8752050259 0.458257569495584 PSE 107
10.05277692 11.33438024 1.17473401244707 SWE 108
2.574707352 8.914407539 0.678232998312526 MDA 109
-11.55596411 5.382007653 1.27279220613579 ESP 110
-0.969758265 -1.358343291 0.469041575982343 NGA 111
-2.028817822 3.090100186 0.754983443527078 ALB 112
1.372965242 -4.892916082 0.547722557505166 SWZ 113
3.397894673 7.407287824 0.948683298050512 GEO 114
-1.382506022 0.6153956703 1.63401346383682 LBY 115
15.89333975 -8.941647097 0.519615242270664 PNG 116
-0.9393956969 12.51946951 1.69115345252878 POL 117
-6.220956472 10.29998266 1.55884572681199 AUT 118
15.94800446 -2.216354979 1.22882057274445 HKG 119
4.882158608 14.56652828 1.68819430161341 EST 120
7.613213196 12.83375452 1.6583123951777 NOR 121
-2.755449188 4.835416508 1.15325625946708 MNE 122
5.64765177 -2.245361896 1.37477270848675 IRQ 123
-3.73426322 -1.746412966 0.223606797749979 GNB 124
-2.490385742 -1.204034629 0.244948974278318 MLI 125
10.06042122 0.9799999126 2.3685438564654 KAZ 126
