-5.01459371 5.203033066 1.22474487139159 HRV 0
8.162674393 -1.749297674 1.10453610171872 UZB 1
1.570197844 5.472546518 1.3964240043769 BGR 2
-4.26650286 -3.654128696 1.62788205960997 GNQ 3
-0.9680114485 6.446173167 1.33416640641263 SRB 4
-2.073690171 -1.459084251 0.264575131106459 BFA 5
-1.58779273 -2.685997088 0.316227766016838 TGO 6
7.390755665 4.359333395 2.12602916254693 TKM 7
2.449686809 15.86686066 1.14017542509914 LVA 8
-7.344364224 13.38644138 1.66733320005331 DEU 9
12.99799854 -7.027571652 1.15758369027902 THA 10
5.478773593 7.51128044 1.15758369027902 AZE 11
13.09839799 -1.896278274 1.63707055437449 CHN 12
-1.896349296 -3.751715251 0.836660026534077 GAB 13
9.066927745 -3.911496607 0.6164414002969 PAK 14
0.176911192 -2.234101497 0.173205080756888 RWA 15
4.076455734 -0.822284439 0.793725393319376 SYR 16
0.4452914977 -3.100163313 0.360555127546399 ZMB 17
-4.376160584 16.58374643 1.27671453348037 DNK 18
10.11991678 -3.540616214 0.458257569495584 NPL 19
-3.528705313 2.434119981 0.927361849549569 TUN 20
0.9475020436 -0.1458769831 0.866025403784437 EGY 21
10.75457915 -1.978723913 0.800000000000001 KGZ 22
10.95763596 -5.647675845 0.447213595499958 BGD 23
-4.025387697 0.470266556 1.13137084989848 DZA 24
-1.624087587 -1.329180607 0.173205080756888 NER 25
8.780449446 -3.045244853 0.33166247903554 AFG 26
5.327156729 -12.19357503 0.346410161513776 YEM 27
-13.85553255 4.46562077 1.19582607431014 PRT 28
0.195553724 -1.9693935 0.1 COD 29
7.148751849 -6.654222161 2.74408454680245 KWT 30
14.45490168 -6.18614112 0.574456264653803 KHM 31
16.55260702 -9.508966786 0.883176086632782 IDN 32
9.561912871 -2.605357134 0.600000000000002 TJK 33
-3.468095237 -2.086726268 0.2 SLE 34
3.740658692 3.866061434 1.29614813968157 TUR 35
2.049260592 13.23593175 1.48323969741914 BLR 36
-1.27681599 9.006354607 1.34536240470737 HUN 37
-0.5693221025 4.124646377 1.11355287256601 MKD 38
19.97498122 -3.786540563 2.89654967159205 BRN 39
0.5827596126 -6.881153559 1.6583123951777 ZAF 40
-0.376051878 -1.217692023 0.141421356237309 TCD 41
-11.03022407 8.491460794 1.2369316876853 FRA 42
1.060908876 -3.166315712 0.28284271247462 MOZ 43
0.8176685658 -1.693995825 0.223606797749979 ETH 44
0.7950555513 -1.22317592 0.264575131106459 ERI 45
-13.41356795 7.275250485 1.47648230602334 AND 46
-3.552378168 7.421455273 1.53622914957373 BIH 47
-0.3711902813 -3.042905264 0.489897948556636 AGO 48
8.17251245 9.622949444 1.6 FIN 49
0.160936995 -1.134196706 0.4 SDN 50
11.46444251 -3.775001039 0.948683298050512 BTN 51
11.71133421 -5.144385957 0.489897948556636 MMR 52
12.30243482 5.833222534 3.1224989991992 MNG 53
15.78296943 0.9254446628 2.05182845286832 KOR 54
0.10671418 -1.619193912 0.1 CAF 55
2.735425563 -2.666673869 1.53297097167559 ISR 56
15.61206516 -4.392791286 0.969535971483269 VNM 57
-5.718231553 1.423980873 0.793725393319376 MAR 58
2.78038549 0.5593707259 1.17473401244707 LBN 59
3.310441776 -10.17256065 2.5495097567964 SAU 60
6.054903913 0.8338377071 1.79164728671689 IRN 61
1.350854155 -1.453371124 0.360555127546399 DJI 62
0.133435385 15.23347775 1.35277492584687 LTU 63
4.725427738 10.57975879 1.97737199332852 RUS 64
1.063820142 -3.929191069 0.509901951359279 ZWE 65
-3.145714498 -0.8878573189 0.509901951359279 MRT 66
-0.283198529 -4.474003416 1 BWA 67
-0.74216591 -14.83328476 3.65786823163438 QAT 68
-4.791122047 -1.288474267 0.264575131106459 GMB 69
10.11532565 -4.785724026 0.800000000000001 IND 70
-0.2772502079 -1.647084515 0.3 CMR 71
-3.041750605 -2.231048925 0.264575131106459 LBR 72
-2.296052612 -2.536881346 0.435889894354067 GHA 73
0.995895236 7.97581474 1.15758369027902 ROU 74
1.280771776 10.43840524 1.33041346956501 UKR 75
0.114378615 -2.532120044 0.141421356237309 BDI 76
0.9977081613 -2.197104092 0.33166247903554 KEN 77
-3.214620577 -1.677739531 0.3 GIN 78
0.854715804 -2.766238311 0.173205080756888 MWI 79
-6.451394074 7.386193728 1.47648230602334 SVN 80
2.816818967 -7.12877357 0.608276253029822 LSO 81
-2.578317793 -1.810234155 0.374165738677395 CIV 82
1.279713285 -1.891229363 0.1 SOM 83
0.394948397 -1.672642916 0.2 SSD 84
17.60271222 -10.19651634 0.374165738677395 TLS 85
-8.758638598 11.06478584 1.15758369027902 LIE 86
-10.10842667 14.97393031 1.61554944214035 BEL 87
-0.721987574 -2.212119751 0.447213595499958 COG 88
0.5118138738 -2.502270721 0.264575131106459 TZA 89
-4.091223327 13.63983762 1.72336879396141 CZE 90
16.58622305 -6.867311044 1.7464249196573 MYS 91
-3.329087225 10.70770984 1.4247806848775 SVK 92
0.485096039 -2.047255236 0.2 UGA 93
13.14158509 0.4052292984 0.640312423743284 PRK 94
-11.89312556 11.77576361 2.17255609824004 LUX 95
-1.597404872 -1.951374147 0.447213595499958 BEN 96
1.34767661 2.737408333 1.34536240470737 GRC 97
-8.731896715 8.832521924 1.16189500386223 CHE 98
-4.062202209 -1.155711831 0.479583152331272 SEN 99
4.559621499 -4.207992102 0.948683298050512 JOR 100
-7.265894002 16.6438599 1.7058722109232 NLD 101
4.79826311 -14.56264602 2.0976176963403 OMN 102
-9.106646877 6.444828682 1.34907375632321 ITA 103
13.41528154 -4.70288798 1.29614813968157 LAO 104
4.371067086 5.895660295 0.848528137423857 ARM 105
8.000632613 -11.58186877 2.343074902772 ARE 106
2.052231309 -0.87629107 0.458257569495584 PSE 107
10.09395506 11.60357755 1.17473401244707 SWE 108
2.498623692 8.914407539 0.678232998312526 MDA 109
-11.55596411 5.382007653 1.27279220613579 ESP 110
-0.9566135833 -1.345691529 0.469041575982343 NGA 111
-2.04080167 3.091148122 0.754983443527078 ALB 112
1.448441221 -4.873697055 0.547722557505166 SWZ 113
3.384762825 7.394914641 0.948683298050512 GEO 114
-1.325068614 0.6443196469 1.63401346383682 LBY 115
17.9467783 -9.406018044 0.519615242270664 PNG 116
-0.9203999403 12.50034849 1.69115345252878 POL 117
-6.220956472 10.29998266 1.55884572681199 AUT 118
15.94993309 -2.227208235 1.22882057274445 HKG 119
4.845788592 14.45864869 1.68819430161341 EST 120
7.560795106 12.71001265 1.6583123951777 NOR 121
-2.748303115 4.844226657 1.15325625946708 MNE 122
5.656132284 -2.255022912 1.37477270848675 IRQ 123
-3.733094206 -1.747441172 0.223606797749979 GNB 124
-2.489150061 -1.19866875 0.244948974278318 MLI 125
10.11973976 1.003639962 2.3685438564654 KAZ 126
