-50.22311566 100.3230086 21.009908011825559 HRV 0
175.0638254 92.40026951 18.947784501831229 UZB 1
68.26692604 104.9945193 23.954980798676992 BGR 2
-67.32211609 -50.28457528 27.925532186671457 GNQ 3
28.23308328 99.10330267 22.886981710197347 SRB 4
-29.69304553 -18.59890976 4.5386588640681094 BFA 5
-26.79873088 -43.77032184 5.4247349223433456 TGO 6
147.4488229 53.29854421 36.471005659176079 TKM 7
121.6156751 219.5197637 19.559159918309096 LVA 8
-69.7299211 232.8663172 28.602297487786227 DEU 9
180.3603803 -31.66282744 19.857790317683023 THA 10
142.6689326 101.8695271 19.857790317683023 AZE 11
228.6283477 61.24676232 28.083156386028463 CHN 12
-32.89297937 -62.46111002 14.352499532967775 GAB 13
175.211618 15.71095806 10.574755132636762 PAK 14
12.02005484 -34.297594 2.9712496854534858 RWA 15
78.73730573 36.79678696 13.615976592204328 SYR 16
15.45449953 -47.10168348 6.1851494461329635 ZMB 17
-45.42994364 269.0958233 21.901422518557347 DNK 18
183.8914073 41.53786462 7.8611877507888117 NPL 19
-39.70591011 65.03085429 15.908445593713628 TUN 20
15.89504486 -5.356125611 14.856248427267428 EGY 21
202.6165552 86.29596882 13.723614445809288 KGZ 22
190.9720275 15.93804951 7.671733699456917 BGD 23
-48.72208244 35.88788352 19.408121674042821 DZA 24
-22.18369319 -18.71701664 2.9712496854534858 NER 25
175.2374056 29.75969644 5.6895099855313198 AFG 26
124.7636736 -170.7805567 5.9424993709069716 YEM 27
-189.301363 66.2470818 20.513819985097555 PRT 28
7.483833428 -30.88189272 1.715451805726161 COD 29
106.4343831 -59.17052094 47.073447908775144 KWT 30
187.5643949 -56.29683943 9.8545203651107141 KHM 31
220.0462309 -85.3615653 15.150460125883747 IDN 32
187.8549338 62.90088645 10.292710834356965 TJK 33
-54.58683539 -21.12191283 3.4309036114523219 SLE 34
82.68256518 67.79151981 22.234796667053565 TUR 35
119.2782404 180.7162726 25.444262172623755 BLR 36
38.33644712 137.5009126 23.079043665113499 HUN 37
21.61275982 63.44296916 19.102462860149057 MKD 38
308.5392815 -31.49946365 49.688913645080966 BRN 39
-19.74999959 -105.1556579 28.447549927656603 ZAF 40
-1.400001001 -24.72257366 2.4260152092553526 TCD 41
-147.8952278 134.4050493 21.218966971996526 FRA 42
32.02385888 -53.73235069 4.8520304185107053 MOZ 43
25.83388382 -27.82019188 3.8358668497284585 ETH 44
26.37177153 -20.46253171 4.5386588640681094 ERI 45
-116.0620889 86.81738372 25.328342379904647 AND 46
-11.636831 113.9292403 26.353270686454053 BIH 47
0.4839834618 -55.03609636 8.4039632047302231 AGO 48
128.3947111 269.1186768 27.447228891618575 FIN 49
7.436254176 -22.10041407 6.8618072229046438 SDN 50
202.8612545 32.89005548 16.274204767030035 BTN 51
201.2678204 6.620445132 8.4039632047302231 MMR 52
262.3943466 151.7650624 53.564965465543963 MNG 53
283.0714462 56.33731257 35.198128245132729 KOR 54
1.981330307 -27.11389189 1.715451805726161 CAF 55
51.38379505 -3.307443695 26.297378214866768 ISR 56
247.6038346 -16.36362362 16.631922329974358 VNM 57
-112.505129 28.19895472 13.615976592204328 MAR 58
51.83552123 48.06942811 20.151995829002697 LBN 59
98.09196851 -137.1652256 43.735611160128364 SAU 60
145.9431726 -4.732991439 30.734845732228685 IRN 61
34.16515265 -25.4692474 6.1851494461329635 DJI 62
86.43783755 206.9471097 23.206201892850839 LTU 63
204.8708623 200.7725777 33.920863565477461 RUS 64
25.22877334 -63.31417112 8.7471222320256743 ZWE 65
-50.55867099 8.196364404 8.7471222320256743 MRT 66
6.90890561 -76.15758995 17.154518057261608 BWA 67
228.8594054 -225.6248818 62.748966630655502 QAT 68
-58.22466727 -1.895752551 4.5386588640681094 GMB 69
184.7445879 -2.987633755 13.723614445809288 IND 70
-3.703421191 -30.85650123 5.1463554171784827 CMR 71
-51.38143714 -27.21409217 4.5386588640681094 LBR 72
-35.49458669 -34.44644995 7.4774810636747029 GHA 73
75.11912488 142.2499235 19.857790317683023 ROU 74
120.1384681 139.0329472 22.822601887276981 UKR 75
14.09017566 -38.47485271 2.4260152092553526 BDI 76
30.88732949 -35.1885335 5.6895099855313198 KEN 77
-48.03472534 -17.66337854 5.1463554171784827 GIN 78
23.07574258 -44.85137972 2.9712496854534858 MWI 79
-47.10160035 143.1744022 25.328342379904647 SVN 80
44.94364353 -65.14843174 10.434685966403512 LSO 81
-39.6452135 -23.18366635 6.4186329205499861 CIV 82
40.68103182 -27.50848759 1.715451805726161 SOM 83
13.17673517 -28.88970045 3.4309036114523219 SSD 84
238.6759492 -84.82945658 6.4186329205499861 TLS 85
-85.53187635 161.7873764 19.857790317683023 LIE 86
-160.1435986 243.4985811 27.713972077595571 BEL 87
-4.081209126 -41.92206271 7.671733699456917 COG 88
20.09966177 -39.0874132 4.5386588640681094 TZA 89
-7.971367647 201.4289172 29.563561095332144 CZE 90
220.7959543 -46.37987701 29.959077819912775 MYS 91
1.577832208 155.7681546 24.441425986368646 SVK 92
17.8000931 -32.59889201 3.4309036114523219 UGA 93
254.8860645 96.51260366 10.984251035393127 PRK 94
-119.3220158 204.9718591 37.269152817672641 LUX 95
-23.47129846 -29.28203872 7.671733699456917 BEN 96
20.99698364 27.01202342 23.079043665113499 GRC 97
-119.332948 155.5628872 19.931748824396585 CHE 98
-47.37794073 -6.130412336 8.2270178466252499 SEN 99
87.89443531 -7.688752623 16.274204767030035 JOR 100
-110.6471935 261.7833556 29.263415645662786 NLD 101
220.6698733 -140.7356681 35.983620649101226 OMN 102
-76.61354987 72.78965895 23.142710113424155 ITA 103
227.4491288 10.48730135 22.234796667053565 LAO 104
112.1491552 79.69355458 14.556091255532115 ARM 105
171.8645616 -96.60119302 40.194320729118701 ARE 106
60.48540881 24.75970381 7.8611877507888117 PSE 107
96.60481675 242.9944826 20.151995829002697 SWE 108
94.7409922 123.4092503 11.634760216582922 MDA 109
-155.2495896 97.95086787 21.834136883298171 ESP 110
-11.65432367 -22.59709682 8.0461821847955459 NGA 111
-3.594471824 46.08877049 12.951377114918756 ALB 112
30.79483842 -77.97476348 9.3959165030918808 SWZ 113
111.7455632 106.3210922 16.274204767030035 GEO 114
-18.79218584 7.884945258 28.030713471197302 LBY 115
242.3686792 -72.11085366 8.9137490563604587 PNG 116
49.47832302 181.0941112 29.010922439005206 POL 117
-54.58373448 187.5244535 26.741247169081369 AUT 118
264.8560445 11.26740411 21.079824704279233 HKG 119
161.2508746 233.1397654 28.960159631193449 EST 120
54.86056972 238.5585983 28.447549927656603 NOR 121
-10.24019492 74.10162342 19.783555327677998 MNE 122
106.7755771 21.10064669 23.583563252366435 IRQ 123
-55.27979358 -14.88241623 3.8358668497284585 GNB 124
-36.13221376 -14.65682086 4.2019816023651115 MLI 125
174.7353483 143.8624249 40.631228355151791 KAZ 126
