-53.93771399 96.67673523 49.368397802671034 HRV 0
167.2599182 97.29687965 44.522887117791335 UZB 1
60.17006331 104.364875 56.288633951123799 BGR 2
-61.41394482 -52.89484445 65.61850632886707 GNQ 3
23.39223233 94.78298612 53.779084465077673 SRB 4
-27.20938949 -21.60249248 10.664792828498646 BFA 5
-24.04524287 -44.79776053 12.74686550124585 TGO 6
141.1374545 62.31825847 85.698381669840728 TKM 7
106.4026568 220.8768897 45.959477166184897 LVA 8
-84.75409589 225.1107706 67.208747399207454 DEU 9
181.0053359 -22.95718525 46.661189155783539 THA 10
134.2314428 108.4589429 46.661189155783539 AZE 11
216.6720293 72.83644114 65.988886540565474 CHN 12
-29.93831278 -64.25235711 33.725036111885203 GAB 13
174.8477313 27.44405435 24.848215316316704 PAK 14
14.58521942 -33.3241818 6.9817457725167476 RWA 15
76.65240105 44.3186826 31.994378485495933 SYR 16
18.91908924 -45.31820982 14.533662791564524 ZMB 17
-62.57380668 261.2895044 51.463249564535673 DNK 18
175.8893559 54.20902403 18.471963031155848 NPL 19
-35.11244689 60.1100712 37.381147506716857 TUN 20
20.39224532 -6.182896342 34.908728862583743 EGY 21
194.5786008 98.4522649 32.247302409408611 KGZ 22
189.1934416 28.382182 18.0267900696076 BGD 23
-39.34145629 31.09985655 45.604572417332243 DZA 24
-16.89146652 -16.45343948 6.9817457725167476 NER 25
170.5018121 39.4968426 13.3690253241415 AFG 26
133.4355102 -157.9852907 13.963491545033495 YEM 27
-193.0432308 54.38743338 48.202706309168761 PRT 28
9.485390239 -30.4336223 4.0309128011760764 COD 29
116.5123972 -48.75085228 110.61165527215444 KWT 30
192.4965392 -43.34865242 23.155831109088059 KHM 31
226.1938973 -69.91789198 35.600057933006831 IDN 32
183.6014943 74.50233276 24.185476807056457 TJK 33
-52.036102 -23.95537474 8.0618256023521528 SLE 34
77.80332692 72.53753931 52.246601284630053 TUR 35
104.8791532 183.6058652 59.788098835393114 BLR 36
33.10395723 129.6677705 54.2303853935597 HUN 37
21.29322445 61.77214627 44.886345288126989 MKD 38
300.8407957 -8.26327482 116.75739150462745 BRN 39
-10.35840657 -100.194174 66.845126620707504 ZAF 40
-4.595713047 -19.5607706 5.7005715521665303 TCD 41
-151.5419189 129.1221077 49.859637740709964 FRA 42
34.78585848 -52.82534039 11.401143104333061 MOZ 43
29.03691754 -25.67375085 9.0133950348037999 ETH 44
28.56277755 -19.0933961 10.664792828498646 ERI 45
-120.5736074 80.49616649 59.515714280594544 AND 46
-14.05254909 104.9967905 61.924057445565516 BIH 47
2.638489128 -53.16140728 19.747359121068413 AGO 48
110.7420257 270.6344322 64.494604818817223 FIN 49
10.60154763 -21.44216804 16.123651204704306 SDN 50
193.3887675 46.77416027 38.240596503737549 BTN 51
199.5343012 21.07186253 19.747359121068413 MMR 52
247.129318 164.5630649 125.86521187531538 MNG 53
276.9984055 66.48972672 82.707415764842111 KOR 54
3.201167964 -25.38379013 4.0309128011760764 CAF 55
51.9507604 1.241150586 61.792723135584602 ISR 56
238.5788276 -1.518501762 39.08114958652579 VNM 57
-114.0365291 21.17203592 31.994378485495933 MAR 58
50.50374122 49.21002357 47.352503687498427 LBN 59
124.8843934 -119.7960198 102.76851515393882 SAU 60
139.3127421 9.405324469 72.219739832195017 IRN 61
36.27942684 -22.53258963 14.533662791564524 DJI 62
74.73839175 209.3746466 54.529177657061588 LTU 63
188.1353055 200.2018168 79.706140805949801 RUS 64
29.26910022 -62.00890185 20.553703030787766 ZWE 65
-50.42677134 4.752376381 20.553703030787766 MRT 66
11.17418678 -71.43885484 40.309128011760762 BWA 67
243.1728925 -200.1211208 147.44547879910303 QAT 68
-57.76699335 -5.64105235 10.664792828498646 GMB 69
174.2671983 7.20853263 32.247302409408611 IND 70
-4.430715021 -26.63565434 12.092738403528228 CMR 71
-49.64725862 -30.18802758 10.664792828498646 LBR 72
-33.09341212 -40.16762372 17.570341550550975 GHA 73
65.86584297 138.409181 46.661189155783539 ROU 74
108.7145285 145.776192 53.627806853266648 UKR 75
16.60821008 -37.06389141 5.7005715521665303 BDI 76
33.38564779 -31.78891003 13.3690253241415 KEN 77
-46.07013507 -20.78285721 12.092738403528228 GIN 78
25.82415418 -43.23263923 6.9817457725167476 MWI 79
-57.49023783 144.1027142 59.515714280594544 SVN 80
48.89493528 -62.23772613 24.519085349893274 LSO 81
-41.57571537 -33.24748264 15.082294657962107 CIV 82
42.05521761 -24.85149544 4.0309128011760764 SOM 83
14.93874226 -28.2929565 8.0618256023521528 SSD 84
243.1959889 -68.37724058 15.082294657962107 TLS 85
-98.50049003 159.7721283 46.661189155783539 LIE 86
-169.4421998 229.983278 65.121389272564087 BEL 87
-0.847282293 -40.72123482 18.0267900696076 COG 88
22.33516054 -37.56399068 10.664792828498646 TZA 89
-26.41313407 190.9765841 69.467493327264179 CZE 90
222.6061221 -34.56358843 70.396865649395025 MYS 91
2.217600035 150.8190694 57.43166701541135 SVK 92
19.78263511 -31.71962755 8.0618256023521528 UGA 93
248.6094934 113.7346563 25.81043545618887 PRK 94
-129.8357243 197.5500005 87.573841876689386 LUX 95
-25.37161699 -31.06816133 18.0267900696076 BEN 96
23.59857385 28.33128945 54.2303853935597 GRC 97
-128.9774996 152.4456572 46.834974446907694 CHE 98
-48.7285414 -10.05809954 19.331578679605002 SEN 99
84.77903033 8.097704891 38.240596503737549 JOR 100
-124.5462747 249.6946555 68.762221321808539 NLD 101
225.7458772 -124.0218363 84.55314024151599 OMN 102
-83.69815908 69.88162501 54.379986740938982 ITA 103
223.342601 25.03951444 52.246601284630053 LAO 104
107.1221846 87.77169947 34.203429312999177 ARM 105
180.9621947 -84.0757024 94.447306196980293 ARE 106
58.61042841 27.59745491 18.471963031155848 PSE 107
84.82878422 243.5320768 47.352503687498427 SWE 108
88.3203021 127.8557676 27.33898075077996 MDA 109
-156.5205013 89.88621763 51.305143969498772 ESP 110
-14.66780429 -24.8437342 18.906656929110273 NGA 111
-3.621902728 43.75495048 30.432724271892816 ALB 112
35.36274864 -74.9376196 22.078218685404735 SWZ 113
106.5396202 115.0440207 38.240596503737549 GEO 114
-10.64740091 7.157686891 65.865657886738958 LBY 115
244.1573925 -56.33719754 20.945237317550244 PNG 116
40.95260055 185.9090269 68.168921005513624 POL 117
-70.07146169 183.1444693 62.835711952650733 AUT 118
257.4236588 26.70745504 49.532685770241244 HKG 119
141.1795816 236.761477 68.049640212460133 EST 120
46.8141619 238.989642 66.845126620707504 NOR 121
-8.465429635 69.08374116 46.486754193222893 MNE 122
103.7905729 33.26143985 55.415889093467548 IRQ 123
-53.33250848 -18.37110455 9.0133950348037999 GNB 124
-33.74532258 -16.26017237 9.8736795605342067 MLI 125
158.5641238 149.46072 95.473937511733411 KAZ 126
