-49.94340569 93.52304311 21.0099080118256 HRV 0
182.7100922 103.2815994 18.9477845018312 UZB 1
79.89195108 101.6084859 23.954980798677 BGR 2
-71.93522228 -53.81225466 27.9255321866715 GNQ 3
37.01634562 108.3435494 22.8869817101973 SRB 4
-29.7891282 -17.10099609 4.53865886406811 BFA 5
-25.33182086 -45.13095068 5.42473492234335 TGO 6
149.9826954 57.57067451 36.4710056591761 TKM 7
124.6409984 233.8874339 19.5591599183091 LVA 8
-66.9891912 233.4602464 28.6022974877862 DEU 9
236.0832545 10.6204769 19.857790317683 THA 10
148.3615346 113.8797109 19.857790317683 AZE 11
252.4836643 90.06505953 28.0831563860285 CHN 12
-32.47339505 -62.1656279 14.3524995329678 GAB 13
202.2123558 52.1679533 10.5747551326368 PAK 14
10.19848526 -34.65794723 2.97124968545349 RWA 15
89.02270306 4.063140442 13.6159765922043 SYR 16
14.88359125 -47.496668 6.18514944613296 ZMB 17
-43.90667174 274.1519019 21.9014225185573 DNK 18
203.729436 69.18210982 7.86118775078881 NPL 19
-47.43611772 57.14409661 15.9084455937136 TUN 20
27.69719954 -7.160786902 14.8562484272674 EGY 21
209.4213811 88.34921533 13.7236144458093 KGZ 22
213.2233655 26.21365358 7.67173369945692 BGD 23
-52.63516227 14.98243542 19.4081216740428 DZA 24
-22.591479 -19.24388952 2.97124968545349 NER 25
190.2627535 62.15429345 5.68950998553132 AFG 26
128.1512906 -173.7379194 5.94249937090697 YEM 27
-190.1605298 64.80105915 20.5138199850976 PRT 28
7.290717688 -30.95928979 1.71545180572616 COD 29
104.799079 -82.43477817 47.0734479087751 KWT 30
233.9340121 -16.81892671 9.85452036511071 KHM 31
245.129745 -74.83965277 15.1504601258837 IDN 32
188.7808899 76.88469287 10.292710834357 TJK 33
-57.80000416 -27.5146061 3.43090361145232 SLE 34
92.34983932 58.25490574 22.2347966670536 TUR 35
133.4307794 193.1368897 25.4442621726238 BLR 36
34.13101112 150.8254344 23.0790436651135 HUN 37
17.6476697 74.61316258 19.1024628601491 MKD 38
340.0857817 -37.49371959 49.688913645081 BRN 39
-23.780894 -109.3085472 28.4475499276566 ZAF 40
-1.615499179 -25.23187473 2.42601520925535 TCD 41
-155.4904002 133.2552439 21.2189669719965 FRA 42
32.08951419 -53.03669304 4.85203041851071 MOZ 43
22.52642497 -31.7696071 3.83586684972846 ETH 44
20.518594 -24.04621036 4.53865886406811 ERI 45
-120.7743846 91.96659769 25.3283423799046 AND 46
-9.852987317 118.1007554 26.3532706864541 BIH 47
1.173292359 -56.98475933 8.40396320473022 AGO 48
129.6884588 277.1367596 27.4472288916186 FIN 49
6.440193132 -20.65739013 6.86180722290464 SDN 50
226.287015 58.40986216 16.27420476703 BTN 51
224.8971258 35.58414547 8.40396320473022 MMR 52
292.4852943 176.7788021 53.564965465544 MNG 53
319.4275929 85.78109007 35.1981282451327 KOR 54
1.917711998 -27.44539887 1.71545180572616 CAF 55
64.39552259 -26.04552623 26.2973782148668 ISR 56
276.4103098 9.11098829 16.6319223299744 VNM 57
-112.505129 28.19895472 13.6159765922043 MAR 58
66.3567672 25.62034267 20.1519958290027 LBN 59
80.51257616 -162.9706415 43.7356111601284 SAU 60
172.290128 -3.774701343 30.7348457322287 IRN 61
30.16494427 -26.49508481 6.18514944613296 DJI 62
91.6643027 210.0630966 23.2062018928508 LTU 63
221.6537132 216.2622948 33.9208635654775 RUS 64
24.65091299 -63.20358203 8.74712223202567 ZWE 65
-49.17054659 -11.12685523 8.74712223202567 MRT 66
6.655663378 -80.0167029 17.1545180572616 BWA 67
232.1153102 -245.1090859 62.7489666306555 QAT 68
-71.42220342 -3.146974201 4.53865886406811 GMB 69
194.0408107 31.19558907 13.7236144458093 IND 70
-1.547228022 -32.78220477 5.14635541717848 CMR 71
-50.35700866 -32.86665059 4.53865886406811 LBR 72
-35.72742152 -39.23384383 7.4774810636747 GHA 73
73.87124367 152.4461613 19.857790317683 ROU 74
120.2673932 150.3956541 22.822601887277 UKR 75
13.93625429 -38.70523845 2.42601520925535 BDI 76
29.84537456 -37.79593513 5.68950998553132 KEN 77
-50.72296845 -23.90268926 5.14635541717848 GIN 78
23.29314662 -45.61466734 2.97124968545349 MWI 79
-54.53827416 136.2004234 25.3283423799046 SVN 80
44.94364353 -65.14843174 10.4346859664035 LSO 81
-40.47724583 -27.15576308 6.41863292054999 CIV 82
37.19950316 -28.66955221 1.71545180572616 SOM 83
11.5744169 -28.69126772 3.43090361145232 SSD 84
244.9422065 -96.35641638 6.41863292054999 TLS 85
-86.74365952 162.9363628 19.857790317683 LIE 86
-162.9757727 247.5690192 27.7139720775956 BEL 87
-5.844553687 -43.85090133 7.67173369945692 COG 88
20.44982797 -39.26567712 4.53865886406811 TZA 89
-10.72463598 222.5135223 29.5635610953321 CZE 90
266.0818722 -34.89273616 29.9590778199128 MYS 91
-3.958608922 172.8906623 24.4414259863686 SVK 92
15.96860414 -33.28834084 3.43090361145232 UGA 93
271.7625435 120.6915109 10.9842510353931 PRK 94
-120.558432 204.2450577 37.2691528176726 LUX 95
-26.39380049 -28.75488335 7.67173369945692 BEN 96
27.93774475 36.91871694 23.0790436651135 GRC 97
-121.2895518 150.087907 19.9317488243966 CHE 98
-64.80429806 -12.94681509 8.22701784662525 SEN 99
103.7644754 -23.7638232 16.27420476703 JOR 100
-112.1981864 265.3778242 29.2634156456628 NLD 101
234.7721825 -153.6894709 35.9836206491012 OMN 102
-82.40673358 68.64471323 23.1427101134242 ITA 103
258.6186779 42.53542404 22.2347966670536 LAO 104
112.19255 85.96265303 14.5560912555321 ARM 105
181.7874331 -107.083644 40.1943207291187 ARE 106
51.5464837 3.197298804 7.86118775078881 PSE 107
92.01019494 250.8693189 20.1519958290027 SWE 108
94.38863055 131.7081792 11.6347602165829 MDA 109
-164.3951046 94.38085773 21.8341368832982 ESP 110
-12.01378977 -26.4737793 8.04618218479555 NGA 111
-4.782666194 45.68248451 12.9513771149188 ALB 112
31.21343701 -78.67868848 9.39591650309188 SWZ 113
114.8952985 114.3932716 16.27420476703 GEO 114
-9.323073798 7.559719167 28.0307134711973 LBY 115
268.2944198 -75.8197848 8.91374905636046 PNG 116
44.53163957 197.943073 29.0109224390052 POL 117
-49.74975587 185.1797734 26.7412471690814 AUT 118
299.0423218 37.80036154 21.0798247042792 HKG 119
168.9991797 241.1692507 28.9601596311934 EST 120
46.87685014 251.1162808 28.4475499276566 NOR 121
-18.32874745 72.82427277 19.783555327678 MNE 122
123.292414 7.669929321 23.5835632523664 IRQ 123
-63.57298517 -24.05286186 3.83586684972846 GNB 124
-37.88171592 -16.84550027 4.20198160236511 MLI 125
183.8661243 158.4586431 40.6312283551518 KAZ 126
