-61.51999196 89.95504154 21.0099080118256 HRV 0
189.6298611 109.4404928 18.9477845018312 UZB 1
56.03560879 77.10732947 23.954980798677 BGR 2
-71.83426611 -53.56400159 27.9255321866715 GNQ 3
15.7491188 98.81472735 22.8869817101973 SRB 4
-29.56759387 -17.91121142 4.53865886406811 BFA 5
-24.38303799 -44.77217162 5.42473492234335 TGO 6
148.2317385 73.93257641 36.4710056591761 TKM 7
123.224294 243.3348565 19.5591599183091 LVA 8
-66.53442552 231.9008117 28.6022974877862 DEU 9
219.5707719 9.508482585 19.857790317683 THA 10
151.4185954 133.9706506 19.857790317683 AZE 11
270.8570364 75.20796756 28.0831563860285 CHN 12
-32.47339505 -62.1656279 14.3524995329678 GAB 13
189.5772237 56.23358432 10.5747551326368 PAK 14
9.177847269 -35.24266709 2.97124968545349 RWA 15
99.49714077 0.8990619984 13.6159765922043 SYR 16
14.46561177 -48.59577505 6.18514944613296 ZMB 17
-45.79181685 273.7978556 21.9014225185573 DNK 18
207.6502993 70.20945477 7.86118775078881 NPL 19
-51.27937971 56.11679839 15.9084455937136 TUN 20
26.6307586 -7.710005964 14.8562484272674 EGY 21
216.0968732 92.9257317 13.7236144458093 KGZ 22
224.7070651 34.63431104 7.67173369945692 BGD 23
-53.63266862 17.54260132 19.4081216740428 DZA 24
-22.12430322 -19.11222205 2.97124968545349 NER 25
187.6493375 71.1738402 5.68950998553132 AFG 26
128.1512906 -173.7379194 5.94249937090697 YEM 27
-190.026066 64.16743856 20.5138199850976 PRT 28
7.224964742 -31.02785184 1.71545180572616 COD 29
110.7991226 -84.17963543 47.0734479087751 KWT 30
241.8933815 -6.9773607 9.85452036511071 KHM 31
249.6583887 -80.34600009 15.1504601258837 IDN 32
196.1417284 83.37843449 10.292710834357 TJK 33
-57.9038437 -27.66445101 3.43090361145232 SLE 34
97.59515986 55.63071698 22.2347966670536 TUR 35
98.92863719 207.7787705 25.4442621726238 BLR 36
19.60640128 146.6418305 23.0790436651135 HUN 37
10.20604216 60.88914481 19.1024628601491 MKD 38
341.2283889 -33.87987399 49.688913645081 BRN 39
-23.64731975 -109.1114243 28.4475499276566 ZAF 40
-0.4545771426 -24.92878052 2.42601520925535 TCD 41
-157.1814317 133.9469695 21.2189669719965 FRA 42
32.09892572 -53.098467 4.85203041851071 MOZ 43
21.57728925 -32.20049653 3.83586684972846 ETH 44
18.42716817 -24.70909717 4.53865886406811 ERI 45
-123.3557385 92.97968126 25.3283423799046 AND 46
-21.0368492 125.4293133 26.3532706864541 BIH 47
1.119597612 -56.98386346 8.40396320473022 AGO 48
134.2280552 286.6826143 27.4472288916186 FIN 49
9.219579845 -19.21953763 6.86180722290464 SDN 50
229.9801665 68.67994352 16.27420476703 BTN 51
234.0472857 46.20408185 8.40396320473022 MMR 52
292.5071304 178.390132 53.564965465544 MNG 53
326.6399045 93.98007152 35.1981282451327 KOR 54
2.748853224 -27.55952123 1.71545180572616 CAF 55
60.61755599 -23.55595754 26.2973782148668 ISR 56
278.8597627 1.677550885 16.6319223299744 VNM 57
-112.505129 28.19895472 13.6159765922043 MAR 58
76.45102962 21.53554056 20.1519958290027 LBN 59
80.81617086 -161.8282097 43.7356111601284 SAU 60
173.6738903 17.15724126 30.7348457322287 IRN 61
29.63561726 -26.86881927 6.18514944613296 DJI 62
78.68310306 247.2931272 23.2062018928508 LTU 63
226.0441071 225.4023772 33.9208635654775 RUS 64
24.71281277 -63.21353959 8.74712223202567 ZWE 65
-48.11589959 -10.52111177 8.74712223202567 MRT 66
6.597178242 -79.93518193 17.1545180572616 BWA 67
232.3976052 -244.4187829 62.7489666306555 QAT 68
-70.96524253 -3.526207431 4.53865886406811 GMB 69
210.4512013 48.14707871 13.7236144458093 IND 70
-0.7464731593 -32.99625598 5.14635541717848 CMR 71
-50.35883437 -32.87072156 4.53865886406811 LBR 72
-35.60625555 -37.55058638 7.4774810636747 GHA 73
50.15895049 120.8152335 19.857790317683 ROU 74
62.31553605 163.9764954 22.822601887277 UKR 75
12.62794711 -39.02667946 2.42601520925535 BDI 76
28.99811969 -38.81165132 5.68950998553132 KEN 77
-51.48926487 -23.07752593 5.14635541717848 GIN 78
23.50964642 -45.90643679 2.97124968545349 MWI 79
-68.71923169 131.9117239 25.3283423799046 SVN 80
44.94364353 -65.14843174 10.4346859664035 LSO 81
-40.58754459 -25.67049121 6.41863292054999 CIV 82
35.92012796 -30.43073941 1.71545180572616 SOM 83
11.36670014 -28.45236011 3.43090361145232 SSD 84
244.4246073 -99.3638978 6.41863292054999 TLS 85
-93.98860699 164.5657365 19.857790317683 LIE 86
-167.1198739 254.1421908 27.7139720775956 BEL 87
-5.785676524 -43.91158243 7.67173369945692 COG 88
18.92400143 -39.81448997 4.53865886406811 TZA 89
-11.85420403 231.7269643 29.5635610953321 CZE 90
258.2935333 -39.51648596 29.9590778199128 MYS 91
-4.291585798 182.8650063 24.4414259863686 SVK 92
15.07651218 -33.63432712 3.43090361145232 UGA 93
275.7019006 119.8817989 10.9842510353931 PRK 94
-129.6784138 208.0862258 37.2691528176726 LUX 95
-24.69497863 -28.64969314 7.67173369945692 BEN 96
37.41780813 32.97169068 23.0790436651135 GRC 97
-119.7334659 137.4375008 19.9317488243966 CHE 98
-63.6211293 -12.67131496 8.22701784662525 SEN 99
99.71146711 -27.56026754 16.27420476703 JOR 100
-111.0327674 265.9240207 29.2634156456628 NLD 101
238.0398649 -153.4537397 35.9836206491012 OMN 102
-91.42895929 62.0026209 23.1427101134242 ITA 103
256.1710218 29.10516545 22.2347966670536 LAO 104
106.9138912 95.38004314 14.5560912555321 ARM 105
187.2832046 -106.0996583 40.1943207291187 ARE 106
45.60535184 4.927386404 7.86118775078881 PSE 107
86.88251317 285.996826 20.1519958290027 SWE 108
76.58606932 132.4925146 11.6347602165829 MDA 109
-166.6946677 95.89535104 21.8341368832982 ESP 110
-10.43556583 -25.68729645 8.04618218479555 NGA 111
-16.94846787 45.46527194 12.9513771149188 ALB 112
30.98102205 -78.66970906 9.39591650309188 SWZ 113
118.646633 121.8169821 16.27420476703 GEO 114
-10.77988057 8.393555869 28.0307134711973 LBY 115
271.3388574 -74.17125435 8.91374905636046 PNG 116
38.0339559 211.569759 29.0109224390052 POL 117
-51.5339692 178.419083 26.7412471690814 AUT 118
299.2211858 37.89408456 21.0798247042792 HKG 119
171.6581963 243.9153693 28.9601596311934 EST 120
26.56793205 268.2275072 28.4475499276566 NOR 121
-25.17169909 78.41675285 19.783555327678 MNE 122
131.7513302 -9.648042366 23.5835632523664 IRQ 123
-64.19923784 -23.89409934 3.83586684972846 GNB 124
-37.348487 -15.9827273 4.20198160236511 MLI 125
198.3372612 163.3041503 40.6312283551518 KAZ 126
