-55.08698044 94.73483884 49.368397802671034 HRV 0
166.0581918 95.76603699 44.522887117791335 UZB 1
59.57886871 103.5765969 56.288633951123799 BGR 2
-62.26648103 -52.90022871 65.61850632886707 GNQ 3
20.23546985 93.84205876 53.779084465077673 SRB 4
-28.34668378 -20.87293379 10.664792828498646 BFA 5
-24.79178757 -43.28421144 12.74686550124585 TGO 6
139.6996239 60.59639403 85.698381669840728 TKM 7
105.4918108 219.0418428 45.959477166184897 LVA 8
-85.94189027 227.4593612 67.208747399207454 DEU 9
181.3233944 -23.12598598 46.661189155783539 THA 10
133.3020221 105.4109787 46.661189155783539 AZE 11
218.5592845 74.41336736 65.988886540565474 CHN 12
-31.01460534 -64.27413134 33.725036111885203 GAB 13
174.9326625 27.27822885 24.848215316316704 PAK 14
14.42251373 -33.39515607 6.9817457725167476 RWA 15
76.32729392 44.18095396 31.994378485495933 SYR 16
18.56889059 -45.40333222 14.533662791564524 ZMB 17
-62.16996776 261.3858862 51.463249564535673 DNK 18
177.2580519 53.89735301 18.471963031155848 NPL 19
-35.35003015 59.24191887 37.381147506716857 TUN 20
18.92813215 -6.633016843 34.908728862583743 EGY 21
194.1730871 97.18250805 32.247302409408611 KGZ 22
189.1590603 27.31107383 18.0267900696076 BGD 23
-39.60769709 30.80841687 45.604572417332243 DZA 24
-17.33862975 -16.78015074 6.9817457725167476 NER 25
170.5581522 39.17559591 13.3690253241415 AFG 26
133.7863569 -159.9502497 13.963491545033495 YEM 27
-192.9554783 54.6990776 48.202706309168761 PRT 28
8.724019883 -31.0953391 4.0309128011760764 COD 29
117.4631401 -51.73273552 110.61165527215444 KWT 30
192.8337769 -43.25717997 23.155831109088059 KHM 31
226.4965579 -69.8023129 35.600057933006831 IDN 32
183.4812593 74.29239446 24.185476807056457 TJK 33
-52.85355944 -23.93788749 8.0618256023521528 SLE 34
77.31647888 72.184278 52.246601284630053 TUR 35
104.0359188 183.3394637 59.788098835393114 BLR 36
31.05520106 128.3321345 54.2303853935597 HUN 37
21.91565118 60.96572401 44.886345288126989 MKD 38
299.4010705 -8.319892768 116.75739150462745 BRN 39
-11.57376367 -99.37093531 66.845126620707504 ZAF 40
-5.09266003 -20.00834462 5.7005715521665303 TCD 41
-151.6489166 130.8271217 49.859637740709964 FRA 42
34.38088289 -53.19162248 11.401143104333061 MOZ 43
28.93024303 -25.35821698 9.0133950348037999 ETH 44
28.89307824 -18.81454357 10.664792828498646 ERI 45
-121.1841635 82.78714403 59.515714280594544 AND 46
-17.35922657 102.4955252 61.924057445565516 BIH 47
2.586383545 -53.13756432 19.747359121068413 AGO 48
109.1943185 268.6010022 64.494604818817223 FIN 49
9.256128069 -22.00492681 16.123651204704306 SDN 50
194.9944153 45.16498538 38.240596503737549 BTN 51
199.4862234 20.20630725 19.747359121068413 MMR 52
246.3750175 161.478716 125.86521187531538 MNG 53
277.9814803 65.87247317 82.707415764842111 KOR 54
2.576626055 -25.89653943 4.0309128011760764 CAF 55
50.33832673 -0.2151688769 61.792723135584602 ISR 56
238.9617924 -1.862307909 39.08114958652579 VNM 57
-115.0356391 21.11205324 31.994378485495933 MAR 58
50.04576907 47.48616846 47.352503687498427 LBN 59
124.9208924 -122.2261604 102.76851515393882 SAU 60
137.6866182 7.685193584 72.219739832195017 IRN 61
36.44985862 -22.55064747 14.533662791564524 DJI 62
74.0935714 206.809899 54.529177657061588 LTU 63
186.9123808 197.3013227 79.706140805949801 RUS 64
28.54926855 -62.07701654 20.553703030787766 ZWE 65
-51.63198824 4.564076045 20.553703030787766 MRT 66
10.71802912 -71.56710333 40.309128011760762 BWA 67
244.4332729 -202.3076744 147.44547879910303 QAT 68
-59.1749762 -5.703836434 10.664792828498646 GMB 69
174.3151573 7.628171525 32.247302409408611 IND 70
-4.928415432 -26.92009954 12.092738403528228 CMR 71
-50.98690544 -30.17650544 10.664792828498646 LBR 72
-34.1971404 -39.74177425 17.570341550550975 GHA 73
61.98416753 141.6645126 46.661189155783539 ROU 74
107.8182399 145.5016263 53.627806853266648 UKR 75
16.33343545 -37.14758989 5.7005715521665303 BDI 76
32.33373814 -31.97583294 13.3690253241415 KEN 77
-47.26682643 -20.21553484 12.092738403528228 GIN 78
25.58221363 -43.863404 6.9817457725167476 MWI 79
-58.56072322 142.5698935 59.515714280594544 SVN 80
48.82234825 -62.29330859 24.519085349893274 LSO 81
-42.80835424 -32.67852732 15.082294657962107 CIV 82
41.97284793 -25.30549426 4.0309128011760764 SOM 83
14.28610511 -28.36391861 8.0618256023521528 SSD 84
243.517713 -69.17379521 15.082294657962107 TLS 85
-99.18747529 159.4017869 46.661189155783539 LIE 86
-169.0869546 230.2102424 65.121389272564087 BEL 87
-1.735387165 -41.24283948 18.0267900696076 COG 88
21.85358538 -37.58976934 10.664792828498646 TZA 89
-27.52010679 191.0237539 69.467493327264179 CZE 90
222.7982095 -34.8356889 70.396865649395025 MYS 91
1.870490814 151.2669149 57.43166701541135 SVK 92
19.19549358 -31.85406655 8.0618256023521528 UGA 93
247.901216 111.5405209 25.81043545618887 PRK 94
-128.764386 199.1218006 87.573841876689386 LUX 95
-26.02189601 -30.88995973 18.0267900696076 BEN 96
21.98319698 28.05990048 54.2303853935597 GRC 97
-129.9384467 154.4518155 46.834974446907694 CHE 98
-50.23827424 -10.11639207 19.331578679605002 SEN 99
83.05677713 4.849201682 38.240596503737549 JOR 100
-125.0458116 251.1135441 68.762221321808539 NLD 101
225.2994962 -127.7130393 84.55314024151599 OMN 102
-85.68556009 69.46801309 54.379986740938982 ITA 103
223.0415454 24.11998734 52.246601284630053 LAO 104
106.5176974 88.33120661 34.203429312999177 ARM 105
181.6741069 -87.14686174 94.447306196980293 ARE 106
59.00899808 26.66826363 18.471963031155848 PSE 107
83.35916271 242.0682086 47.352503687498427 SWE 108
84.31970353 131.3231225 27.33898075077996 MDA 109
-157.1719448 90.94530832 51.305143969498772 ESP 110
-15.13071532 -25.3925593 18.906656929110273 NGA 111
-4.604186156 41.33043329 30.432724271892816 ALB 112
35.10317667 -74.90586812 22.078218685404735 SWZ 113
105.4188634 112.6518106 38.240596503737549 GEO 114
-12.15884132 6.790398556 65.865657886738958 LBY 115
243.6527251 -57.01946581 20.945237317550244 PNG 116
39.60254963 185.4018827 68.168921005513624 POL 117
-70.39134295 181.6996701 62.835711952650733 AUT 118
256.7788824 27.28640754 49.532685770241244 HKG 119
140.077149 234.6327257 68.049640212460133 EST 120
45.96589506 236.4347869 66.845126620707504 NOR 121
-8.281872374 66.99524449 46.486754193222893 MNE 122
101.8987713 30.1926279 55.415889093467548 IRQ 123
-54.57976066 -18.48754932 9.0133950348037999 GNB 124
-34.16766219 -16.73401628 9.8736795605342067 MLI 125
157.4236544 146.5018733 95.473937511733411 KAZ 126
