-53.86998667 96.78266666 49.368397802671034 HRV 0
167.2584675 97.29454907 44.522887117791335 UZB 1
60.16871538 104.3517464 56.288633951123799 BGR 2
-61.41432063 -52.89179019 65.61850632886707 GNQ 3
23.39235715 94.78298454 53.779084465077673 SRB 4
-27.20786021 -21.60139784 10.664792828498646 BFA 5
-24.04351065 -44.79820256 12.74686550124585 TGO 6
141.1293211 62.32356069 85.698381669840728 TKM 7
106.4001988 220.8651197 45.959477166184897 LVA 8
-84.75409589 225.1107706 67.208747399207454 DEU 9
181.0049398 -22.96251288 46.661189155783539 THA 10
134.2093204 108.4611028 46.661189155783539 AZE 11
216.6712411 72.83665907 65.988886540565474 CHN 12
-29.93831278 -64.25235711 33.725036111885203 GAB 13
174.8459801 27.44455501 24.848215316316704 PAK 14
14.58607749 -33.32488728 6.9817457725167476 RWA 15
76.65233554 44.30969136 31.994378485495933 SYR 16
18.92162844 -45.31755099 14.533662791564524 ZMB 17
-62.57380668 261.2895044 51.463249564535673 DNK 18
175.8738799 54.20667783 18.471963031155848 NPL 19
-35.11113345 60.10978081 37.381147506716857 TUN 20
20.39237615 -6.183850565 34.908728862583743 EGY 21
194.5786008 98.4522649 32.247302409408611 KGZ 22
189.1980237 28.39833462 18.0267900696076 BGD 23
-39.335235 31.09759908 45.604572417332243 DZA 24
-16.88839239 -16.45597299 6.9817457725167476 NER 25
170.4952736 39.49455422 13.3690253241415 AFG 26
133.4343936 -157.9840579 13.963491545033495 YEM 27
-193.0432308 54.38743338 48.202706309168761 PRT 28
9.486495054 -30.43372384 4.0309128011760764 COD 29
116.5139707 -48.7544549 110.61165527215444 KWT 30
192.4966099 -43.35194311 23.155831109088059 KHM 31
226.1917819 -69.90885744 35.600057933006831 IDN 32
183.6014943 74.50233276 24.185476807056457 TJK 33
-52.03261984 -23.95368869 8.0618256023521528 SLE 34
77.80517971 72.52531065 52.246601284630053 TUR 35
104.8781867 183.6133483 59.788098835393114 BLR 36
33.13888614 129.6937764 54.2303853935597 HUN 37
21.29205251 61.77371055 44.886345288126989 MKD 38
300.828022 -8.254220615 116.75739150462745 BRN 39
-10.3531641 -100.1921738 66.845126620707504 ZAF 40
-4.591194643 -19.55665352 5.7005715521665303 TCD 41
-151.5419189 129.1221077 49.859637740709964 FRA 42
34.78726366 -52.82401475 11.401143104333061 MOZ 43
29.03860552 -25.67193362 9.0133950348037999 ETH 44
28.56404262 -19.09231144 10.664792828498646 ERI 45
-120.5743101 80.49605972 59.515714280594544 AND 46
-14.05255719 104.9936788 61.924057445565516 BIH 47
2.638489128 -53.16140728 19.747359121068413 AGO 48
110.6774267 270.6760309 64.494604818817223 FIN 49
10.60437939 -21.44406429 16.123651204704306 SDN 50
193.3806743 46.79191531 38.240596503737549 BTN 51
199.5264471 21.07033861 19.747359121068413 MMR 52
247.1313637 164.5652255 125.86521187531538 MNG 53
276.9972417 66.48538228 82.707415764842111 KOR 54
3.205404663 -25.38011151 4.0309128011760764 CAF 55
51.95921705 1.192302804 61.792723135584602 ISR 56
238.5733432 -1.514975461 39.08114958652579 VNM 57
-114.0365291 21.17203592 31.994378485495933 MAR 58
50.5030547 49.2022316 47.352503687498427 LBN 59
124.8916153 -119.795355 102.76851515393882 SAU 60
139.2971995 9.393493739 72.219739832195017 IRN 61
36.28176518 -22.53080321 14.533662791564524 DJI 62
74.73179748 209.3814816 54.529177657061588 LTU 63
188.1326209 200.2055643 79.706140805949801 RUS 64
29.27026725 -62.00643433 20.553703030787766 ZWE 65
-50.42677134 4.752376381 20.553703030787766 MRT 66
11.17780555 -71.43868616 40.309128011760762 BWA 67
243.1728925 -200.1211208 147.44547879910303 QAT 68
-57.76699335 -5.64105235 10.664792828498646 GMB 69
174.2517719 7.217464082 32.247302409408611 IND 70
-4.426492558 -26.63249281 12.092738403528228 CMR 71
-49.64328349 -30.18852608 10.664792828498646 LBR 72
-33.08942403 -40.16453711 17.570341550550975 GHA 73
65.8761105 138.4001238 46.661189155783539 ROU 74
108.7159621 145.780148 53.627806853266648 UKR 75
16.60988505 -37.06381041 5.7005715521665303 BDI 76
33.38265843 -31.78969631 13.3690253241415 KEN 77
-46.06560281 -20.78423809 12.092738403528228 GIN 78
25.82609918 -43.23136173 6.9817457725167476 MWI 79
-57.49108282 144.1039833 59.515714280594544 SVN 80
48.89493528 -62.23772613 24.519085349893274 LSO 81
-41.57093157 -33.24497595 15.082294657962107 CIV 82
42.05672346 -24.85028032 4.0309128011760764 SOM 83
14.94177369 -28.29384434 8.0618256023521528 SSD 84
243.1962709 -68.37515635 15.082294657962107 TLS 85
-98.50078942 159.7714844 46.661189155783539 LIE 86
-169.4421998 229.983278 65.121389272564087 BEL 87
-0.847282293 -40.72123482 18.0267900696076 COG 88
22.33649991 -37.56242697 10.664792828498646 TZA 89
-26.41391106 190.9762963 69.467493327264179 CZE 90
222.6014716 -34.55771917 70.396865649395025 MYS 91
2.251133856 150.8443148 57.43166701541135 SVK 92
19.78263511 -31.71962755 8.0618256023521528 UGA 93
248.6091082 113.7393427 25.81043545618887 PRK 94
-129.8371574 197.5518511 87.573841876689386 LUX 95
-25.36974494 -31.06458862 18.0267900696076 BEN 96
23.58781956 28.34111815 54.2303853935597 GRC 97
-128.9765685 152.445929 46.834974446907694 CHE 98
-48.72469956 -10.05866565 19.331578679605002 SEN 99
84.77834254 8.080079778 38.240596503737549 JOR 100
-124.5483023 249.6931419 68.762221321808539 NLD 101
225.7432646 -124.0199881 84.55314024151599 OMN 102
-83.69815908 69.88162501 54.379986740938982 ITA 103
223.3350169 25.03898261 52.246601284630053 LAO 104
107.1221846 87.77169947 34.203429312999177 ARM 105
180.9622994 -84.07535094 94.447306196980293 ARE 106
58.61042841 27.59745491 18.471963031155848 PSE 107
84.82703437 243.5168117 47.352503687498427 SWE 108
88.33251555 127.8471759 27.33898075077996 MDA 109
-156.5186853 89.88646143 51.305143969498772 ESP 110
-14.66368328 -24.84571367 18.906656929110273 NGA 111
-3.622029092 43.75517163 30.432724271892816 ALB 112
35.36077743 -74.93569994 22.078218685404735 SWZ 113
106.5214582 115.0569045 38.240596503737549 GEO 114
-10.64558909 7.153149068 65.865657886738958 LBY 115
244.1496873 -56.33407066 20.945237317550244 PNG 116
40.95205041 185.9101177 68.168921005513624 POL 117
-70.06960601 183.1443983 62.835711952650733 AUT 118
257.4141492 26.71442847 49.532685770241244 HKG 119
141.1659634 236.7575818 68.049640212460133 EST 120
46.80711769 238.9737758 66.845126620707504 NOR 121
-8.465982076 69.08294913 46.486754193222893 MNE 122
103.7932623 33.26859768 55.415889093467548 IRQ 123
-53.33179786 -18.36945485 9.0133950348037999 GNB 124
-33.74241443 -16.25062978 9.8736795605342067 MLI 125
158.5624724 149.4696674 95.473937511733411 KAZ 126
