-61.36957709 86.99394339 21.0099080118256 HRV 0
190.7141596 111.7626833 18.9477845018312 UZB 1
54.75188549 76.84515518 23.954980798677 BGR 2
-72.11563444 -54.63497148 27.9255321866715 GNQ 3
13.62330378 99.95892098 22.8869817101973 SRB 4
-29.10686099 -17.82109661 4.53865886406811 BFA 5
-24.36278912 -44.76847174 5.42473492234335 TGO 6
148.2019946 79.59150137 36.4710056591761 TKM 7
122.3140489 243.2954971 19.5591599183091 LVA 8
-69.82508601 230.0026928 28.6022974877862 DEU 9
221.0479748 7.61229704 19.857790317683 THA 10
150.9688259 133.9253597 19.857790317683 AZE 11
272.6059375 76.46344327 28.0831563860285 CHN 12
-32.13320813 -62.13981307 14.3524995329678 GAB 13
189.2012516 56.90360295 10.5747551326368 PAK 14
8.708543521 -35.32615694 2.97124968545349 RWA 15
104.5174839 0.3994068036 13.6159765922043 SYR 16
14.42046927 -49.02409461 6.18514944613296 ZMB 17
-46.07311144 274.2758679 21.9014225185573 DNK 18
207.0822 69.6550546 7.86118775078881 NPL 19
-52.46668446 52.48414661 15.9084455937136 TUN 20
26.01449731 -5.430391188 14.8562484272674 EGY 21
218.4105358 96.83070659 13.7236144458093 KGZ 22
225.230293 33.84850595 7.67173369945692 BGD 23
-57.19568662 18.41539869 19.4081216740428 DZA 24
-21.67411814 -18.90175322 2.97124968545349 NER 25
188.2390434 72.53361949 5.68950998553132 AFG 26
128.1585619 -173.7617365 5.94249937090697 YEM 27
-191.548675 61.86811834 20.5138199850976 PRT 28
7.153466951 -31.05727449 1.71545180572616 COD 29
108.2712867 -88.95800801 47.0734479087751 KWT 30
247.5033783 -3.284831336 9.85452036511071 KHM 31
248.2507772 -81.27606297 15.1504601258837 IDN 32
197.8799297 84.51714535 10.292710834357 TJK 33
-57.99497534 -27.72366881 3.43090361145232 SLE 34
95.85048941 58.19988373 22.2347966670536 TUR 35
94.54596297 207.8758999 25.4442621726238 BLR 36
16.9081442 144.1924282 23.0790436651135 HUN 37
8.545440534 59.85898961 19.1024628601491 MKD 38
341.2283889 -33.87987399 49.688913645081 BRN 39
-26.50796993 -109.7003143 28.4475499276566 ZAF 40
-0.3175297621 -24.93129772 2.42601520925535 TCD 41
-158.153689 135.3758043 21.2189669719965 FRA 42
32.21368345 -52.82186297 4.85203041851071 MOZ 43
21.48794028 -32.15760603 3.83586684972846 ETH 44
18.40251009 -24.71261388 4.53865886406811 ERI 45
-122.3839764 95.36345202 25.3283423799046 AND 46
-26.63657953 125.0353632 26.3532706864541 BIH 47
1.53323526 -56.82394558 8.40396320473022 AGO 48
134.3665315 286.8955073 27.4472288916186 FIN 49
8.690382312 -18.6044817 6.86180722290464 SDN 50
230.3362178 70.54511748 16.27420476703 BTN 51
233.4902466 46.97996641 8.40396320473022 MMR 52
295.1273015 178.1696081 53.564965465544 MNG 53
330.6801429 94.76979616 35.1981282451327 KOR 54
2.959976472 -27.46323953 1.71545180572616 CAF 55
60.08697142 -25.60277579 26.2973782148668 ISR 56
280.7293562 0.4733021051 16.6319223299744 VNM 57
-112.505129 28.19895472 13.6159765922043 MAR 58
79.3268198 20.91289006 20.1519958290027 LBN 59
80.35840765 -171.9561653 43.7356111601284 SAU 60
173.5991924 20.13024124 30.7348457322287 IRN 61
28.82070178 -25.75671205 6.18514944613296 DJI 62
75.95128946 251.7762788 23.2062018928508 LTU 63
228.9474085 233.3741398 33.9208635654775 RUS 64
23.56669537 -62.64252635 8.74712223202567 ZWE 65
-47.70733019 -9.099502938 8.74712223202567 MRT 66
6.716728602 -81.01297997 17.1545180572616 BWA 67
231.5976427 -250.0729892 62.7489666306555 QAT 68
-71.28297035 -2.777932511 4.53865886406811 GMB 69
211.2029325 48.91998737 13.7236144458093 IND 70
-0.4452080889 -33.12847402 5.14635541717848 CMR 71
-50.09308172 -32.44129088 4.53865886406811 LBR 72
-36.20299552 -38.38946709 7.4774810636747 GHA 73
49.97538144 119.4106088 19.857790317683 ROU 74
57.44525982 166.2733621 22.822601887277 UKR 75
12.64250387 -39.05620487 2.42601520925535 BDI 76
29.05306586 -38.67043483 5.68950998553132 KEN 77
-51.38281514 -22.76431973 5.14635541717848 GIN 78
23.50964642 -45.90643679 2.97124968545349 MWI 79
-76.19942015 129.0684287 25.3283423799046 SVN 80
45.39482722 -64.29590998 10.4346859664035 LSO 81
-40.66569081 -25.77814087 6.41863292054999 CIV 82
33.77653016 -31.54876944 1.71545180572616 SOM 83
11.21653861 -28.18002646 3.43090361145232 SSD 84
244.9564392 -101.7659609 6.41863292054999 TLS 85
-94.26025043 168.613711 19.857790317683 LIE 86
-168.2822972 258.7590202 27.7139720775956 BEL 87
-6.72469844 -43.74264746 7.67173369945692 COG 88
19.29140811 -39.9286822 4.53865886406811 TZA 89
-14.15688315 236.4170278 29.5635610953321 CZE 90
260.2958802 -39.44021773 29.9590778199128 MYS 91
-1.649347532 185.9766608 24.4414259863686 SVK 92
14.67976562 -33.8012604 3.43090361145232 UGA 93
275.3529215 119.2932686 10.9842510353931 PRK 94
-134.3535074 206.2343646 37.2691528176726 LUX 95
-25.15112982 -28.88531843 7.67173369945692 BEN 96
39.85170246 34.02903783 23.0790436651135 GRC 97
-118.7312361 139.0555612 19.9317488243966 CHE 98
-63.69605863 -12.43779759 8.22701784662525 SEN 99
100.9472854 -28.35530281 16.27420476703 JOR 100
-111.8928891 266.7326732 29.2634156456628 NLD 101
241.7922873 -155.6182918 35.9836206491012 OMN 102
-93.33047319 58.83741138 23.1427101134242 ITA 103
257.3540557 29.67246372 22.2347966670536 LAO 104
102.1647064 96.62428918 14.5560912555321 ARM 105
191.1088881 -102.6519832 40.1943207291187 ARE 106
45.82764053 4.289435691 7.86118775078881 PSE 107
87.30878662 291.9240677 20.1519958290027 SWE 108
74.99900136 136.5472543 11.6347602165829 MDA 109
-168.0350501 95.14806933 21.8341368832982 ESP 110
-10.45961757 -25.29036613 8.04618218479555 NGA 111
-20.32710328 48.61082531 12.9513771149188 ALB 112
32.18641367 -78.07538883 9.39591650309188 SWZ 113
118.2371728 122.1535927 16.27420476703 GEO 114
-12.41918348 9.568361768 28.0307134711973 LBY 115
271.453148 -75.14038781 8.91374905636046 PNG 116
40.64220271 215.4587138 29.0109224390052 POL 117
-50.09836751 176.6353619 26.7412471690814 AUT 118
299.6945771 37.30685984 21.0798247042792 HKG 119
169.1826903 243.1346432 28.9601596311934 EST 120
30.05204116 270.8517417 28.4475499276566 NOR 121
-22.65756016 80.51292854 19.783555327678 MNE 122
137.8968372 -18.09761339 23.5835632523664 IRQ 123
-63.95739609 -24.05465796 3.83586684972846 GNB 124
-37.36318537 -16.1073098 4.20198160236511 MLI 125
198.0239935 168.6428769 40.6312283551518 KAZ 126
