-5.042842791 5.198387553 1.2247448713915920 HRV 0
8.044852962 -1.843282854 1.1045361017187250 UZB 1
1.656903842 5.473040128 1.3964240043768952 BGR 2
-4.393587826 -3.666936771 1.6278820596099739 GNQ 3
-0.964592690 6.507388539 1.3341664064126313 SRB 4
-2.039826298 -1.450350311 0.2645751311064592 BFA 5
-1.566233429 -2.752808548 0.3162277660168384 TGO 6
7.337646868 4.48306874 2.1260291625469319 TKM 7
2.411328319 15.966431775 1.1401754250991389 LVA 8
-7.415953358 13.382417917 1.6673332000533057 DEU 9
13.025160063 -7.089522247 1.1575836902790220 THA 10
5.420196434 7.888296031 1.1575836902790220 AZE 11
13.206950008 -1.822842201 1.6370705543744930 CHN 12
-1.939600777 -3.803708892 0.8366600265340773 GAB 13
8.945627058 -3.9866988 0.6164414002969002 PAK 14
0.150761564 -2.227488171 0.1732050807568881 RWA 15
4.019432622 -0.790272499 0.7937253933193760 SYR 16
0.416098900 -3.116035487 0.3605551275463990 ZMB 17
-4.306349729 16.635531104 1.2767145334803685 DNK 18
10.017445860 -3.568863803 0.4582575694955841 NPL 19
-3.668731351 2.492722754 0.9273618495495692 TUN 20
0.938544204 -0.119622605 0.8660254037844374 EGY 21
10.826618427 -2.047410018 0.8000000000000012 KGZ 22
10.929380288 -5.68256115 0.4472135954999583 BGD 23
-4.110782890 0.458400354 1.1313708498984754 DZA 24
-1.619578447 -1.322095327 0.1732050807568881 NER 25
8.772642245 -3.071691085 0.3316624790355401 AFG 26
10.234911317 -12.942940518 0.3464101615137756 YEM 27
-13.852164267 4.461498759 1.1958260743101432 PRT 28
0.197190584 -1.966227948 0.1000000000000000 COD 29
4.863833112 -7.993666989 2.7440845468024477 KWT 30
14.472717681 -6.193261434 0.5744562646538030 KHM 31
14.583749262 -8.459335357 0.8831760866327824 IDN 32
9.554736948 -2.565812289 0.6000000000000024 TJK 33
-3.466772696 -2.097917982 0.2000000000000000 SLE 34
3.773707352 3.845372881 1.2961481396815746 TUR 35
2.032765940 13.354438953 1.4832396974191362 BLR 36
-1.116501696 9.13176552 1.3453624047073718 HUN 37
-0.587364413 4.135864593 1.1135528725660075 MKD 38
20.092294984 -3.733999446 2.8965496715920516 BRN 39
0.585464292 -6.966442817 1.6583123951777006 ZAF 40
-0.377080892 -1.203544598 0.1414213562373094 TCD 41
-11.121200628 8.592668903 1.2369316876852974 FRA 42
1.047125180 -3.161398542 0.2828427124746195 MOZ 43
0.824422281 -1.696848946 0.2236067977499792 ETH 44
0.791665669 -1.219037669 0.2645751311064592 ERI 45
-13.699615794 7.180551408 1.4764823060233381 AND 46
-3.593262691 7.530901073 1.5362291495737253 BIH 47
-0.418511548 -3.051757389 0.4898979485566356 AGO 48
7.860121163 9.60179281 1.6000000000000023 FIN 49
0.149269987 -1.107253868 0.4000000000000000 SDN 50
11.411715505 -3.722678377 0.9486832980505122 BTN 51
11.692396143 -5.147095526 0.4898979485566356 MMR 52
12.451304356 6.049799988 3.1224989991992027 MNG 53
15.838657406 0.995824093 2.0518284528683184 KOR 54
0.113302154 -1.610331415 0.1000000000000000 CAF 55
2.778366735 -2.70765868 1.5329709716755919 ISR 56
15.616301977 -4.338144411 0.9695359714832688 VNM 57
-5.776920761 1.476796818 0.7937253933193760 MAR 58
2.784287003 0.717144362 1.1747340124470738 LBN 59
7.357974190 -12.627875588 2.5495097567963958 SAU 60
5.899198483 0.918208838 1.7916472867168936 IRN 61
1.362614616 -1.449359008 0.3605551275463990 DJI 62
0.018926953 15.392493541 1.3527749258468669 LTU 63
4.561977363 10.986568341 1.9773719933285221 RUS 64
1.063798715 -3.944163811 0.5099019513592786 ZWE 65
-3.168914037 -0.88124785 0.5099019513592786 MRT 66
-0.314511323 -4.50972215 1.0000000000000000 BWA 67
11.014408806 -17.653728098 3.6578682316343785 QAT 68
-4.848017424 -1.283024085 0.2645751311064592 GMB 69
10.055193852 -4.825073933 0.8000000000000012 IND 70
-0.288601751 -1.637013693 0.3000000000000000 CMR 71
-3.031563495 -2.247526842 0.2645751311064592 LBR 72
-2.295513149 -2.564777715 0.4358898943540674 GHA 73
1.083971840 7.973356823 1.1575836902790220 ROU 74
1.294922399 10.464064138 1.3304134695650087 UKR 75
0.108750119 -2.542322433 0.1414213562373094 BDI 76
1.003171412 -2.211647892 0.3316624790355401 KEN 77
-3.217513343 -1.674935367 0.3000000000000000 GIN 78
0.874928378 -2.743546228 0.1732050807568881 MWI 79
-6.544306219 7.38204319 1.4764823060233381 SVN 80
2.444338149 -5.714148409 0.6082762530298216 LSO 81
-2.568648352 -1.805681384 0.3741657386773946 CIV 82
1.295296514 -1.897345325 0.1000000000000000 SOM 83
0.406038203 -1.657191849 0.2000000000000000 SSD 84
15.190379931 -9.539360611 0.3741657386773946 TLS 85
-8.844655460 11.007385965 1.1575836902790220 LIE 86
-10.108764549 15.152907871 1.6155494421403536 BEL 87
-0.761169274 -2.198163539 0.4472135954999583 COG 88
0.498798253 -2.508350912 0.2645751311064592 TZA 89
-4.103189911 13.683929039 1.7233687939614071 CZE 90
16.662878849 -6.849159674 1.7464249196573005 MYS 91
-3.354172529 10.674000085 1.4247806848774986 SVK 92
0.495321153 -2.051460371 0.2000000000000000 UGA 93
13.211890975 0.463698761 0.6403124237432837 PRK 94
-11.977806466 11.933081764 2.1725560982400416 LUX 95
-1.619312681 -2.008519087 0.4472135954999583 BEN 96
1.396689772 2.763684556 1.3453624047073718 GRC 97
-8.765030408 8.726822928 1.1618950038622264 CHE 98
-4.104198526 -1.14419099 0.4795831523312722 SEN 99
4.612475187 -4.316122887 0.9486832980505122 JOR 100
-7.246818868 16.741805796 1.7058722109231998 NLD 101
12.537635828 -12.12392944 2.0976176963403024 OMN 102
-9.131184773 6.271410846 1.3490737563232076 ITA 103
13.415180469 -4.692939893 1.2961481396815746 LAO 104
4.356977005 5.93317253 0.8485281374238567 ARM 105
9.921085654 -8.565222667 2.3430749027719977 ARE 106
2.027647622 -0.882118242 0.4582575694955841 PSE 107
10.033131293 11.320007351 1.1747340124470738 SWE 108
2.603484551 8.9438401 0.6782329983125258 MDA 109
-11.597905931 5.421006622 1.2727922061357877 ESP 110
-0.975991136 -1.324591363 0.4690415759823435 NGA 111
-2.106202207 3.034244252 0.7549834435270779 ALB 112
1.368589405 -4.936817655 0.5477225575051663 SWZ 113
3.364742350 7.441601068 0.9486832980505122 GEO 114
-1.405990136 0.694949339 1.6340134638368198 LBY 115
15.889811288 -8.958329436 0.5196152422706637 PNG 116
-0.925564023 12.535068806 1.6911534525287768 POL 117
-6.262916238 10.346584597 1.5588457268119922 AUT 118
16.049252413 -2.220336492 1.2288205727444494 HKG 119
4.913335223 14.635248677 1.6881943016134113 EST 120
7.661779529 12.832596283 1.6583123951777006 NOR 121
-2.740162413 4.823504759 1.1532562594670803 MNE 122
5.606706248 -2.252378032 1.3747727084867505 IRQ 123
-3.734043413 -1.739449319 0.2236067977499792 GNB 124
-2.480327495 -1.195072985 0.2449489742783178 MLI 125
10.000762250 0.968705179 2.3685438564654038 KAZ 126