-58.99046004 97.89173219 49.368397802671034 HRV 0
167.200795 97.32958982 44.522887117791335 UZB 1
60.26205294 104.3385981 56.288633951123799 BGR 2
-59.5576637 -51.99231006 65.61850632886707 GNQ 3
24.03538334 95.10646379 53.779084465077673 SRB 4
-26.35490377 -21.04732966 10.664792828498646 BFA 5
-23.25109112 -44.22193521 12.74686550124585 TGO 6
140.2958881 63.24881922 85.698381669840728 TKM 7
106.9314431 220.3673123 45.959477166184897 LVA 8
-83.4510274 226.6819478 67.208747399207454 DEU 9
180.7868549 -23.75097651 46.661189155783539 THA 10
132.7398122 106.664004 46.661189155783539 AZE 11
217.9836452 74.6037112 65.988886540565474 CHN 12
-28.69992939 -63.55874089 33.725036111885203 GAB 13
173.9595241 27.91834637 24.848215316316704 PAK 14
14.87560581 -33.54050251 6.9817457725167476 RWA 15
77.29073494 45.47159194 31.994378485495933 SYR 16
19.22662346 -45.1326493 14.533662791564524 ZMB 17
-62.16996776 261.3858862 51.463249564535673 DNK 18
176.590298 53.30757054 18.471963031155848 NPL 19
-34.26465929 60.48505831 37.381147506716857 TUN 20
19.40981224 -7.279589841 34.908728862583743 EGY 21
195.1981357 97.90311756 32.247302409408611 KGZ 22
190.4144632 29.87373016 18.0267900696076 BGD 23
-37.94263973 31.61749924 45.604572417332243 DZA 24
-15.99799178 -15.38797634 6.9817457725167476 NER 25
169.475934 39.64814888 13.3690253241415 AFG 26
133.1608777 -157.9159598 13.963491545033495 YEM 27
-192.9589568 54.68567337 48.202706309168761 PRT 28
9.924474254 -30.60055747 4.0309128011760764 COD 29
116.9385128 -49.068035 110.61165527215444 KWT 30
192.2967131 -43.85640697 23.155831109088059 KHM 31
225.92219 -69.11591044 35.600057933006831 IDN 32
184.1145081 74.06047563 24.185476807056457 TJK 33
-51.43701335 -23.51161347 8.0618256023521528 SLE 34
78.00129139 73.43502085 52.246601284630053 TUR 35
105.912333 184.5358681 59.788098835393114 BLR 36
33.94456173 129.6017647 54.2303853935597 HUN 37
23.80566889 62.54927861 44.886345288126989 MKD 38
299.1199342 -7.998632604 116.75739150462745 BRN 39
-10.46313916 -98.95550834 66.845126620707504 ZAF 40
-4.037777445 -19.58654322 5.7005715521665303 TCD 41
-150.2676334 130.599242 49.859637740709964 FRA 42
35.0445974 -52.94825206 11.401143104333061 MOZ 43
29.06143494 -25.78675613 9.0133950348037999 ETH 44
28.52087033 -19.28158358 10.664792828498646 ERI 45
-119.8127108 81.12191717 59.515714280594544 AND 46
-13.54622187 105.4719388 61.924057445565516 BIH 47
2.299393864 -53.05816098 19.747359121068413 AGO 48
111.3781936 270.4941978 64.494604818817223 FIN 49
10.74259289 -22.05319117 16.123651204704306 SDN 50
194.9006017 47.89506442 38.240596503737549 BTN 51
199.3020128 21.06326808 19.747359121068413 MMR 52
247.0790199 164.1706463 125.86521187531538 MNG 53
277.1918102 65.50527024 82.707415764842111 KOR 54
3.616113162 -25.5954554 4.0309128011760764 CAF 55
51.43108776 -0.5481838202 61.792723135584602 ISR 56
237.8914157 -1.759777386 39.08114958652579 VNM 57
-114.0036763 21.34822847 31.994378485495933 MAR 58
51.03085375 48.93256636 47.352503687498427 LBN 59
124.7437464 -119.9101618 102.76851515393882 SAU 60
137.9021376 9.676466079 72.219739832195017 IRN 61
36.25014224 -22.35966814 14.533662791564524 DJI 62
75.81621941 209.1359135 54.529177657061588 LTU 63
189.4093682 200.652881 79.706140805949801 RUS 64
29.43125569 -61.87001809 20.553703030787766 ZWE 65
-50.17666342 4.729553297 20.553703030787766 MRT 66
11.08929473 -70.82745974 40.309128011760762 BWA 67
243.1559485 -198.9549243 147.44547879910303 QAT 68
-57.02544155 -5.556158613 10.664792828498646 GMB 69
174.2564829 7.17926344 32.247302409408611 IND 70
-4.190440143 -25.97573567 12.092738403528228 CMR 71
-49.03831044 -29.17263011 10.664792828498646 LBR 72
-32.47481614 -39.04808639 17.570341550550975 GHA 73
66.17221818 138.6556061 46.661189155783539 ROU 74
110.3665651 146.9135767 53.627806853266648 UKR 75
16.99588175 -37.14882332 5.7005715521665303 BDI 76
32.72232476 -32.22268202 13.3690253241415 KEN 77
-45.46763737 -20.18230425 12.092738403528228 GIN 78
26.04136892 -43.14212984 6.9817457725167476 MWI 79
-57.62870576 144.5263911 59.515714280594544 SVN 80
48.82411214 -62.22240568 24.519085349893274 LSO 81
-41.08711595 -32.09657124 15.082294657962107 CIV 82
41.9390315 -24.74488401 4.0309128011760764 SOM 83
15.34400323 -28.53141752 8.0618256023521528 SSD 84
242.6510327 -68.38619451 15.082294657962107 TLS 85
-98.32309155 162.2435663 46.661189155783539 LIE 86
-168.3254444 229.9734215 65.121389272564087 BEL 87
-0.8246922858 -41.08055241 18.0267900696076 COG 88
22.79179431 -37.56556383 10.664792828498646 TZA 89
-26.07443852 191.6417606 69.467493327264179 CZE 90
221.8864907 -34.30725076 70.396865649395025 MYS 91
4.276699721 151.286763 57.43166701541135 SVK 92
19.93546062 -31.84537453 8.0618256023521528 UGA 93
249.3657087 113.8281115 25.81043545618887 PRK 94
-129.098569 198.1007915 87.573841876689386 LUX 95
-23.78944058 -31.17510958 18.0267900696076 BEN 96
23.27828759 29.83692121 54.2303853935597 GRC 97
-128.1534228 153.7073497 46.834974446907694 CHE 98
-48.13845289 -9.902830806 19.331578679605002 SEN 99
83.22215717 8.523953198 38.240596503737549 JOR 100
-124.1143574 249.5657054 68.762221321808539 NLD 101
225.176941 -124.2805518 84.55314024151599 OMN 102
-83.61140321 70.00158113 54.379986740938982 ITA 103
223.0177154 24.5477492 52.246601284630053 LAO 104
107.2576881 87.60606141 34.203429312999177 ARM 105
180.3024925 -85.39782211 94.447306196980293 ARE 106
58.6530041 27.50685272 18.471963031155848 PSE 107
85.26078675 244.3585458 47.352503687498427 SWE 108
88.4725438 128.6837593 27.33898075077996 MDA 109
-155.3696073 89.93877993 51.305143969498772 ESP 110
-14.19952262 -23.73582805 18.906656929110273 NGA 111
-3.954353089 44.88457059 30.432724271892816 ALB 112
35.09269881 -74.76298316 22.078218685404735 SWZ 113
106.5717062 116.852536 38.240596503737549 GEO 114
-10.26349113 8.280369148 65.865657886738958 LBY 115
243.3984605 -56.42164972 20.945237317550244 PNG 116
42.28911408 186.717938 68.168921005513624 POL 117
-69.10762773 183.4952375 62.835711952650733 AUT 118
256.5549592 26.86609327 49.532685770241244 HKG 119
141.2713477 237.3080437 68.049640212460133 EST 120
48.00240809 238.1964641 66.845126620707504 NOR 121
-8.27362422 70.08639221 46.486754193222893 MNE 122
103.778181 34.35581804 55.415889093467548 IRQ 123
-52.99085751 -18.11246317 9.0133950348037999 GNB 124
-32.8270586 -15.81831383 9.8736795605342067 MLI 125
159.1567251 151.2431507 95.473937511733411 KAZ 126
