4.675784249 47.45447572 49.368397802671034 HRV 0
94.76241031 47.57501995 44.522887117791335 UZB 1
42.04691566 40.3865855 56.288633951123799 BGR 2
2.038249386 -8.233834646 65.61850632886707 GNQ 3
30.55396024 45.99913592 53.779084465077673 SRB 4
-4.684360379 6.956276122 10.664792828498646 BFA 5
-0.5120596397 0.6755698122 12.74686550124585 TGO 6
83.56824114 38.44003576 85.698381669840728 TKM 7
47.04019262 87.06125196 45.959477166184897 LVA 8
-16.13052051 80.98060875 67.208747399207454 DEU 9
102.4716716 10.8125084 46.661189155783539 THA 10
68.8792765 34.38778975 46.661189155783539 AZE 11
120.7580642 40.95393736 65.988886540565474 CHN 12
11.08430981 -14.98677319 33.725036111885203 GAB 13
91.76586374 23.32555341 24.848215316316704 PAK 14
26.39814487 -8.096566318 6.9817457725167476 RWA 15
54.97601229 21.77192928 31.994378485495933 SYR 16
30.27942259 -14.96098823 14.533662791564524 ZMB 17
-11.10989956 93.68969375 51.463249564535673 DNK 18
98.13650721 33.03401947 18.471963031155848 NPL 19
4.758283217 30.92533624 37.381147506716857 TUN 20
24.9414337 5.513682385 34.908728862583743 EGY 21
105.6242025 47.84861441 32.247302409408611 KGZ 22
98.00469052 20.32842939 18.0267900696076 BGD 23
-1.815144995 19.32240014 45.604572417332243 DZA 24
4.729423713 5.756846549 6.9817457725167476 NER 25
88.26427675 25.84296699 13.3690253241415 AFG 26
53.74001673 -31.0780183 13.963491545033495 YEM 27
-60.10092313 34.27074483 48.202706309168761 PRT 28
24.57784598 -8.137279138 4.0309128011760764 COD 29
73.40450773 0.1797537901 110.61165527215444 KWT 30
108.5445533 4.304405235 23.155831109088059 KHM 31
124.2933862 -12.01816114 35.600057933006831 IDN 32
101.284334 42.72130176 24.185476807056457 TJK 33
-13.01730728 7.546577641 8.0618256023521528 SLE 34
51.07724916 30.93188665 52.246601284630053 TUR 35
51.17194128 69.54308562 59.788098835393114 BLR 36
23.88859115 56.33466897 54.2303853935597 HUN 37
32.0253503 34.75982322 44.886345288126989 MKD 38
134.0675043 8.962477832 116.75739150462745 BRN 39
20.31080221 -30.40347445 66.845126620707504 ZAF 40
16.30823635 1.538576198 5.7005715521665303 TCD 41
-42.96880131 57.13664797 49.859637740709964 FRA 42
34.91314053 -18.54095643 11.401143104333061 MOZ 43
34.54110127 -2.872205601 9.0133950348037999 ETH 44
34.52951577 0.479042782 10.664792828498646 ERI 45
-37.41840505 39.39705 59.515714280594544 AND 46
17.45733005 44.91477672 61.924057445565516 BIH 47
17.6769124 -16.54791035 19.747359121068413 AGO 48
26.71332825 93.55423518 64.494604818817223 FIN 49
26.72114924 -0.1185145163 16.123651204704306 SDN 50
100.8972161 27.00076327 38.240596503737549 BTN 51
103.9512577 21.20989827 19.747359121068413 MMR 52
129.5870564 60.98462001 125.86521187531538 MNG 53
137.1222637 32.45103702 82.707415764842111 KOR 54
19.98995955 -4.062219327 4.0309128011760764 CAF 55
35.26424108 9.069956519 61.792723135584602 ISR 56
113.0432487 9.992621045 39.08114958652579 VNM 57
-46.089679 25.49147594 31.994378485495933 MAR 58
45.8762311 20.94357542 47.352503687498427 LBN 59
55.32400724 -17.39871456 102.76851515393882 SAU 60
77.85514051 21.16657982 72.219739832195017 IRN 61
37.36109881 -1.159862256 14.533662791564524 DJI 62
36.44541863 82.9885232 54.529177657061588 LTU 63
113.5710032 77.8947704 79.706140805949801 RUS 64
31.05783912 -19.23773823 20.553703030787766 ZWE 65
-13.71697323 18.41688921 20.553703030787766 MRT 66
24.16852557 -18.70943918 40.309128011760762 BWA 67
83.51407258 -27.67817318 147.44547879910303 QAT 68
-17.55347166 13.80319279 10.664792828498646 GMB 69
93.04269541 16.679552 32.247302409408611 IND 70
8.859683265 -2.65859718 12.092738403528228 CMR 71
-11.5067093 4.078823344 10.664792828498646 LBR 72
-4.00475242 2.179716965 17.570341550550975 GHA 73
40.79177197 53.05273831 46.661189155783539 ROU 74
56.52857935 57.19529443 53.627806853266648 UKR 75
26.97171838 -9.436380055 5.7005715521665303 BDI 76
34.25457915 -5.397135111 13.3690253241415 KEN 77
-11.77417632 9.584099777 12.092738403528228 GIN 78
33.9086629 -13.11069032 6.9817457725167476 MWI 79
2.031300176 59.71162378 59.515714280594544 SVN 80
30.75145433 -31.68649251 24.519085349893274 LSO 81
-7.752473771 3.887439768 15.082294657962107 CIV 82
39.38060916 -2.487979791 4.0309128011760764 SOM 83
26.2572384 -2.829162824 8.0618256023521528 SSD 84
129.7478253 -13.35502342 15.082294657962107 TLS 85
-21.06142197 62.36090827 46.661189155783539 LIE 86
-43.57309017 86.08855881 65.121389272564087 BEL 87
17.31232488 -12.24519232 18.0267900696076 COG 88
33.45887099 -10.42229701 10.664792828498646 TZA 89
3.384707715 75.33831325 69.467493327264179 CZE 90
116.4070126 -3.019349581 70.396865649395025 MYS 91
15.68038597 66.06953215 57.43166701541135 SVK 92
28.47581011 -5.702909026 8.0618256023521528 UGA 93
135.2311606 44.67958188 25.81043545618887 PRK 94
-32.16422406 72.9883395 87.573841876689386 LUX 95
2.341369416 2.785275275 18.0267900696076 BEN 96
34.2847161 23.79821657 54.2303853935597 GRC 97
-31.30926674 56.97176675 46.834974446907694 CHE 98
-13.84426615 13.35858605 19.331578679605002 SEN 99
43.64505423 1.241587505 38.240596503737549 JOR 100
-27.25433563 92.14416163 68.762221321808539 NLD 101
108.8955861 -21.2892284 84.55314024151599 OMN 102
-8.095178484 38.39308898 54.379986740938982 ITA 103
112.238687 20.29636044 52.246601284630053 LAO 104
60.84823892 29.13885245 34.203429312999177 ARM 105
97.38098377 -4.155119022 94.447306196980293 ARE 106
39.52039644 17.11114842 18.471963031155848 PSE 107
14.89364341 88.84949081 47.352503687498427 SWE 108
49.30200138 51.48426089 27.33898075077996 MDA 109
-50.03526274 39.37665777 51.305143969498772 ESP 110
6.375520679 1.470922662 18.906656929110273 NGA 111
26.0003028 28.55243798 30.432724271892816 ALB 112
31.55108118 -26.44114937 22.078218685404735 SWZ 113
58.85089679 37.66084638 38.240596503737549 GEO 114
12.62850172 8.925372437 65.865657886738958 LBY 115
147.1138354 -5.963300714 20.945237317550244 PNG 116
23.2884301 78.10636022 68.168921005513624 POL 117
-9.638261483 67.4534681 62.835711952650733 AUT 118
123.808347 25.47800655 49.532685770241244 HKG 119
48.03002142 100.1678275 68.049640212460133 EST 120
2.038918437 91.01808306 66.845126620707504 NOR 121
18.13888873 32.3211633 46.486754193222893 MNE 122
63.77587772 16.74742434 55.415889093467548 IRQ 123
-15.5764438 10.33992774 9.0133950348037999 GNB 124
-7.578051259 12.60398042 9.8736795605342067 MLI 125
96.51651877 63.82659436 95.473937511733411 KAZ 126
