-53.7129481 95.65315359 49.368397802671034 HRV 0
167.3624481 96.92681988 44.522887117791335 UZB 1
60.4796369 104.1566259 56.288633951123799 BGR 2
-61.6159248 -53.1046065 65.61850632886707 GNQ 3
23.24501895 94.10108415 53.779084465077673 SRB 4
-27.40852426 -21.75882536 10.664792828498646 BFA 5
-24.21076007 -44.94926228 12.74686550124585 TGO 6
141.2968882 61.77954448 85.698381669840728 TKM 7
106.4379953 219.6136474 45.959477166184897 LVA 8
-84.75544233 225.0513096 67.208747399207454 DEU 9
181.0663471 -22.7620079 46.661189155783539 THA 10
134.1581906 107.5727494 46.661189155783539 AZE 11
216.998876 72.72671378 65.988886540565474 CHN 12
-29.9912319 -64.39059973 33.725036111885203 GAB 13
175.1872424 27.0590788 24.848215316316704 PAK 14
14.52314772 -33.26772256 6.9817457725167476 RWA 15
76.81272649 43.91820302 31.994378485495933 SYR 16
18.79260908 -45.36418586 14.533662791564524 ZMB 17
-62.57380668 261.2895044 51.463249564535673 DNK 18
176.1379854 54.62513424 18.471963031155848 NPL 19
-35.20775092 60.12712396 37.381147506716857 TUN 20
20.4097646 -6.12002433 34.908728862583743 EGY 21
194.5786008 98.4522649 32.247302409408611 KGZ 22
189.5990861 28.24927527 18.0267900696076 BGD 23
-39.70601178 30.85123794 45.604572417332243 DZA 24
-17.11749627 -16.63440093 6.9817457725167476 NER 25
170.871726 39.15676601 13.3690253241415 AFG 26
133.4300283 -157.9959016 13.963491545033495 YEM 27
-193.0432308 54.38743338 48.202706309168761 PRT 28
9.402115367 -30.37205644 4.0309128011760764 COD 29
116.422357 -48.48620828 110.61165527215444 KWT 30
192.4282019 -43.29191273 23.155831109088059 KHM 31
226.257785 -70.29651981 35.600057933006831 IDN 32
183.5924463 74.47376096 24.185476807056457 TJK 33
-52.21946516 -24.07642956 8.0618256023521528 SLE 34
78.06426669 72.19818865 52.246601284630053 TUR 35
104.8593351 183.736257 59.788098835393114 BLR 36
32.95545213 129.0967976 54.2303853935597 HUN 37
21.34851299 60.99589408 44.886345288126989 MKD 38
301.4358765 -8.833779662 116.75739150462745 BRN 39
-10.46805936 -100.386513 66.845126620707504 ZAF 40
-4.803587928 -19.66362556 5.7005715521665303 TCD 41
-151.6311057 128.9657498 49.859637740709964 FRA 42
34.70056056 -52.8261285 11.401143104333061 MOZ 43
29.04504334 -25.67080486 9.0133950348037999 ETH 44
28.5775457 -19.07501514 10.664792828498646 ERI 45
-120.4940297 80.5045129 59.515714280594544 AND 46
-14.26784539 104.9073311 61.924057445565516 BIH 47
2.62828813 -53.14429361 19.747359121068413 AGO 48
109.7773005 271.4741646 64.494604818817223 FIN 49
10.5459742 -21.28307775 16.123651204704306 SDN 50
193.5026997 46.75343863 38.240596503737549 BTN 51
200.0888115 21.09579329 19.747359121068413 MMR 52
247.2820485 164.2506186 125.86521187531538 MNG 53
277.027659 66.72004413 82.707415764842111 KOR 54
3.012300583 -25.46049548 4.0309128011760764 CAF 55
52.17374385 0.7990921695 61.792723135584602 ISR 56
238.7512714 -1.737214349 39.08114958652579 VNM 57
-114.0365291 21.17203592 31.994378485495933 MAR 58
50.59577394 48.91501621 47.352503687498427 LBN 59
124.9012481 -119.6982644 102.76851515393882 SAU 60
139.5268649 8.712815884 72.219739832195017 IRN 61
36.31070545 -22.52425132 14.533662791564524 DJI 62
74.22399333 209.528618 54.529177657061588 LTU 63
188.0424051 199.7943432 79.706140805949801 RUS 64
29.19175367 -62.04693737 20.553703030787766 ZWE 65
-50.52879855 4.788471562 20.553703030787766 MRT 66
11.05052744 -71.50620865 40.309128011760762 BWA 67
243.1728925 -200.1211208 147.44547879910303 QAT 68
-57.92753473 -5.572864396 10.664792828498646 GMB 69
174.63738 6.653972788 32.247302409408611 IND 70
-4.607238009 -27.02120528 12.092738403528228 CMR 71
-49.89023203 -30.30587429 10.664792828498646 LBR 72
-33.31187087 -40.36885545 17.570341550550975 GHA 73
65.56751647 138.3824721 46.661189155783539 ROU 74
108.5996806 145.5486361 53.627806853266648 UKR 75
16.47228202 -37.05859232 5.7005715521665303 BDI 76
33.44199222 -31.77318506 13.3690253241415 KEN 77
-46.30476094 -20.77259636 12.092738403528228 GIN 78
25.72175515 -43.29367855 6.9817457725167476 MWI 79
-57.49526309 144.0811303 59.515714280594544 SVN 80
48.89493528 -62.23772613 24.519085349893274 LSO 81
-41.79727679 -33.39959967 15.082294657962107 CIV 82
42.06467464 -24.93735707 4.0309128011760764 SOM 83
14.7835913 -28.21844568 8.0618256023521528 SSD 84
243.2413855 -68.51025387 15.082294657962107 TLS 85
-98.50496305 159.5853743 46.661189155783539 LIE 86
-169.4326641 230.0082107 65.121389272564087 BEL 87
-0.8747527201 -40.68755802 18.0267900696076 COG 88
22.19586927 -37.60197435 10.664792828498646 TZA 89
-26.57720409 190.5871161 69.467493327264179 CZE 90
222.7147159 -34.85567983 70.396865649395025 MYS 91
1.931999606 150.2054175 57.43166701541135 SVK 92
19.76160495 -31.67473391 8.0618256023521528 UGA 93
248.487857 113.3080295 25.81043545618887 PRK 94
-129.6782524 197.554463 87.573841876689386 LUX 95
-25.57830885 -31.24306667 18.0267900696076 BEN 96
23.85417303 27.70104406 54.2303853935597 GRC 97
-129.0951816 152.3795871 46.834974446907694 CHE 98
-48.91059303 -10.10785043 19.331578679605002 SEN 99
85.15440187 7.298185402 38.240596503737549 JOR 100
-124.4886573 249.8394773 68.762221321808539 NLD 101
225.7253048 -124.0864617 84.55314024151599 OMN 102
-83.69815908 69.88162501 54.379986740938982 ITA 103
223.9434467 25.14650734 52.246601284630053 LAO 104
107.1221846 87.77169947 34.203429312999177 ARM 105
180.8959888 -83.96845284 94.447306196980293 ARE 106
58.61042841 27.59745491 18.471963031155848 PSE 107
85.38594651 242.8825049 47.352503687498427 SWE 108
88.03135951 127.7291318 27.33898075077996 MDA 109
-156.5415501 89.87404064 51.305143969498772 ESP 110
-14.83259435 -25.03398568 18.906656929110273 NGA 111
-3.692099073 43.52911669 30.432724271892816 ALB 112
35.36815053 -74.97509368 22.078218685404735 SWZ 113
106.5146085 114.7465773 38.240596503737549 GEO 114
-10.80668928 7.021542081 65.865657886738958 LBY 115
244.5124113 -56.46524158 20.945237317550244 PNG 116
40.88086931 185.2920452 68.168921005513624 POL 117
-70.46522643 183.4140561 62.835711952650733 AUT 118
258.121954 26.46907223 49.532685770241244 HKG 119
141.1637487 236.7399095 68.049640212460133 EST 120
47.1176976 239.9879565 66.845126620707504 NOR 121
-8.409507384 68.94720213 46.486754193222893 MNE 122
103.9146845 32.59116936 55.415889093467548 IRQ 123
-53.46495664 -18.47334076 9.0133950348037999 GNB 124
-33.96980645 -16.35750007 9.8736795605342067 MLI 125
158.5816776 148.8085972 95.473937511733411 KAZ 126
