-53.4542719 95.96429735 21.009908011825559 HRV 0
168.2525599 100.2101696 18.947784501831229 UZB 1
59.70807722 104.2242225 23.954980798676992 BGR 2
-62.5402697 -54.09772077 27.925532186671457 GNQ 3
22.18808821 95.72663028 22.886981710197347 SRB 4
-28.45352575 -20.43994899 4.5386588640681094 BFA 5
-24.03446788 -45.34707715 5.4247349223433456 TGO 6
141.4370079 63.63626418 36.471005659176079 TKM 7
107.5366204 221.6309887 19.559159918309096 LVA 8
-84.7524858 227.0255405 28.602297487786227 DEU 9
180.9549686 -21.11024216 19.857790317683023 THA 10
134.7158953 109.2307313 19.857790317683023 AZE 11
218.6802598 73.41506075 28.083156386028463 CHN 12
-29.52390748 -64.50010726 14.352499532967775 GAB 13
173.9382379 26.16605427 10.574755132636762 PAK 14
14.36950064 -33.37050618 2.9712496854534858 RWA 15
77.41704234 42.44094289 13.615976592204328 SYR 16
18.61575697 -45.55926378 6.1851494461329635 ZMB 17
-62.69155383 261.9619424 21.901422518557347 DNK 18
176.5478549 54.53296164 7.8611877507888117 NPL 19
-37.57381374 60.55848522 15.908445593713628 TUN 20
18.84659853 -6.043071646 14.856248427267428 EGY 21
194.9227137 98.20593948 13.723614445809288 KGZ 22
188.8235813 27.59199272 7.671733699456917 BGD 23
-43.31254252 32.18640224 19.408121674042821 DZA 24
-21.06231685 -19.06882951 2.9712496854534858 NER 25
171.1663962 39.21481034 5.6895099855313198 AFG 26
133.5097508 -159.0072035 5.9424993709069716 YEM 27
-193.0432308 54.38743338 20.513819985097555 PRT 28
9.383407584 -30.35870094 1.715451805726161 COD 29
112.3766747 -46.75423161 47.073447908775144 KWT 30
191.2158668 -43.15677025 9.8545203651107141 KHM 31
225.4353969 -70.52019254 15.150460125883747 IDN 32
183.5954034 74.42261442 10.292710834356965 TJK 33
-52.54825974 -24.27030064 3.4309036114523219 SLE 34
79.2289645 71.86743522 22.234796667053565 TUR 35
105.3344732 184.9209176 25.444262172623755 BLR 36
30.48970101 132.4182559 23.079043665113499 HUN 37
20.65198224 61.39403168 19.102462860149057 MKD 38
305.7302894 -9.007934736 49.688913645080966 BRN 39
-10.9237572 -102.9943244 28.447549927656603 ZAF 40
0.8821724048 -23.71315369 2.4260152092553526 TCD 41
-152.6084507 127.2454997 21.218966971996526 FRA 42
34.89833621 -52.3346407 4.8520304185107053 MOZ 43
28.65792871 -25.84040337 3.8358668497284585 ETH 44
28.08762454 -18.99813886 4.5386588640681094 ERI 45
-121.1310343 78.96497813 25.328342379904647 AND 46
-16.43094159 107.4054384 26.353270686454053 BIH 47
2.755202512 -53.49685965 8.4039632047302231 AGO 48
112.5973797 273.1889703 27.447228891618575 FIN 49
9.880881726 -21.42511688 6.8618072229046438 SDN 50
194.5177649 46.34901244 16.274204767030035 BTN 51
199.9618699 20.53782695 8.4039632047302231 MMR 52
248.6240206 165.8148139 53.564965465543963 MNG 53
278.3113 68.30471637 35.198128245132729 KOR 54
3.813183289 -26.6591643 1.715451805726161 CAF 55
52.44758949 -0.9457824625 26.297378214866768 ISR 56
241.0392726 -0.1868062554 16.631922329974358 VNM 57
-114.0365291 21.17203592 13.615976592204328 MAR 58
50.83558556 50.354802 20.151995829002697 LBN 59
119.7876376 -120.6928788 43.735611160128364 SAU 60
144.0847597 8.492702538 30.734845732228685 IRN 61
36.20211223 -22.33044905 6.1851494461329635 DJI 62
73.9490761 209.4318948 23.206201892850839 LTU 63
187.5331091 205.3722143 33.920863565477461 RUS 64
29.15914689 -61.88318553 8.7471222320256743 ZWE 65
-50.55211306 4.802836243 8.7471222320256743 MRT 66
10.94750519 -72.75969633 17.154518057261608 BWA 67
241.726642 -204.4327958 62.748966630655502 QAT 68
-57.99524287 -5.500687196 4.5386588640681094 GMB 69
180.4238935 6.493231858 13.723614445809288 IND 70
-0.855951911 -30.22874842 5.1463554171784827 CMR 71
-49.95841045 -30.25966052 4.5386588640681094 LBR 72
-32.34115633 -35.91186446 7.4774810636747029 GHA 73
64.78185594 140.1122318 19.857790317683023 ROU 74
108.8871328 145.6206301 22.822601887276981 UKR 75
16.40025969 -37.2907838 2.4260152092553526 BDI 76
33.52767032 -31.92271231 5.6895099855313198 KEN 77
-46.00503723 -21.05805462 5.1463554171784827 GIN 78
25.76162219 -43.29406215 2.9712496854534858 MWI 79
-57.47968108 143.5940959 25.328342379904647 SVN 80
48.89493528 -62.23772613 10.434685966403512 LSO 81
-37.94714041 -26.01657198 6.4186329205499861 CIV 82
42.18395647 -24.85891877 1.715451805726161 SOM 83
14.94725325 -28.15707586 3.4309036114523219 SSD 84
243.3668137 -68.66700973 6.4186329205499861 TLS 85
-96.90565883 158.8174052 19.857790317683023 LIE 86
-171.5261619 230.6228467 27.713972077595571 BEL 87
-0.3764113877 -40.70582977 7.671733699456917 COG 88
22.26066239 -37.57820504 4.5386588640681094 TZA 89
-23.41687626 192.5905069 29.563561095332144 CZE 90
222.5555928 -33.5133345 29.959077819912775 MYS 91
-2.033109329 153.9116147 24.441425986368646 SVK 92
19.73636936 -31.56055312 3.4309036114523219 UGA 93
248.5921623 112.9916668 10.984251035393127 PRK 94
-129.8717848 197.5324892 37.269152817672641 LUX 95
-22.18799494 -28.80554496 7.671733699456917 BEN 96
23.23039049 26.98347655 23.079043665113499 GRC 97
-128.4096488 150.6459989 19.931748824396585 CHE 98
-47.08252261 -10.16589996 8.2270178466252499 SEN 99
87.01606205 3.29166331 16.274204767030035 JOR 100
-125.1190335 251.7813087 29.263415645662786 NLD 101
225.8346787 -125.230205 35.983620649101226 OMN 102
-82.43904404 70.29722866 23.142710113424155 ITA 103
224.1620376 27.07889098 22.234796667053565 LAO 104
107.0882983 87.59749293 14.556091255532115 ARM 105
180.2891716 -82.63021883 40.194320729118701 ARE 106
58.65579129 27.68617486 7.8611877507888117 PSE 107
84.29180847 244.4927279 20.151995829002697 SWE 108
87.30179559 127.5193135 11.634760216582922 MDA 109
-158.0475004 90.16199754 21.834136883298171 ESP 110
-9.503399307 -22.60013289 8.0461821847955459 NGA 111
-3.60606861 43.27511512 12.951377114918756 ALB 112
35.4252749 -75.33688654 9.3959165030918808 SWZ 113
105.432262 113.5879585 16.274204767030035 GEO 114
-13.67199012 7.135648095 28.030713471197302 LBY 115
244.8544528 -56.19653045 8.9137490563604587 PNG 116
39.0168546 184.852091 29.010922439005206 POL 117
-68.82932827 184.6445092 26.741247169081369 AUT 118
259.5846866 26.18595797 21.079824704279233 HKG 119
143.327506 238.7269573 28.960159631193449 EST 120
44.64723145 240.0152995 28.447549927656603 NOR 121
-9.967029908 70.10478501 19.783555327677998 MNE 122
105.3179901 30.302582 23.583563252366435 IRQ 123
-53.53422208 -18.40465862 3.8358668497284585 GNB 124
-35.15526937 -16.95539031 4.2019816023651115 MLI 125
164.2394982 149.014563 40.631228355151791 KAZ 126
