-49.62834055 93.46154105 21.0099080118256 HRV 0
182.077133 103.1127627 18.9477845018312 UZB 1
80.0227541 102.0005956 23.954980798677 BGR 2
-71.83426611 -53.56400159 27.9255321866715 GNQ 3
37.08920273 108.7944096 22.8869817101973 SRB 4
-29.78902132 -17.06721103 4.53865886406811 BFA 5
-25.35207378 -45.12367017 5.42473492234335 TGO 6
149.1624636 57.84339267 36.4710056591761 TKM 7
124.9875915 233.1042342 19.5591599183091 LVA 8
-67.15587355 233.7641286 28.6022974877862 DEU 9
234.3361495 10.6687543 19.857790317683 THA 10
148.2274708 114.1930845 19.857790317683 AZE 11
252.493334 89.69353792 28.0831563860285 CHN 12
-32.47339505 -62.1656279 14.3524995329678 GAB 13
202.4990771 52.22579619 10.5747551326368 PAK 14
10.24421978 -34.63141212 2.97124968545349 RWA 15
88.67050645 4.528600375 13.6159765922043 SYR 16
14.88359125 -47.496668 6.18514944613296 ZMB 17
-43.91120348 273.9566317 21.9014225185573 DNK 18
203.4613552 69.11759053 7.86118775078881 NPL 19
-47.24780122 57.22180443 15.9084455937136 TUN 20
27.54436252 -7.342773588 14.8562484272674 EGY 21
209.207241 88.13636864 13.7236144458093 KGZ 22
213.1881644 26.18230747 7.67173369945692 BGD 23
-51.95607489 15.13313094 19.4081216740428 DZA 24
-22.5438093 -19.08473517 2.97124968545349 NER 25
190.2963464 62.36344628 5.68950998553132 AFG 26
128.1512906 -173.7379194 5.94249937090697 YEM 27
-189.914724 64.94351813 20.5138199850976 PRT 28
7.290717688 -30.95928979 1.71545180572616 COD 29
104.871791 -82.68048893 47.0734479087751 KWT 30
233.143878 -16.64378202 9.85452036511071 KHM 31
243.9807349 -74.95883835 15.1504601258837 IDN 32
188.3295567 76.99201614 10.292710834357 TJK 33
-57.84642233 -27.47911101 3.43090361145232 SLE 34
92.59705597 58.89206859 22.2347966670536 TUR 35
133.6961613 192.6761083 25.4442621726238 BLR 36
33.2983745 150.8027146 23.0790436651135 HUN 37
18.08648662 75.13242966 19.1024628601491 MKD 38
339.526875 -37.29001908 49.688913645081 BRN 39
-23.64731975 -109.1114243 28.4475499276566 ZAF 40
-1.598495968 -25.2349436 2.42601520925535 TCD 41
-154.7851283 133.3691689 21.2189669719965 FRA 42
32.09892572 -53.098467 4.85203041851071 MOZ 43
22.49417297 -31.80260886 3.83586684972846 ETH 44
20.52294062 -24.04975957 4.53865886406811 ERI 45
-120.9791773 92.01343441 25.3283423799046 AND 46
-9.852987317 118.1007554 26.3532706864541 BIH 47
1.119597612 -56.98386346 8.40396320473022 AGO 48
129.4812359 276.2359195 27.4472288916186 FIN 49
6.514447522 -20.69375466 6.86180722290464 SDN 50
226.391024 58.44974263 16.27420476703 BTN 51
224.9584748 35.77611655 8.40396320473022 MMR 52
292.3518851 175.8023619 53.564965465544 MNG 53
319.4097004 85.57387411 35.1981282451327 KOR 54
1.916271531 -27.44528969 1.71545180572616 CAF 55
64.83862856 -26.08132243 26.2973782148668 ISR 56
276.4103098 9.11098829 16.6319223299744 VNM 57
-112.505129 28.19895472 13.6159765922043 MAR 58
65.28631323 24.94088514 20.1519958290027 LBN 59
80.55332297 -162.569267 43.7356111601284 SAU 60
171.9436115 -2.760310925 30.7348457322287 IRN 61
30.06795422 -26.58211727 6.18514944613296 DJI 62
91.76893318 209.9781634 23.2062018928508 LTU 63
221.3366016 215.4754413 33.9208635654775 RUS 64
24.71281277 -63.21353959 8.74712223202567 ZWE 65
-49.31819278 -11.25908418 8.74712223202567 MRT 66
6.597178242 -79.93518193 17.1545180572616 BWA 67
232.3976052 -244.4187829 62.7489666306555 QAT 68
-71.33998616 -3.257327389 4.53865886406811 GMB 69
194.1932299 31.45107787 13.7236144458093 IND 70
-1.50708342 -32.79503657 5.14635541717848 CMR 71
-50.35883437 -32.87072156 4.53865886406811 LBR 72
-35.61315672 -39.21165696 7.4774810636747 GHA 73
72.76059565 151.8679117 19.857790317683 ROU 74
121.028147 150.1624401 22.822601887277 UKR 75
13.93625429 -38.70523845 2.42601520925535 BDI 76
29.84537456 -37.79593513 5.68950998553132 KEN 77
-50.67855641 -23.93679529 5.14635541717848 GIN 78
23.29263969 -45.61263848 2.97124968545349 MWI 79
-55.62189606 135.6829639 25.3283423799046 SVN 80
44.94364353 -65.14843174 10.4346859664035 LSO 81
-40.47724583 -27.15576308 6.41863292054999 CIV 82
37.19950316 -28.66955221 1.71545180572616 SOM 83
11.51939135 -28.71375849 3.43090361145232 SSD 84
244.9422065 -96.35641638 6.41863292054999 TLS 85
-86.83432437 163.4508979 19.857790317683 LIE 86
-162.9757727 247.5690192 27.7139720775956 BEL 87
-5.785676524 -43.91158243 7.67173369945692 COG 88
20.45078968 -39.26780759 4.53865886406811 TZA 89
-10.60531455 221.9620019 29.5635610953321 CZE 90
265.7954023 -33.23575892 29.9590778199128 MYS 91
-4.399363505 172.7770666 24.4414259863686 SVK 92
15.95711936 -33.18978835 3.43090361145232 UGA 93
271.1486815 120.2993453 10.9842510353931 PRK 94
-120.4584182 204.6368037 37.2691528176726 LUX 95
-26.39836096 -28.7060302 7.67173369945692 BEN 96
27.48228725 37.45930965 23.0790436651135 GRC 97
-121.1430615 150.6457074 19.9317488243966 CHE 98
-64.80876309 -12.97982767 8.22701784662525 SEN 99
104.1031742 -24.39089647 16.27420476703 JOR 100
-112.1293049 265.3597331 29.2634156456628 NLD 101
234.6008686 -153.5346643 35.9836206491012 OMN 102
-81.82174702 68.8080485 23.1427101134242 ITA 103
258.6379136 42.23807474 22.2347966670536 LAO 104
112.1392785 86.593056 14.5560912555321 ARM 105
181.6799003 -107.2387484 40.1943207291187 ARE 106
51.53426711 3.200573777 7.86118775078881 PSE 107
92.1326018 250.4825682 20.1519958290027 SWE 108
94.23890274 131.800665 11.6347602165829 MDA 109
-164.7262642 94.69043031 21.8341368832982 ESP 110
-12.0951838 -26.56755735 8.04618218479555 NGA 111
-5.078165395 46.0020681 12.9513771149188 ALB 112
30.98102205 -78.66970906 9.39591650309188 SWZ 113
114.7988315 114.7779516 16.27420476703 GEO 114
-9.005775123 7.88951244 28.0307134711973 LBY 115
267.9531941 -75.93631667 8.91374905636046 PNG 116
45.21229051 197.2916868 29.0109224390052 POL 117
-49.90289071 185.0121082 26.7412471690814 AUT 118
299.2211858 37.89408456 21.0798247042792 HKG 119
169.0250023 240.7036649 28.9601596311934 EST 120
47.41334797 250.5417286 28.4475499276566 NOR 121
-18.27972671 73.01296813 19.783555327678 MNE 122
122.9689711 7.158699999 23.5835632523664 IRQ 123
-63.54084276 -23.9760202 3.83586684972846 GNB 124
-37.82970662 -16.86308977 4.20198160236511 MLI 125
184.0271764 157.9197313 40.6312283551518 KAZ 126
