-38.35542576 92.87830716 49.368397802671034 HRV 0
160.5237232 79.02107207 44.522887117791335 UZB 1
54.0129418 80.73901143 56.288633951123799 BGR 2
-50.4156611 -49.45632071 65.61850632886707 GNQ 3
25.19755441 77.90459124 53.779084465077673 SRB 4
-25.75751545 -14.90104615 10.664792828498646 BFA 5
-17.99671733 -30.07881892 12.74686550124585 TGO 6
126.983287 91.46595567 85.698381669840728 TKM 7
99.33728174 178.6843917 45.959477166184897 LVA 8
-80.50679954 188.901745 67.208747399207454 DEU 9
155.2752834 -16.63522024 46.661189155783539 THA 10
117.0795838 58.01652158 46.661189155783539 AZE 11
207.2417337 62.11981286 65.988886540565474 CHN 12
-26.70502332 -60.35670801 33.725036111885203 GAB 13
149.5114921 29.12766616 24.848215316316704 PAK 14
20.47972759 -30.750876 6.9817457725167476 RWA 15
72.24723175 34.27289688 31.994378485495933 SYR 16
25.50516911 -40.70803298 14.533662791564524 ZMB 17
-59.63209991 212.1634846 51.463249564535673 DNK 18
154.6554254 48.36221492 18.471963031155848 NPL 19
-21.63359959 47.69267224 37.381147506716857 TUN 20
16.11131542 -7.216693766 34.908728862583743 EGY 21
182.8315174 73.64565068 32.247302409408611 KGZ 22
157.9146798 18.18471323 18.0267900696076 BGD 23
-28.6071995 25.21557521 45.604572417332243 DZA 24
-11.29441572 -14.48873425 6.9817457725167476 NER 25
145.04396 38.92839789 13.3690253241415 AFG 26
104.757304 -119.3219369 13.963491545033495 YEM 27
-162.1161539 59.67173266 48.202706309168761 PRT 28
13.48586002 -30.88160472 4.0309128011760764 COD 29
107.8372182 -32.41875233 110.61165527215444 KWT 30
166.0158308 -32.80335278 23.155831109088059 KHM 31
193.6445056 -50.21279767 35.600057933006831 IDN 32
175.6671779 60.63906186 24.185476807056457 TJK 33
-39.72018582 -17.28445574 8.0618256023521528 SLE 34
69.83691958 56.95392464 52.246601284630053 TUR 35
100.4529919 150.8839945 59.788098835393114 BLR 36
26.88654071 106.2945179 54.2303853935597 HUN 37
26.59474925 51.96279263 44.886345288126989 MKD 38
252.3032646 -6.907422921 116.75739150462745 BRN 39
3.184876702 -77.67253918 66.845126620707504 ZAF 40
0.726140524 -18.49539411 5.7005715521665303 TCD 41
-129.9360716 110.7894888 49.859637740709964 FRA 42
36.60076444 -45.41250434 11.401143104333061 MOZ 43
29.26513671 -23.56953136 9.0133950348037999 ETH 44
29.49095579 -18.39393183 10.664792828498646 ERI 45
-108.8791446 71.2301595 59.515714280594544 AND 46
-5.092809722 81.65418218 61.924057445565516 BIH 47
-0.02425787193 -49.80871592 19.747359121068413 AGO 48
102.6810775 219.5555833 64.494604818817223 FIN 49
22.5102962 -19.75939388 16.123651204704306 SDN 50
165.0873296 37.65136147 38.240596503737549 BTN 51
164.4996005 10.74031156 19.747359121068413 MMR 52
223.7860717 115.1831527 125.86521187531538 MNG 53
242.965421 44.78875114 82.707415764842111 KOR 54
7.883224248 -25.08304098 4.0309128011760764 CAF 55
41.27834188 -3.394131488 61.792723135584602 ISR 56
206.7159501 -0.3370403575 39.08114958652579 VNM 57
-105.4189402 14.47980011 31.994378485495933 MAR 58
62.77113543 15.66392882 47.352503687498427 LBN 59
105.2969526 -88.56632 102.76851515393882 SAU 60
119.3972814 26.74986663 72.219739832195017 IRN 61
37.19202886 -23.07108257 14.533662791564524 DJI 62
74.09856552 170.6488354 54.529177657061588 LTU 63
189.3492117 160.5757884 79.706140805949801 RUS 64
31.6943933 -52.24016164 20.553703030787766 ZWE 65
-40.83638077 6.485340129 20.553703030787766 MRT 66
15.68803968 -51.71608424 40.309128011760762 BWA 67
202.8649733 -144.7731241 147.44547879910303 QAT 68
-46.13225622 -4.213394903 10.664792828498646 GMB 69
149.6796989 7.763070888 32.247302409408611 IND 70
-1.67604009 -22.62488899 12.092738403528228 CMR 71
-38.63829548 -22.11207404 10.664792828498646 LBR 72
-24.59055571 -25.58094987 17.570341550550975 GHA 73
53.31876578 109.1581732 46.661189155783539 ROU 74
105.9972676 121.5483172 53.627806853266648 UKR 75
22.37425755 -33.5078673 5.7005715521665303 BDI 76
33.10821609 -29.18005599 13.3690253241415 KEN 77
-34.98503841 -14.64462217 12.092738403528228 GIN 78
29.80216579 -37.01270258 6.9817457725167476 MWI 79
-43.3910387 134.5842526 59.515714280594544 SVN 80
43.89938026 -56.03231549 24.519085349893274 LSO 81
-31.93548493 -21.12331525 15.082294657962107 CIV 82
41.85965081 -21.53396324 4.0309128011760764 SOM 83
19.67932958 -25.4581559 8.0618256023521528 SSD 84
206.969333 -51.47839569 15.082294657962107 TLS 85
-90.6899754 141.6843075 46.661189155783539 LIE 86
-147.3444475 193.2546001 65.121389272564087 BEL 87
2.567282694 -40.15221836 18.0267900696076 COG 88
27.87738146 -32.74534395 10.664792828498646 TZA 89
-34.30908553 172.5483981 69.467493327264179 CZE 90
188.5853771 -22.77379228 70.396865649395025 MYS 91
8.714750293 129.381176 57.43166701541135 SVK 92
24.06951114 -29.08071049 8.0618256023521528 UGA 93
227.4420241 75.4016172 25.81043545618887 PRK 94
-115.7387963 168.3743168 87.573841876689386 LUX 95
-18.21787198 -16.33085558 18.0267900696076 BEN 96
24.90314127 25.93655817 54.2303853935597 GRC 97
-111.2260249 128.0994991 46.834974446907694 CHE 98
-38.34566912 -6.4447461 19.331578679605002 SEN 99
70.60026937 -5.98842519 38.240596503737549 JOR 100
-113.5283645 212.4458339 68.762221321808539 NLD 101
196.7033233 -83.97753239 84.55314024151599 OMN 102
-57.62800246 45.42689496 54.379986740938982 ITA 103
183.9708009 12.22926688 52.246601284630053 LAO 104
96.76078052 43.36840857 34.203429312999177 ARM 105
154.9525316 -62.04995027 94.447306196980293 ARE 106
51.16343644 32.01113811 18.471963031155848 PSE 107
78.9253267 197.09086 47.352503687498427 SWE 108
73.42878349 101.6472875 27.33898075077996 MDA 109
-137.5808445 76.41386421 51.305143969498772 ESP 110
-9.780548424 -21.14049433 18.906656929110273 NGA 111
3.635929344 32.54377298 30.432724271892816 ALB 112
31.34077523 -63.47387417 22.078218685404735 SWZ 113
94.36897623 90.6578445 38.240596503737549 GEO 114
-7.820455724 4.375551457 65.865657886738958 LBY 115
206.5543045 -42.00062652 20.945237317550244 PNG 116
41.7310233 164.6900043 68.168921005513624 POL 117
-65.92983684 157.6428737 62.835711952650733 AUT 118
208.0282224 29.49222475 49.532685770241244 HKG 119
128.4039078 194.7205364 68.049640212460133 EST 120
51.29866063 208.9553647 66.845126620707504 NOR 121
-0.08971941143 52.47657262 46.486754193222893 MNE 122
89.48466695 11.43941005 55.415889093467548 IRQ 123
-41.6841823 -13.12121902 9.0133950348037999 GNB 124
-27.35433411 -9.646174866 9.8736795605342067 MLI 125
162.4475425 123.3660661 95.473937511733411 KAZ 126
