-54.26651825 96.1670459 49.368397802671034 HRV 0
167.2814112 96.99495195 44.522887117791335 UZB 1
60.38044401 104.0957158 56.288633951123799 BGR 2
-61.59579298 -53.0843687 65.61850632886707 GNQ 3
23.23768554 94.13106262 53.779084465077673 SRB 4
-27.39409474 -21.73956018 10.664792828498646 BFA 5
-24.21288065 -44.92878377 12.74686550124585 TGO 6
141.2128104 61.86052184 85.698381669840728 TKM 7
106.3305848 219.7053582 45.959477166184897 LVA 8
-84.74076905 225.0820615 67.208747399207454 DEU 9
181.0618402 -22.77382199 46.661189155783539 THA 10
134.1584734 107.5886417 46.661189155783539 AZE 11
216.944895 72.73219317 65.988886540565474 CHN 12
-29.9912319 -64.39059973 33.725036111885203 GAB 13
175.2214538 27.17499522 24.848215316316704 PAK 14
14.52043971 -33.27510699 6.9817457725167476 RWA 15
76.75973362 43.89364612 31.994378485495933 SYR 16
18.79664792 -45.3603775 14.533662791564524 ZMB 17
-62.57380668 261.2895044 51.463249564535673 DNK 18
176.0907657 54.53808821 18.471963031155848 NPL 19
-35.21108357 60.13907538 37.381147506716857 TUN 20
20.38757094 -6.141000483 34.908728862583743 EGY 21
194.5786008 98.4522649 32.247302409408611 KGZ 22
189.5829697 28.23915366 18.0267900696076 BGD 23
-39.68345207 30.84452478 45.604572417332243 DZA 24
-17.10281362 -16.64191408 6.9817457725167476 NER 25
170.9053334 39.2664017 13.3690253241415 AFG 26
133.4319025 -157.9928769 13.963491545033495 YEM 27
-193.0432308 54.38743338 48.202706309168761 PRT 28
9.408504967 -30.380015 4.0309128011760764 COD 29
116.4147457 -48.52491318 110.61165527215444 KWT 30
192.4659817 -43.27473748 23.155831109088059 KHM 31
226.2493322 -70.2505909 35.600057933006831 IDN 32
183.5924463 74.47376096 24.185476807056457 TJK 33
-52.20984392 -24.0646518 8.0618256023521528 SLE 34
78.00222691 72.16039494 52.246601284630053 TUR 35
104.7422873 183.6666375 59.788098835393114 BLR 36
32.97027302 129.1367551 54.2303853935597 HUN 37
21.32679599 61.04198728 44.886345288126989 MKD 38
301.3407354 -8.783882328 116.75739150462745 BRN 39
-10.45618327 -100.3533154 66.845126620707504 ZAF 40
-4.781124245 -19.64503602 5.7005715521665303 TCD 41
-151.6243485 129.0023669 49.859637740709964 FRA 42
34.69539879 -52.83427732 11.401143104333061 MOZ 43
29.04405997 -25.6767786 9.0133950348037999 ETH 44
28.57806094 -19.08239144 10.664792828498646 ERI 45
-120.517769 80.50376574 59.515714280594544 AND 46
-14.19863549 104.9364671 61.924057445565516 BIH 47
2.62828813 -53.14429361 19.747359121068413 AGO 48
109.7665364 271.3378741 64.494604818817223 FIN 49
10.54775659 -21.30809997 16.123651204704306 SDN 50
193.4733223 46.74056801 38.240596503737549 BTN 51
200.0686713 21.09105009 19.747359121068413 MMR 52
247.1700726 164.2102504 125.86521187531538 MNG 53
277.0344826 66.72260863 82.707415764842111 KOR 54
3.034134533 -25.44371878 4.0309128011760764 CAF 55
52.1103331 0.8740324538 61.792723135584602 ISR 56
238.7729522 -1.720493244 39.08114958652579 VNM 57
-114.0365291 21.17203592 31.994378485495933 MAR 58
50.56077905 48.87580655 47.352503687498427 LBN 59
124.8620012 -119.7124223 102.76851515393882 SAU 60
139.5367805 8.808168254 72.219739832195017 IRN 61
36.31192993 -22.52288746 14.533662791564524 DJI 62
74.20138599 209.3563079 54.529177657061588 LTU 63
187.9464867 199.7471146 79.706140805949801 RUS 64
29.181497 -62.04400223 20.553703030787766 ZWE 65
-50.51226237 4.777046849 20.553703030787766 MRT 66
11.04488455 -71.48322907 40.309128011760762 BWA 67
243.1728925 -200.1211208 147.44547879910303 QAT 68
-57.92720872 -5.573487168 10.664792828498646 GMB 69
174.5940525 6.748358748 32.247302409408611 IND 70
-4.586919568 -26.98593954 12.092738403528228 CMR 71
-49.87492084 -30.29257055 10.664792828498646 LBR 72
-33.30678038 -40.34198213 17.570341550550975 GHA 73
65.62558654 138.3313412 46.661189155783539 ROU 74
108.4677426 145.7153489 53.627806853266648 UKR 75
16.49821636 -37.04664157 5.7005715521665303 BDI 76
33.43416919 -31.78082904 13.3690253241415 KEN 77
-46.29853467 -20.76405179 12.092738403528228 GIN 78
25.72193337 -43.29241879 6.9817457725167476 MWI 79
-57.49526309 144.0811303 59.515714280594544 SVN 80
48.89493528 -62.23772613 24.519085349893274 LSO 81
-41.78815775 -33.38417668 15.082294657962107 CIV 82
42.06642081 -24.92773049 4.0309128011760764 SOM 83
14.80227186 -28.22924166 8.0618256023521528 SSD 84
243.2368707 -68.5024971 15.082294657962107 TLS 85
-98.50530876 159.6412535 46.661189155783539 LIE 86
-169.4386451 230.0032159 65.121389272564087 BEL 87
-0.8721090842 -40.69271293 18.0267900696076 COG 88
22.20328838 -37.60988586 10.664792828498646 TZA 89
-26.48780791 190.5054248 69.467493327264179 CZE 90
222.7318608 -34.81378006 70.396865649395025 MYS 91
1.968704525 150.2573131 57.43166701541135 SVK 92
19.7631241 -31.67793682 8.0618256023521528 UGA 93
248.3972752 113.2751152 25.81043545618887 PRK 94
-129.6907516 197.5293595 87.573841876689386 LUX 95
-25.57680921 -31.21582417 18.0267900696076 BEN 96
23.81651089 27.69024717 54.2303853935597 GRC 97
-129.0641342 152.3724362 46.834974446907694 CHE 98
-48.91384728 -10.09623438 19.331578679605002 SEN 99
85.0842505 7.34218983 38.240596503737549 JOR 100
-124.4833605 249.7929639 68.762221321808539 NLD 101
225.7282022 -124.0759139 84.55314024151599 OMN 102
-83.69815908 69.88162501 54.379986740938982 ITA 103
223.9150867 25.13204113 52.246601284630053 LAO 104
107.1221846 87.77169947 34.203429312999177 ARM 105
180.9160945 -83.97615728 94.447306196980293 ARE 106
58.61042841 27.59745491 18.471963031155848 PSE 107
85.22433016 242.8694864 47.352503687498427 SWE 108
88.09218515 127.6838123 27.33898075077996 MDA 109
-156.5498915 89.87713768 51.305143969498772 ESP 110
-14.81646544 -25.04045866 18.906656929110273 NGA 111
-3.705164979 43.5622201 30.432724271892816 ALB 112
35.36143128 -74.96757875 22.078218685404735 SWZ 113
106.5139834 114.7457202 38.240596503737549 GEO 114
-10.81171376 7.01896933 65.865657886738958 LBY 115
244.4771465 -56.46184517 20.945237317550244 PNG 116
40.78599707 185.1967527 68.168921005513624 POL 117
-70.35194895 183.3404398 62.835711952650733 AUT 118
258.0762725 26.54875094 49.532685770241244 HKG 119
141.1637487 236.7399095 68.049640212460133 EST 120
46.98349889 239.8103611 66.845126620707504 NOR 121
-8.456316521 68.97043752 46.486754193222893 MNE 122
103.868414 32.58503313 55.415889093467548 IRQ 123
-53.45996933 -18.46286085 9.0133950348037999 GNB 124
-33.95624829 -16.34714806 9.8736795605342067 MLI 125
158.4747252 148.805044 95.473937511733411 KAZ 126
