-50.45068197 100.5497383 21.009908011825559 HRV 0
175.125384 92.70548945 18.947784501831229 UZB 1
68.43580803 105.4445213 23.954980798676992 BGR 2
-67.4296188 -50.33678866 27.925532186671457 GNQ 3
28.24444575 99.56427014 22.886981710197347 SRB 4
-29.67912532 -18.60840986 4.5386588640681094 BFA 5
-26.79873088 -43.77032184 5.4247349223433456 TGO 6
147.7250884 53.22587148 36.471005659176079 TKM 7
121.6187718 220.3877757 19.559159918309096 LVA 8
-69.73031984 232.9753099 28.602297487786227 DEU 9
180.5519591 -31.9079719 19.857790317683023 THA 10
142.7403222 101.8722086 19.857790317683023 AZE 11
228.9866184 61.28789099 28.083156386028463 CHN 12
-32.84183257 -62.49087003 14.352499532967775 GAB 13
175.1517022 15.68389826 10.574755132636762 PAK 14
11.97432492 -34.33822489 2.9712496854534858 RWA 15
78.74571567 37.20185717 13.615976592204328 SYR 16
15.43992739 -47.1398664 6.1851494461329635 ZMB 17
-45.31069605 269.3273489 21.901422518557347 DNK 18
184.2456643 41.22632495 7.8611877507888117 NPL 19
-40.18016693 65.08418859 15.908445593713628 TUN 20
15.65720386 -5.243037709 14.856248427267428 EGY 21
202.7134859 86.26532874 13.723614445809288 KGZ 22
190.974146 15.94252208 7.671733699456917 BGD 23
-49.34717213 35.86470499 19.408121674042821 DZA 24
-22.17336173 -18.85803211 2.9712496854534858 NER 25
175.7698154 29.77338017 5.6895099855313198 AFG 26
124.8785805 -170.9242004 5.9424993709069716 YEM 27
-189.301363 66.2470818 20.513819985097555 PRT 28
7.483833428 -30.88189272 1.715451805726161 COD 29
106.0602799 -59.68944371 47.073447908775144 KWT 30
187.7760862 -56.6385605 9.8545203651107141 KHM 31
219.9357808 -85.36964139 15.150460125883747 IDN 32
187.8549338 62.90088645 10.292710834356965 TJK 33
-54.62302682 -21.13060803 3.4309036114523219 SLE 34
82.81669437 68.06182709 22.234796667053565 TUR 35
120.0428101 181.3964439 25.444262172623755 BLR 36
38.22016588 138.1544612 23.079043665113499 HUN 37
21.3371691 63.81592454 19.102462860149057 MKD 38
308.7223256 -31.59195432 49.688913645080966 BRN 39
-19.98545111 -105.3373833 28.447549927656603 ZAF 40
-1.470705691 -24.83043245 2.4260152092553526 TCD 41
-148.1558143 134.3763837 21.218966971996526 FRA 42
32.03877227 -53.69645439 4.8520304185107053 MOZ 43
25.7693128 -27.83211547 3.8358668497284585 ETH 44
26.33733471 -20.45109761 4.5386588640681094 ERI 45
-116.0840654 86.93210325 25.328342379904647 AND 46
-11.7893372 114.4075848 26.353270686454053 BIH 47
0.545269237 -55.20045056 8.4039632047302231 AGO 48
128.3960498 269.5389753 27.447228891618575 FIN 49
7.329750713 -22.13383662 6.8618072229046438 SDN 50
203.3285237 32.63384369 16.274204767030035 BTN 51
201.2968514 6.572388092 8.4039632047302231 MMR 52
263.0140245 151.8223264 53.564965465543963 MNG 53
283.6773108 56.82280911 35.198128245132729 KOR 54
1.908239745 -27.22556753 1.715451805726161 CAF 55
51.27965526 -3.132859219 26.297378214866768 ISR 56
248.6858342 -16.5689919 16.631922329974358 VNM 57
-112.505129 28.19895472 13.615976592204328 MAR 58
51.71976109 48.46988871 20.151995829002697 LBN 59
97.18348126 -137.9293312 43.735611160128364 SAU 60
145.887122 -5.021072189 30.734845732228685 IRN 61
34.14173871 -25.50667017 6.1851494461329635 DJI 62
86.7378469 207.2888214 23.206201892850839 LTU 63
205.4627978 201.245157 33.920863565477461 RUS 64
25.22493618 -63.32058774 8.7471222320256743 ZWE 65
-50.98896731 8.181222679 8.7471222320256743 MRT 66
6.973672701 -76.4098184 17.154518057261608 BWA 67
228.9091024 -226.3251322 62.748966630655502 QAT 68
-58.22466727 -1.895752551 4.5386588640681094 GMB 69
184.7191864 -3.08830835 13.723614445809288 IND 70
-3.86317865 -30.95032312 5.1463554171784827 CMR 71
-51.36129761 -27.22294787 4.5386588640681094 LBR 72
-35.57943383 -34.56622697 7.4774810636747029 GHA 73
75.14766905 142.9113996 19.857790317683023 ROU 74
119.8816155 139.5437603 22.822601887276981 UKR 75
14.08821887 -38.51367634 2.4260152092553526 BDI 76
30.86113354 -35.2675211 5.6895099855313198 KEN 77
-48.0373047 -17.67378116 5.1463554171784827 GIN 78
23.08656275 -44.88485646 2.9712496854534858 MWI 79
-47.09816113 142.9523982 25.328342379904647 SVN 80
44.94364353 -65.14843174 10.434685966403512 LSO 81
-39.62129646 -23.2148292 6.4186329205499861 CIV 82
40.69145069 -27.51517845 1.715451805726161 SOM 83
13.1381175 -28.91013477 3.4309036114523219 SSD 84
238.6360533 -85.05848891 6.4186329205499861 TLS 85
-85.35276451 161.6042569 19.857790317683023 LIE 86
-160.3942037 243.7008156 27.713972077595571 BEL 87
-4.112974594 -42.06226864 7.671733699456917 COG 88
20.10468936 -39.09574314 4.5386588640681094 TZA 89
-7.846330942 202.3873101 29.563561095332144 CZE 90
221.2935455 -46.26411962 29.959077819912775 MYS 91
1.304538534 156.4614886 24.441425986368646 SVK 92
17.82881342 -32.57066904 3.4309036114523219 UGA 93
254.8618448 96.4472544 10.984251035393127 PRK 94
-119.4952206 204.9401839 37.269152817672641 LUX 95
-23.49349887 -29.41892813 7.671733699456917 BEN 96
20.82236311 27.2430331 23.079043665113499 GRC 97
-119.2815299 155.3407523 19.931748824396585 CHE 98
-47.35726235 -6.097485489 8.2270178466252499 SEN 99
87.89143102 -7.851700761 16.274204767030035 JOR 100
-110.6923967 261.9562528 29.263415645662786 NLD 101
221.1073937 -141.0687754 35.983620649101226 OMN 102
-76.58336566 72.57027945 23.142710113424155 ITA 103
227.6787225 9.784795183 22.234796667053565 LAO 104
112.4347524 79.91537229 14.556091255532115 ARM 105
171.8811667 -97.0225569 40.194320729118701 ARE 106
60.56206642 24.99484589 7.8611877507888117 PSE 107
96.2389528 243.6649964 20.151995829002697 SWE 108
94.54911678 123.6943627 11.634760216582922 MDA 109
-155.5155064 97.77552945 21.834136883298171 ESP 110
-11.69987767 -22.58769999 8.0461821847955459 NGA 111
-3.832843288 46.43233766 12.951377114918756 ALB 112
30.8206098 -78.02389053 9.3959165030918808 SWZ 113
111.7191546 106.639568 16.274204767030035 GEO 114
-19.09889755 7.987741296 28.030713471197302 LBY 115
242.6138189 -72.37230637 8.9137490563604587 PNG 116
49.20164563 181.9670979 29.010922439005206 POL 117
-54.3495255 187.517743 26.741247169081369 AUT 118
265.1908786 11.66040233 21.079824704279233 HKG 119
161.5658849 233.5885831 28.960159631193449 EST 120
54.41733036 238.4822385 28.447549927656603 NOR 121
-10.67189108 74.41724262 19.783555327677998 MNE 122
106.7151521 21.13355797 23.583563252366435 IRQ 123
-55.30914503 -14.86689382 3.8358668497284585 GNB 124
-36.13422842 -14.6366077 4.2019816023651115 MLI 125
174.7416599 144.3660247 40.631228355151791 KAZ 126
