-49.99554968 100.1419675 21.009908011825559 HRV 0
174.9681035 92.18916625 18.947784501831229 UZB 1
68.01580957 104.5007975 23.954980798676992 BGR 2
-67.19520206 -50.22740778 27.925532186671457 GNQ 3
28.17541675 98.5414751 22.886981710197347 SRB 4
-29.70970368 -18.59532967 4.5386588640681094 BFA 5
-26.79873088 -43.77032184 5.4247349223433456 TGO 6
147.1862822 53.46137438 36.471005659176079 TKM 7
121.5468373 218.6204468 19.559159918309096 LVA 8
-69.70327295 232.7466038 28.602297487786227 DEU 9
180.1028035 -31.40680401 19.857790317683023 THA 10
142.6405509 101.8698712 19.857790317683023 AZE 11
228.2182291 61.24970622 28.083156386028463 CHN 12
-32.95402327 -62.45469314 14.352499532967775 GAB 13
175.2343345 15.72974596 10.574755132636762 PAK 14
12.07129015 -34.24621721 2.9712496854534858 RWA 15
78.79424413 36.46363746 13.615976592204328 SYR 16
15.47436437 -47.04145279 6.1851494461329635 ZMB 17
-45.5164579 268.8220041 21.901422518557347 DNK 18
183.499942 41.84899669 7.8611877507888117 NPL 19
-39.1262059 64.879305 15.908445593713628 TUN 20
16.14071877 -5.504518627 14.856248427267428 EGY 21
202.4450463 86.31773803 13.723614445809288 KGZ 22
190.9257672 15.83726429 7.671733699456917 BGD 23
-48.09011977 35.86034345 19.408121674042821 DZA 24
-22.20023978 -18.51903426 2.9712496854534858 NER 25
174.57353 29.7012702 5.6895099855313198 AFG 26
124.6599347 -170.616113 5.9424993709069716 YEM 27
-189.301363 66.2470818 20.513819985097555 PRT 28
7.483833428 -30.88189272 1.715451805726161 COD 29
106.3091416 -58.63208473 47.073447908775144 KWT 30
187.2357549 -55.94334887 9.8545203651107141 KHM 31
220.1520478 -85.26420534 15.150460125883747 IDN 32
187.8549338 62.90088645 10.292710834356965 TJK 33
-54.53755214 -21.10475405 3.4309036114523219 SLE 34
82.57702294 67.54166043 22.234796667053565 TUR 35
118.7297821 180.0206047 25.444262172623755 BLR 36
38.412594 136.7233742 23.079043665113499 HUN 37
21.9136114 62.97809785 19.102462860149057 MKD 38
308.3400254 -31.23172055 49.688913645080966 BRN 39
-19.57265553 -104.8319316 28.447549927656603 ZAF 40
-1.321225483 -24.613317 2.4260152092553526 TCD 41
-147.64115 134.478934 21.218966971996526 FRA 42
32.00866841 -53.77634936 4.8520304185107053 MOZ 43
25.9032055 -27.81341449 3.8358668497284585 ETH 44
26.40343844 -20.4698099 4.5386588640681094 ERI 45
-115.9329775 86.74647929 25.328342379904647 AND 46
-11.48070033 113.3971046 26.353270686454053 BIH 47
0.3808965665 -54.83966324 8.4039632047302231 AGO 48
128.4957652 268.7276447 27.447228891618575 FIN 49
7.51840687 -22.07296878 6.8618072229046438 SDN 50
202.3672933 33.19774899 16.274204767030035 BTN 51
201.2049858 6.592428088 8.4039632047302231 MMR 52
261.7014357 151.7312442 53.564965465543963 MNG 53
282.6717526 55.69133192 35.198128245132729 KOR 54
2.048610036 -27.0218947 1.715451805726161 CAF 55
51.474654 -3.482535134 26.297378214866768 ISR 56
246.3944279 -16.1010595 16.631922329974358 VNM 57
-112.505129 28.19895472 13.615976592204328 MAR 58
52.00890135 47.68327334 20.151995829002697 LBN 59
99.0853049 -136.3927388 43.735611160128364 SAU 60
145.9748989 -4.419529717 30.734845732228685 IRN 61
34.18317907 -25.42343448 6.1851494461329635 DJI 62
86.27972211 206.4314511 23.206201892850839 LTU 63
204.2238292 200.2808283 33.920863565477461 RUS 64
25.27778161 -63.34040161 8.7471222320256743 ZWE 65
-50.19639338 8.135075173 8.7471222320256743 MRT 66
6.845393063 -75.84774203 17.154518057261608 BWA 67
228.7648786 -224.5538751 62.748966630655502 QAT 68
-58.22466727 -1.895752551 4.5386588640681094 GMB 69
184.7092758 -2.8958702 13.723614445809288 IND 70
-3.569059268 -30.7298029 5.1463554171784827 CMR 71
-51.40592194 -27.20120393 4.5386588640681094 LBR 72
-35.38917813 -34.30566028 7.4774810636747029 GHA 73
75.02052587 141.5524179 19.857790317683023 ROU 74
120.2397518 138.5390634 22.822601887276981 UKR 75
14.08484423 -38.42832569 2.4260152092553526 BDI 76
30.93514006 -35.10520081 5.6895099855313198 KEN 77
-48.00604739 -17.67689111 5.1463554171784827 GIN 78
23.07342719 -44.84178165 2.9712496854534858 MWI 79
-47.06461395 143.4354752 25.328342379904647 SVN 80
44.94364353 -65.14843174 10.434685966403512 LSO 81
-39.67579943 -23.15018646 6.4186329205499861 CIV 82
40.67663129 -27.50351762 1.715451805726161 SOM 83
13.20351059 -28.85808229 3.4309036114523219 SSD 84
238.6859132 -84.5050486 6.4186329205499861 TLS 85
-85.77074186 162.0791508 19.857790317683023 LIE 86
-159.8926386 243.2107041 27.713972077595571 BEL 87
-4.046899361 -41.7429479 7.671733699456917 COG 88
20.08471657 -39.05416824 4.5386588640681094 TZA 89
-8.125876663 200.3529654 29.563561095332144 CZE 90
220.220762 -46.43889627 29.959077819912775 MYS 91
1.856407474 154.9942208 24.441425986368646 SVK 92
17.76149554 -32.60619463 3.4309036114523219 UGA 93
254.8997246 96.63775761 10.984251035393127 PRK 94
-119.0993835 205.0134961 37.269152817672641 LUX 95
-23.45141305 -29.08826979 7.671733699456917 BEN 96
21.31275466 26.70749387 23.079043665113499 GRC 97
-119.4124643 155.8222722 19.931748824396585 CHE 98
-47.39891357 -6.191959497 8.2270178466252499 SEN 99
87.87899658 -7.366194015 16.274204767030035 JOR 100
-110.6434803 261.6027245 29.263415645662786 NLD 101
219.815523 -140.1172501 35.983620649101226 OMN 102
-76.57221751 73.02242078 23.142710113424155 ITA 103
227.1476303 11.22738686 22.234796667053565 LAO 104
111.8678495 79.50540121 14.556091255532115 ARM 105
171.4116497 -95.97072349 40.194320729118701 ARE 106
60.37447454 24.51282156 7.8611877507888117 PSE 107
97.09668659 242.4637768 20.151995829002697 SWE 108
94.90238647 123.1618599 11.634760216582922 MDA 109
-154.8525523 98.16247079 21.834136883298171 ESP 110
-11.59663649 -22.59332296 8.0461821847955459 NGA 111
-3.257523773 45.58682651 12.951377114918756 ALB 112
30.78719498 -77.93856513 9.3959165030918808 SWZ 113
111.7003637 106.0185458 16.274204767030035 GEO 114
-18.4039899 7.875913358 28.030713471197302 LBY 115
242.0522443 -71.75629366 8.9137490563604587 PNG 116
49.68141977 180.4087212 29.010922439005206 POL 117
-54.82169459 187.5380933 26.741247169081369 AUT 118
264.3962966 10.87572972 21.079824704279233 HKG 119
160.8637474 232.5957173 28.960159631193449 EST 120
55.49420326 238.4555005 28.447549927656603 NOR 121
-9.743331151 73.75786857 19.783555327677998 MNE 122
106.8865208 21.15832158 23.583563252366435 IRQ 123
-55.23699391 -14.8946631 3.8358668497284585 GNB 124
-36.11710776 -14.66485975 4.2019816023651115 MLI 125
174.5912143 143.4256283 40.631228355151791 KAZ 126
