-5.01452974 5.203075237 1.22474487139159 HRV 0
8.162674393 -1.749297674 1.10453610171872 UZB 1
1.570197844 5.472546518 1.3964240043769 BGR 2
-4.266577284 -3.654025226 1.62788205960997 GNQ 3
-0.9681949238 6.446002159 1.33416640641263 SRB 4
-2.073708039 -1.459109422 0.264575131106459 BFA 5
-1.587799723 -2.685953923 0.316227766016838 TGO 6
7.390782484 4.359332848 2.12602916254693 TKM 7
2.449686809 15.86686066 1.14017542509914 LVA 8
-7.344322152 13.38635093 1.66733320005331 DEU 9
12.99799854 -7.027571652 1.15758369027902 THA 10
5.438129424 7.531602286 1.15758369027902 AZE 11
13.09831984 -1.896131174 1.63707055437449 CHN 12
-1.896265029 -3.751721727 0.836660026534077 GAB 13
9.000060632 -3.933654573 0.6164414002969 PAK 14
0.1703590168 -2.234101497 0.173205080756888 RWA 15
4.076455734 -0.8222844392 0.793725393319376 SYR 16
0.4453106378 -3.100154422 0.360555127546399 ZMB 17
-4.335516415 16.64471292 1.27671453348037 DNK 18
10.05453192 -3.548392474 0.458257569495584 NPL 19
-3.551647856 2.434119981 0.927361849549569 TUN 20
0.9475651662 -0.1458794588 0.866025403784437 EGY 21
10.75459311 -1.978689529 0.800000000000001 KGZ 22
10.94279107 -5.655097815 0.447213595499958 BGD 23
-4.025387697 0.4702665556 1.13137084989848 DZA 24
-1.624087587 -1.329180607 0.173205080756888 NER 25
8.780487941 -3.045347771 0.33166247903554 AFG 26
10.22011966 -12.93995774 0.346410161513776 YEM 27
-13.85553255 4.46562077 1.19582607431014 PRT 28
0.1930235374 -1.9693935 0.1 COD 29
4.973823184 -7.79774204 2.74408454680245 KWT 30
14.45490168 -6.18614112 0.574456264653803 KHM 31
14.5429463 -8.537410122 0.883176086632782 IDN 32
9.561972315 -2.605320585 0.600000000000002 TJK 33
-3.468096856 -2.086739679 0.2 SLE 34
3.740658692 3.866061434 1.29614813968157 TUR 35
2.049260592 13.23593175 1.48323969741914 BLR 36
-1.276899812 9.006300237 1.34536240470737 HUN 37
-0.5693283119 4.124590066 1.11355287256601 MKD 38
19.95856276 -3.778330381 2.89654967159205 BRN 39
0.5898743783 -6.880980132 1.6583123951777 ZAF 40
-0.3760518781 -1.217692023 0.141421356237309 TCD 41
-11.134845 8.508320802 1.2369316876853 FRA 42
1.060904337 -3.166306849 0.28284271247462 MOZ 43
0.8176776585 -1.694005755 0.223606797749979 ETH 44
0.7950656887 -1.22316773 0.264575131106459 ERI 45
-13.5315861 7.221208623 1.47648230602334 AND 46
-3.552408655 7.421544718 1.53622914957373 BIH 47
-0.3711770132 -3.042851517 0.489897948556636 AGO 48
8.172741215 9.624389166 1.6 FIN 49
0.1609369948 -1.134196706 0.4 SDN 50
11.46444975 -3.775009469 0.948683298050512 BTN 51
11.71133421 -5.144385957 0.489897948556636 MMR 52
12.30243482 5.833222534 3.1224989991992 MNG 53
15.78294658 0.9252954107 2.05182845286832 KOR 54
0.1067141802 -1.619193912 0.1 CAF 55
2.735408793 -2.66675359 1.53297097167559 ISR 56
15.61206516 -4.392791286 0.969535971483269 VNM 57
-5.772537583 1.451133769 0.793725393319376 MAR 58
2.780394691 0.5593428614 1.17473401244707 LBN 59
7.346392675 -12.43717666 2.5495097567964 SAU 60
6.054893111 0.8338941914 1.79164728671689 IRN 61
1.350845054 -1.453361543 0.360555127546399 DJI 62
0.1334417114 15.23340505 1.35277492584687 LTU 63
4.726491849 10.58409487 1.97737199332852 RUS 64
1.063812567 -3.929208566 0.509901951359279 ZWE 65
-3.145683435 -0.8878598898 0.509901951359279 MRT 66
-0.2832564437 -4.474181535 1 BWA 67
10.87565486 -17.52596607 3.65786823163438 QAT 68
-4.823062508 -1.285280173 0.264575131106459 GMB 69
10.11532565 -4.785724026 0.800000000000001 IND 70
-0.2772534352 -1.647087433 0.3 CMR 71
-3.041750605 -2.231048925 0.264575131106459 LBR 72
-2.296060555 -2.536861353 0.435889894354067 GHA 73
0.9958952358 7.97581474 1.15758369027902 ROU 74
1.299792691 10.45742627 1.33041346956501 UKR 75
0.1143786153 -2.532120044 0.141421356237309 BDI 76
0.9976936664 -2.197108239 0.33166247903554 KEN 77
-3.21463148 -1.677756839 0.3 GIN 78
0.869896928 -2.753587344 0.173205080756888 MWI 79
-6.451343721 7.386025865 1.47648230602334 SVN 80
2.466051117 -5.768478274 0.608276253029822 LSO 81
-2.578305816 -1.81024369 0.374165738677395 CIV 82
1.288437259 -1.89742312 0.1 SOM 83
0.394948397 -1.672642916 0.2 SSD 84
15.21374757 -9.544374763 0.374165738677395 TLS 85
-8.75863017 11.06482283 1.15758369027902 LIE 86
-10.10842667 14.97393031 1.61554944214035 BEL 87
-0.7219707031 -2.212104971 0.447213595499958 COG 88
0.511809613 -2.502283956 0.264575131106459 TZA 89
-4.091210955 13.63974776 1.72336879396141 CZE 90
16.58622305 -6.867311044 1.7464249196573 MYS 91
-3.329005608 10.70776845 1.4247806848775 SVK 92
0.4850960393 -2.047255236 0.2 UGA 93
13.14147011 0.405409735 0.640312423743284 PRK 94
-11.89312556 11.77576361 2.17255609824004 LUX 95
-1.597428276 -1.951366419 0.447213595499958 BEN 96
1.347637435 2.737478706 1.34536240470737 GRC 97
-8.731896715 8.832521924 1.16189500386223 CHE 98
-4.062202209 -1.155711831 0.479583152331272 SEN 99
4.559592292 -4.207976538 0.948683298050512 JOR 100
-7.265894002 16.6438599 1.7058722109232 NLD 101
12.41909305 -12.09927761 2.0976176963403 OMN 102
-9.106646877 6.444828682 1.34907375632321 ITA 103
13.41528046 -4.702889131 1.29614813968157 LAO 104
4.381378689 5.915982141 0.848528137423857 ARM 105
9.89528641 -8.478658317 2.343074902772 ARE 106
2.052231309 -0.8762910696 0.458257569495584 PSE 107
10.11746123 11.60357755 1.17473401244707 SWE 108
2.574707352 8.914407539 0.678232998312526 MDA 109
-11.55596411 5.382007653 1.27279220613579 ESP 110
-0.9566421189 -1.345729153 0.469041575982343 NGA 111
-2.040734224 3.091087393 0.754983443527078 ALB 112
1.371443464 -4.899362815 0.547722557505166 SWZ 113
3.384762825 7.394914641 0.948683298050512 GEO 114
-1.325047022 0.6442661912 1.63401346383682 LBY 115
15.88591194 -8.943735862 0.519615242270664 PNG 116
-0.920363003 12.50039559 1.69115345252878 POL 117
-6.220956472 10.29998266 1.55884572681199 AUT 118
15.94991799 -2.227219054 1.22882057274445 HKG 119
4.845788592 14.45864869 1.68819430161341 EST 120
7.572548188 12.74527285 1.6583123951777 NOR 121
-2.748303115 4.844226657 1.15325625946708 MNE 122
5.656132284 -2.255022912 1.37477270848675 IRQ 123
-3.733094206 -1.747441172 0.223606797749979 GNB 124
-2.489148476 -1.198661305 0.244948974278318 MLI 125
10.11965321 1.003654265 2.3685438564654 KAZ 126
