15.5162307 44.29343749 38.765723294377665 HRV 0
64.19764525 40.77497118 34.960865636634644 UZB 1
25.61859245 42.09585564 44.199725036442615 BGR 2
9.830841368 2.189906206 51.525854039314261 GNQ 3
21.82226706 43.66936351 42.22914253225715 SRB 4
-2.017510932 13.2965924 8.3743533552363676 BFA 5
1.435562606 7.835272237 10.009266714853975 TGO 6
59.53166879 40.08179013 67.293246255791402 TKM 7
24.77512633 57.26694226 36.088924370201006 LVA 8
8.480576476 52.07333459 52.774564713510678 DEU 9
100.0628263 15.20219156 36.63993218151095 THA 10
47.56526939 40.23911718 36.63993218151095 AZE 11
104.7308817 35.20986251 51.816689015523202 CHN 12
11.74784917 -0.6166770258 26.482030533620073 GAB 13
70.24471229 29.77965898 19.511652842404665 PAK 14
29.84385548 -2.100464028 5.482301163811151 RWA 15
38.68584981 35.3634383 25.123060065709097 SYR 16
29.39489486 -13.10398881 11.412319931539283 ZMB 17
9.768983642 55.7188164 40.410671223775338 DNK 18
84.23737384 27.57039315 14.504805491804284 NPL 19
9.240685703 34.36721457 29.352931939656724 TUN 20
29.72514899 26.77918805 27.411505819055758 EGY 21
75.31622023 41.3108102 25.321664421639735 KGZ 22
89.45334846 24.38444706 14.155240737556086 BGD 23
3.319922829 27.99559162 35.810241246943193 DZA 24
9.075695201 15.06049461 5.482301163811151 NER 25
64.83338215 33.00833827 10.497807494233834 AFG 26
48.40066617 14.45419255 10.964602327622302 YEM 27
-7.824186092 39.59851718 37.850383200410228 PRT 28
24.55214412 0.6099373581 3.1652080527049669 COD 29
47.65937234 30.80450172 86.855985048423719 KWT 30
104.8501671 12.71339501 18.182735948090325 KHM 31
120.2186821 -4.861700878 27.954360613665497 IDN 32
71.19465267 39.42716856 18.9912483162298 TJK 33
-11.3213984 8.552082325 6.3304161054099337 SLE 34
34.85004236 39.13255131 41.02578529218674 TUR 35
27.8368798 52.61104811 46.947622343627174 BLR 36
20.45020715 47.23833161 42.583519171862896 HUN 37
22.81107847 40.45457204 35.246265193586652 MKD 38
115.5323321 4.929818482 91.681823455830781 BRN 39
24.40872078 -28.47279144 52.489037471169176 ZAF 40
18.86675165 13.29312698 4.4762801558678991 TCD 41
0.24184786 45.92927916 39.151461385074512 FRA 42
35.1734921 -17.96745636 8.9525603117357981 MOZ 43
38.24757234 8.143129693 7.0776203687780432 ETH 44
39.02581608 14.72432906 8.3743533552363676 ERI 45
0.4366694911 41.97649078 46.733736847014754 AND 46
18.77254651 43.26052769 48.624848750308466 BIH 47
18.48647047 -12.25780575 15.506289317751067 AGO 48
26.21072602 64.00046595 50.64332884327947 FIN 49
29.7829346 14.69901899 12.660832210819867 SDN 50
90.32593809 27.66685936 30.02780014456193 BTN 51
98.1503275 21.94666937 15.506289317751067 MMR 52
104.7407392 46.60589825 98.833589768285051 MNG 53
127.5081074 37.00375205 64.94463941787977 KOR 54
21.67517108 6.220576951 3.1652080527049669 CAF 55
34.24644887 31.30702132 48.521720641105325 ISR 56
105.7642562 16.04775516 30.687830643259662 VNM 57
-5.059443556 31.6181051 25.123060065709097 MAR 58
35.86581355 34.34608923 37.182775559838923 LBN 59
44.1223888 25.01512862 80.697288126618233 SAU 60
52.94406057 32.13141645 56.709364195233107 IRN 61
43.22149429 11.41034345 11.412319931539283 DJI 62
22.89562979 55.28805029 42.818140887878727 LTU 63
100.2520917 59.84100047 62.587937564766996 RUS 64
29.63902523 -20.21530024 16.139457625323647 ZWE 65
-11.6245998 20.05117016 16.139457625323647 MRT 66
24.10399837 -21.28292581 31.652080527049673 BWA 67
50.223063 25.14872596 115.77913982502805 QAT 68
-16.60327111 13.78017844 8.3743533552363676 GMB 69
77.27930982 20.03179439 25.321664421639735 IND 70
11.68800266 6.14203753 9.4956241581149001 CMR 71
-9.328705841 6.223360338 8.3743533552363676 LBR 72
-1.875728248 8.290192251 13.796822037022114 GHA 73
25.09864516 45.94588441 36.63993218151095 ROU 74
32.24116052 49.3581533 42.110354272943148 UKR 75
30.00559079 -3.589432081 4.4762801558678991 BDI 76
38.04666666 0.7612983008 10.497807494233834 KEN 77
-10.17686612 10.92548714 9.4956241581149001 GIN 78
33.86878292 -11.99013563 5.482301163811151 MWI 79
14.52529825 46.82111239 46.733736847014754 SVN 80
28.63047463 -29.52168433 19.253208943591964 LSO 81
-5.154721841 7.876233641 11.843124091079904 CIV 82
48.37107843 9.591484081 3.1652080527049669 SOM 83
29.46494768 7.823388355 6.3304161054099337 SSD 84
125.7255963 -8.767336621 11.843124091079904 TLS 85
9.424333653 47.88497947 36.63993218151095 LIE 86
1.382849965 51.32901705 51.13550103805656 BEL 87
15.01581446 -0.9742645458 14.155240737556086 COG 88
34.15512994 -5.716930598 8.3743533552363676 TZA 89
14.60295882 50.67701853 54.548207844270983 CZE 90
112.6747166 1.387579727 55.277982191439044 MYS 91
19.23639952 49.80298015 45.097272971127637 SVK 92
31.98546478 0.8391310952 6.3304161054099337 UGA 93
126.7299045 39.85627564 20.267220398792805 PRK 94
4.870488281 49.82191184 68.765920571026683 LUX 95
2.201175221 9.080647518 14.155240737556086 BEN 96
22.54477769 37.74498085 42.583519171862896 GRC 97
6.953625003 47.30705405 36.776394226223836 CHE 98
-13.95437039 14.01259477 15.179804557005749 SEN 99
37.07763298 30.3937417 30.02780014456193 JOR 100
4.854203968 53.88898384 53.994404588997327 NLD 101
58.42574899 18.99697367 66.393964239527691 OMN 102
12.07219951 43.27049137 42.70099117207144 ITA 103
104.9011273 18.49739389 41.02578529218674 LAO 104
44.99269824 40.00218923 26.857680935207391 ARM 105
55.46068839 22.22526886 74.163195503448307 ARE 106
35.72975238 32.67005089 14.504805491804284 PSE 107
15.19596657 62.31494926 37.182775559838923 SWE 108
29.24584198 47.03349493 21.467485478690442 MDA 109
-4.030335166 40.40244499 40.28652140281109 ESP 110
8.450891188 9.91671344 14.846141733527407 NGA 111
21.09488326 39.47571648 23.896796751108234 ALB 112
31.38166622 -26.84019282 17.33655849663511 SWZ 113
43.45764441 42.37972261 30.02780014456193 GEO 114
17.23336106 25.0828822 51.719925739646364 LBY 115
147.1201711 -5.804892037 16.446903491433456 PNG 116
19.76044351 52.88391084 53.528525263038901 POL 117
12.01603546 48.3945245 49.340710474300366 AUT 118
114.2957644 22.03952518 38.894727721802653 HKG 119
26.40695348 59.68477231 53.434861979974137 EST 120
10.14368846 62.09669324 52.489037471169176 NOR 121
19.65804503 40.71394191 36.502959992976095 MNE 122
44.02487321 33.34663828 43.514416475412858 IRQ 123
-14.75423449 12.31938228 7.0776203687780432 GNB 124
-3.900855855 16.15959344 7.7531446588755335 MLI 125
68.17577133 47.63771853 74.969340876691689 KAZ 126
