-48.24719946 98.56406875 21.0099080118256 HRV 0
177.1065465 95.30478411 18.9477845018312 UZB 1
72.12607864 103.9948754 23.954980798677 BGR 2
-68.65804307 -50.60961292 27.9255321866715 GNQ 3
30.09915704 101.5284737 22.8869817101973 SRB 4
-29.93649032 -16.51393471 4.53865886406811 BFA 5
-26.79873088 -43.77032184 5.42473492234335 TGO 6
149.4498772 53.89204708 36.4710056591761 TKM 7
122.1866097 228.7882859 19.5591599183091 LVA 8
-69.33598863 233.0934402 28.6022974877862 DEU 9
180.4689518 -33.81730963 19.857790317683 THA 10
143.3983878 104.2567858 19.857790317683 AZE 11
233.2058084 60.4863046 28.0831563860285 CHN 12
-32.47339505 -62.1656279 14.3524995329678 GAB 13
182.0827269 24.02388866 10.5747551326368 PAK 14
11.16286824 -34.73855528 2.97124968545349 RWA 15
74.48265331 36.13801056 13.6159765922043 SYR 16
15.22357521 -47.39256417 6.18514944613296 ZMB 17
-44.64398078 271.1681668 21.9014225185573 DNK 18
192.1787381 49.68598062 7.86118775078881 NPL 19
-44.4617398 63.86733 15.9084455937136 TUN 20
15.79535887 -4.686573227 14.8562484272674 EGY 21
204.5091903 84.74754829 13.7236144458093 KGZ 22
194.6201254 13.4178009 7.67173369945692 BGD 23
-55.37050541 33.8556464 19.4081216740428 DZA 24
-22.43122081 -16.78282864 2.97124968545349 NER 25
184.7136531 40.06927231 5.68950998553132 AFG 26
127.509698 -173.4891214 5.94249937090697 YEM 27
-189.301363 66.2470818 20.5138199850976 PRT 28
7.483833428 -30.88189272 1.71545180572616 COD 29
101.5801067 -65.60470606 47.0734479087751 KWT 30
189.1889539 -59.06700422 9.85452036511071 KHM 31
219.1505434 -85.88413879 15.1504601258837 IDN 32
189.7479911 65.82173708 10.292710834357 TJK 33
-55.41360194 -21.18828145 3.43090361145232 SLE 34
87.91160827 65.59621915 22.2347966670536 TUR 35
127.6459156 188.7095021 25.4442621726238 BLR 36
36.81601347 142.2728756 23.0790436651135 HUN 37
17.31936141 66.01327291 19.1024628601491 MKD 38
311.6547067 -34.35261207 49.688913645081 BRN 39
-21.38795378 -107.8450916 28.4475499276566 ZAF 40
-1.48421568 -24.957482 2.42601520925535 TCD 41
-151.5459592 134.1222521 21.2189669719965 FRA 42
32.21402618 -53.42975078 4.85203041851071 MOZ 43
24.47655984 -28.27946677 3.83586684972846 ETH 44
25.87850818 -20.20103388 4.53865886406811 ERI 45
-118.6726929 89.32753913 25.3283423799046 AND 46
-10.6513936 118.9653638 26.3532706864541 BIH 47
0.6813175724 -56.51629019 8.40396320473022 AGO 48
128.0096691 271.5952908 27.4472288916186 FIN 49
6.853719923 -22.03009967 6.86180722290464 SDN 50
205.0664985 32.22609186 16.27420476703 BTN 51
203.4114308 1.959251111 8.40396320473022 MMR 52
269.4818662 151.8051673 53.564965465544 MNG 53
290.0638498 60.44094893 35.1981282451327 KOR 54
1.606707536 -27.71765045 1.71545180572616 CAF 55
52.7675358 -4.684235702 26.2973782148668 ISR 56
254.8581291 -16.34329175 16.6319223299744 VNM 57
-112.505129 28.19895472 13.6159765922043 MAR 58
51.14384402 55.56652959 20.1519958290027 LBN 59
91.86420286 -146.6082983 43.7356111601284 SAU 60
144.2885903 -6.301616021 30.7348457322287 IRN 61
33.28817494 -26.41587899 6.18514944613296 DJI 62
89.04780938 209.3307386 23.2062018928508 LTU 63
211.7683609 205.1844025 33.9208635654775 RUS 64
24.70090114 -63.06680313 8.74712223202567 ZWE 65
-52.60111306 8.710613672 8.74712223202567 MRT 66
7.25054231 -78.52403705 17.1545180572616 BWA 67
229.415575 -232.6216137 62.7489666306555 QAT 68
-58.34972714 -1.801373976 4.53865886406811 GMB 69
184.0616609 -2.645038415 13.7236144458093 IND 70
-3.84141544 -31.41382476 5.14635541717848 CMR 71
-51.26879934 -27.17928653 4.53865886406811 LBR 72
-35.08623178 -34.6371958 7.4774810636747 GHA 73
74.85528184 150.1900979 19.857790317683 ROU 74
118.0006346 146.4315153 22.822601887277 UKR 75
13.98480632 -38.68629042 2.42601520925535 BDI 76
30.24295185 -36.6398874 5.68950998553132 KEN 77
-48.57878727 -17.62873933 5.14635541717848 GIN 78
23.20090582 -45.21286938 2.97124968545349 MWI 79
-52.03395615 140.0189723 25.3283423799046 SVN 80
44.94364353 -65.14843174 10.4346859664035 LSO 81
-39.63314651 -23.00522855 6.41863292054999 CIV 82
40.71032899 -27.47041193 1.71545180572616 SOM 83
12.71175907 -29.19862379 3.43090361145232 SSD 84
238.5238344 -86.50474968 6.41863292054999 TLS 85
-85.37545471 163.2027099 19.857790317683 LIE 86
-161.5908231 245.8950434 27.7139720775956 BEL 87
-4.214207087 -42.92524204 7.67173369945692 COG 88
20.22677823 -39.1539696 4.53865886406811 TZA 89
-6.583217377 211.540995 29.5635610953321 CZE 90
223.9203517 -44.58183996 29.9590778199128 MYS 91
-0.3016265363 163.432776 24.4414259863686 SVK 92
18.0129118 -32.34519155 3.43090361145232 UGA 93
254.9943466 95.64494639 10.9842510353931 PRK 94
-120.9114449 204.0022068 37.2691528176726 LUX 95
-24.44928173 -26.14566067 7.67173369945692 BEN 96
23.21933663 28.57553378 23.0790436651135 GRC 97
-119.5328765 152.6197502 19.9317488243966 CHE 98
-47.48480974 -5.65475187 8.22701784662525 SEN 99
90.6781762 -9.744292234 16.27420476703 JOR 100
-111.8302508 263.1632172 29.2634156456628 NLD 101
224.7550618 -143.9948216 35.9836206491012 OMN 102
-78.39929209 72.76808054 23.1427101134242 ITA 103
230.1724881 8.408958918 22.2347966670536 LAO 104
115.1538176 84.31021948 14.5560912555321 ARM 105
171.6867428 -100.7475616 40.1943207291187 ARE 106
58.39366578 25.48374862 7.86118775078881 PSE 107
92.15347188 248.2264914 20.1519958290027 SWE 108
92.8506568 128.3520179 11.6347602165829 MDA 109
-160.4554416 96.35461196 21.8341368832982 ESP 110
-11.24088152 -21.15131715 8.04618218479555 NGA 111
-4.425715717 46.99871599 12.9513771149188 ALB 112
31.11111733 -78.05396662 9.39591650309188 SWZ 113
111.8156542 111.8522044 16.27420476703 GEO 114
-19.43808621 10.93680912 28.0307134711973 LBY 115
243.393392 -73.61765035 8.91374905636046 PNG 116
47.27839708 187.9105046 29.0109224390052 POL 117
-50.84286328 186.9348886 26.7412471690814 AUT 118
268.8920609 14.49184239 21.0798247042792 HKG 119
165.0162412 236.9230729 28.9601596311934 EST 120
49.36104865 239.5013732 28.4475499276566 NOR 121
-15.58027236 77.79895557 19.783555327678 MNE 122
105.2161701 23.00578894 23.5835632523664 IRQ 123
-56.01374539 -14.38692545 3.83586684972846 GNB 124
-37.02785027 -13.13903386 4.20198160236511 MLI 125
175.6083907 148.8057085 40.6312283551518 KAZ 126
