-52.12218076 100.2929337 49.368397802671034 HRV 0
165.1499805 91.22936335 44.522887117791335 UZB 1
60.42463076 102.2009187 56.288633951123799 BGR 2
-56.6546693 -52.66197799 65.61850632886707 GNQ 3
23.87634874 98.15176538 53.779084465077673 SRB 4
-22.0390214 -19.61482248 10.664792828498646 BFA 5
-18.27951351 -42.70495228 12.74686550124585 TGO 6
139.511155 57.63315974 85.698381669840728 TKM 7
106.8444203 210.6247055 45.959477166184897 LVA 8
-87.11780015 228.6825876 67.208747399207454 DEU 9
179.165017 -23.87949647 46.661189155783539 THA 10
130.519618 101.5124957 46.661189155783539 AZE 11
226.0546876 81.53826175 65.988886540565474 CHN 12
-27.05153451 -64.25854508 33.725036111885203 GAB 13
173.4500993 25.74822271 24.848215316316704 PAK 14
17.57261867 -33.47701431 6.9817457725167476 RWA 15
80.76775415 46.64207113 31.994378485495933 SYR 16
21.79983515 -43.72826243 14.533662791564524 ZMB 17
-63.24554319 261.1277229 51.463249564535673 DNK 18
176.0463546 54.02905131 18.471963031155848 NPL 19
-31.04076792 60.80298741 37.381147506716857 TUN 20
20.50738834 -4.577267485 34.908728862583743 EGY 21
197.6186288 100.9312177 32.247302409408611 KGZ 22
190.5090531 31.53131129 18.0267900696076 BGD 23
-34.15102351 34.33210955 45.604572417332243 DZA 24
-12.3147551 -13.47330888 6.9817457725167476 NER 25
168.9938426 37.1495059 13.3690253241415 AFG 26
129.2068369 -151.0839562 13.963491545033495 YEM 27
-191.9211618 48.74530117 48.202706309168761 PRT 28
11.78231162 -31.70692721 4.0309128011760764 COD 29
108.8823273 -45.70052905 110.61165527215444 KWT 30
192.3696838 -42.03011016 23.155831109088059 KHM 31
223.7992197 -63.45853535 35.600057933006831 IDN 32
183.5985645 71.06612009 24.185476807056457 TJK 33
-44.04854399 -23.56694294 8.0618256023521528 SLE 34
79.95345627 73.40473575 52.246601284630053 TUR 35
106.2936728 177.131625 59.788098835393114 BLR 36
33.42323961 131.026737 54.2303853935597 HUN 37
22.98238696 65.5850944 44.886345288126989 MKD 38
295.6038117 -6.603215913 116.75739150462745 BRN 39
-6.343980704 -96.588673 66.845126620707504 ZAF 40
-1.294187613 -19.72806765 5.7005715521665303 TCD 41
-143.813719 126.982385 49.859637740709964 FRA 42
37.0257871 -51.1115606 11.401143104333061 MOZ 43
29.69787316 -26.24156309 9.0133950348037999 ETH 44
28.76782769 -19.96340542 10.664792828498646 ERI 45
-116.5591041 82.71504887 59.515714280594544 AND 46
-11.72754678 108.7662565 61.924057445565516 BIH 47
1.088925724 -52.82402974 19.747359121068413 AGO 48
108.0481795 257.5355647 64.494604818817223 FIN 49
12.94413099 -22.45907811 16.123651204704306 SDN 50
199.4563662 53.37503951 38.240596503737549 BTN 51
197.9598005 22.03802243 19.747359121068413 MMR 52
240.8596679 157.4688783 125.86521187531538 MNG 53
277.2730837 62.71595019 82.707415764842111 KOR 54
6.21945123 -25.87213135 4.0309128011760764 CAF 55
49.01619458 8.162102738 61.792723135584602 ISR 56
237.2154192 1.09631654 39.08114958652579 VNM 57
-109.9848866 19.37915055 31.994378485495933 MAR 58
52.53923402 51.4574234 47.352503687498427 LBN 59
116.3273428 -114.8832003 102.76851515393882 SAU 60
137.2527537 7.456470712 72.219739832195017 IRN 61
36.50927861 -22.25074496 14.533662791564524 DJI 62
75.91055711 197.111137 54.529177657061588 LTU 63
186.2820348 193.0601369 79.706140805949801 RUS 64
31.5711613 -59.76593602 20.553703030787766 ZWE 65
-47.6258742 4.857960081 20.553703030787766 MRT 66
13.30434699 -68.25415729 40.309128011760762 BWA 67
237.5955693 -189.3199022 147.44547879910303 QAT 68
-54.97255443 -5.105044299 10.664792828498646 GMB 69
173.5544513 6.910262769 32.247302409408611 IND 70
-1.348705678 -26.57838963 12.092738403528228 CMR 71
-43.00385308 -31.65222913 10.664792828498646 LBR 72
-26.47910066 -37.65354869 17.570341550550975 GHA 73
65.04903375 137.8781548 46.661189155783539 ROU 74
109.9984047 140.957978 53.627806853266648 UKR 75
20.00436389 -36.71452668 5.7005715521665303 BDI 76
33.79131271 -32.12525855 13.3690253241415 KEN 77
-39.58402067 -18.63614702 12.092738403528228 GIN 78
28.92973385 -42.32943137 6.9817457725167476 MWI 79
-57.87401445 148.3094084 59.515714280594544 SVN 80
48.97148226 -62.01663621 24.519085349893274 LSO 81
-34.68560442 -31.22100501 15.082294657962107 CIV 82
42.1962326 -24.03700516 4.0309128011760764 SOM 83
17.8098867 -28.59872726 8.0618256023521528 SSD 84
239.8895789 -65.23470499 15.082294657962107 TLS 85
-97.22222872 165.8510953 46.661189155783539 LIE 86
-172.0205829 227.6013917 65.121389272564087 BEL 87
2.75963727 -40.48008241 18.0267900696076 COG 88
25.60800135 -36.64390139 10.664792828498646 TZA 89
-26.71956008 196.1416567 69.467493327264179 CZE 90
219.3035889 -29.09699347 70.396865649395025 MYS 91
5.687173716 152.8808778 57.43166701541135 SVK 92
22.03545248 -31.64556434 8.0618256023521528 UGA 93
248.2128547 109.2441775 25.81043545618887 PRK 94
-132.6144169 192.5188132 87.573841876689386 LUX 95
-19.47308469 -28.51273187 18.0267900696076 BEN 96
21.86950514 33.34542141 54.2303853935597 GRC 97
-121.4317898 148.4143854 46.834974446907694 CHE 98
-45.87380308 -9.692256888 19.331578679605002 SEN 99
78.39372951 -4.937925791 38.240596503737549 JOR 100
-132.5965347 244.5135167 68.762221321808539 NLD 101
220.2638918 -115.8835061 84.55314024151599 OMN 102
-78.49485143 73.95275947 54.379986740938982 ITA 103
220.8981174 25.47502302 52.246601284630053 LAO 104
108.3741391 83.91493743 34.203429312999177 ARM 105
176.4937914 -78.68866841 94.447306196980293 ARE 106
59.74767784 31.58958018 18.471963031155848 PSE 107
83.95549208 231.0769439 47.352503687498427 SWE 108
87.11560841 128.2940433 27.33898075077996 MDA 109
-151.7558048 88.06060039 51.305143969498772 ESP 110
-9.959628728 -21.39960643 18.906656929110273 NGA 111
-3.605698798 42.81268089 30.432724271892816 ALB 112
35.02895334 -73.56959783 22.078218685404735 SWZ 113
104.9708259 109.8004504 38.240596503737549 GEO 114
-8.458583466 9.55428358 65.865657886738958 LBY 115
238.6907337 -52.92029904 20.945237317550244 PNG 116
38.7632311 183.3049333 68.168921005513624 POL 117
-67.98327242 187.4414801 62.835711952650733 AUT 118
253.9698895 27.1343754 49.532685770241244 HKG 119
139.8273066 226.0128377 68.049640212460133 EST 120
47.63235217 237.0601786 66.845126620707504 NOR 121
-8.176489279 74.33039456 46.486754193222893 MNE 122
99.15686526 22.18755368 55.415889093467548 IRQ 123
-48.86251611 -20.98107822 9.0133950348037999 GNB 124
-29.0093359 -14.64842974 9.8736795605342067 MLI 125
157.6572422 144.0580403 95.473937511733411 KAZ 126
