15.80094968 44.77938442 3.9088200952233594 HRV 0
63.82083033 41.17392503 3.5251692096430194 UZB 1
24.44472934 42.5836039 4.4567406137073471 BGR 2
10.23233291 1.5164966 5.1954478486830613 GNQ 3
20.12486493 44.3653018 4.2580431088739248 SRB 4
-2.655337438 12.1418186 0.84440164912895055 BFA 5
2.140623639 8.116263651 1.009253008808064 TGO 6
60.41185002 39.78840253 6.7853033784513634 TKM 7
25.40598863 56.12233179 3.6389134731737842 LVA 8
7.910060682 51.81855889 5.3213576721462745 DEU 9
100.9900624 15.16194381 3.6944726172433522 THA 10
47.29927204 40.42895645 3.6944726172433522 AZE 11
104.805203 33.39036277 5.224773281121573 CHN 12
11.53390575 -2.139781422 2.6702324712498182 GAB 13
69.68823535 29.42781803 1.967396303746374 PAK 14
30.79109386 -2.590973076 0.55279063915413673 RWA 15
37.83147567 34.62722919 2.5332049473868512 SYR 16
30.48931388 -13.89226051 1.1507254783503185 ZMB 17
10.47513165 54.84124202 4.0746832592664823 DNK 18
83.80428858 28.82728594 1.4625465582862902 NPL 19
9.098762084 33.59716532 2.9597108081327677 TUN 20
29.83576054 26.82233343 2.763953195770684 EGY 21
75.3664269 41.17875281 2.5532305945691691 KGZ 22
89.94580237 24.50939644 1.4272992929222168 BGD 23
2.121229568 28.74159299 3.6108133347056404 DZA 24
8.451211719 16.19386569 0.55279063915413673 NER 25
64.92962635 32.59826431 1.0585134856802454 AFG 26
47.2458547 14.56419444 1.1055812783082735 YEM 27
-7.271874671 39.25404764 3.8165246483902422 PRT 28
24.95257021 1.051016775 0.31915382432114614 COD 29
47.21332962 27.99733528 8.7578507737256075 KWT 30
106.291664 14.11379664 1.8333991376950165 KHM 31
119.1725519 -5.722349493 2.8186902559783711 IDN 32
69.5367019 39.83897 1.9149229459268768 TJK 33
-13.0699128 9.403216832 0.63830764864229228 SLE 34
34.17868293 38.94586659 4.1367063566611284 TUR 35
28.11687795 54.10074475 4.7338162181625583 BLR 36
20.61664663 46.90071193 4.2937755656025098 HUN 37
22.49468356 41.71982878 3.5539465786323823 MKD 38
114.5623467 4.509997767 9.2444490502476206 BRN 39
23.05515527 -29.05876326 5.2925674284012274 ZAF 40
18.74020483 13.80298324 0.45135166683820505 TCD 41
2.513147617 44.88750541 3.9477147854877246 FRA 42
36.79106005 -19.08881784 0.90270333367641009 MOZ 43
38.61522292 7.100315039 0.7136496464611084 ETH 44
39.9031873 15.50475624 0.84440164912895055 ERI 45
0.8667962796 44.39309695 4.7122497450985383 AND 46
18.93695909 44.06996565 4.9029340812007529 BIH 47
18.22958694 -13.21202926 1.5635280380893437 AGO 48
27.06956688 64.61017596 5.1064611891383382 FIN 49
30.20057669 15.67300581 1.2766152972845846 SDN 50
90.11368841 26.00253588 3.0277590264241923 BTN 51
98.84628481 21.75250638 1.5635280380893437 MMR 52
105.7207689 45.71873356 9.9655749703337584 MNG 53
127.1161647 37.03438941 6.5484889758386462 KOR 54
20.59323084 5.749134977 0.31915382432114614 CAF 55
33.62587435 30.34936966 4.8925354818356768 ISR 56
104.8811067 14.7965491 3.0943111311580198 VNM 57
-4.799494304 31.31241112 2.5332049473868512 MAR 58
37.10694015 33.1269773 3.7492085263260826 LBN 59
45.56805961 25.73118071 8.1368578902564384 SAU 60
51.23192386 31.6136067 5.71811083390301 IRN 61
43.66441343 12.39107482 1.1507254783503185 DJI 62
23.09846629 55.49635591 4.3174329102978293 LTU 63
101.5335431 60.53424714 6.3108583377632463 RUS 64
30.45288133 -18.90532791 1.6273715780512876 ZWE 65
-12.18198593 19.40271545 1.6273715780512876 MRT 66
24.03325052 -22.74871416 3.1915382432114616 BWA 67
52.00386464 26.52829066 11.674226349889393 QAT 68
-16.9552244 12.94460166 0.84440164912895055 GMB 69
77.17885504 19.52903022 2.5532305945691691 IND 70
12.82087629 5.665261795 0.95746147296343842 CMR 71
-9.842532551 6.377438123 0.84440164912895055 LBR 72
-3.170192949 9.344095377 1.3911592676604096 GHA 73
24.55386224 46.82595028 3.6944726172433522 ROU 74
31.91594574 50.43778413 4.2460654674003679 UKR 75
28.28726735 -4.354301767 0.45135166683820505 BDI 76
36.56245588 1.106864673 1.0585134856802454 KEN 77
-9.731714764 11.64716376 0.95746147296343842 GIN 78
33.12820062 -13.94649568 0.55279063915413673 MWI 79
14.38067786 45.69829232 4.7122497450985383 SVN 80
28.8561408 -28.34037076 1.9413369239820484 LSO 81
-4.086516432 6.547823647 1.1941642642883694 CIV 82
47.6229146 9.486613481 0.31915382432114614 SOM 83
30.56741998 8.231886815 0.63830764864229228 SSD 84
125.4740633 -10.14876206 1.1941642642883694 TLS 85
9.911755966 47.64318581 3.6944726172433522 LIE 86
2.639300255 50.98802155 5.1560878283898726 BEL 87
14.67063483 -0.9438175765 1.4272992929222168 COG 88
35.00304429 -3.951408243 0.84440164912895055 TZA 89
14.56656889 49.99725671 5.5001974130850497 CZE 90
112.7237548 1.032418583 5.5737819199837704 MYS 91
19.65531378 48.54980313 4.5472420439755616 SVK 92
32.25360797 1.03731448 0.63830764864229228 UGA 93
128.1304329 39.89698514 2.0435815879801162 PRK 94
7.308201492 49.54314103 6.9337958730553746 LUX 95
2.349509389 7.808321908 1.4272992929222168 BEN 96
22.52737954 38.21585565 4.2937755656025098 GRC 97
7.691289308 46.47977952 3.70823233942262 CHE 98
-14.18513048 12.82103406 1.5306079714651624 SEN 99
35.47471374 30.66940982 3.0277590264241923 JOR 100
4.114146936 52.72819527 5.444356399193075 NLD 101
55.91962043 20.60734834 6.6946270975072038 OMN 102
13.47549467 43.24358658 4.3056204862184462 ITA 103
104.420056 17.35647057 4.1367063566611284 LAO 104
44.21340377 39.46858946 2.7081100010292301 ARM 105
53.48254848 24.1162473 7.478013158905803 ARE 106
34.68580227 32.04054394 1.4625465582862902 PSE 107
15.15817443 62.76562422 3.7492085263260826 SWE 108
29.80223064 46.71711069 2.1646065519224038 MDA 109
-5.115544179 39.28696332 4.0621650015438453 ESP 110
9.104621234 9.517219704 1.4969641274038221 NGA 111
20.48765426 41.46254379 2.4095585330081404 ALB 112
32.7063217 -26.71237589 1.7480774889473265 SWZ 113
42.86675095 42.05683425 3.0277590264241923 GEO 114
18.32333843 25.07833162 5.2150164597576367 LBY 115
148.0027891 -5.80461655 1.6583719174624103 PNG 116
21.18692955 51.01705013 5.3973809188846884 POL 117
13.24883632 47.3444446 4.9751157523872314 AUT 118
114.0673234 22.02097138 3.9218278519589265 HKG 119
26.66260881 59.19090519 5.3879366755708729 EST 120
10.0680614 60.69952201 5.2925674284012274 NOR 121
19.20518618 42.64759785 3.6806614563121847 MNE 122
43.34058904 33.10271955 4.3876396748588711 IRQ 123
-16.00584228 11.81857516 0.7136496464611084 GNB 124
-3.385547382 16.08522976 0.78176401904467185 MLI 125
66.98394536 48.51741868 7.55929829863289 KAZ 126
