-48.42128855 98.72400212 21.0099080118256 HRV 0
177.1107666 95.21372028 18.9477845018312 UZB 1
71.97914961 104.1185465 23.954980798677 BGR 2
-68.64139358 -50.58610831 27.9255321866715 GNQ 3
30.00663231 101.6565946 22.8869817101973 SRB 4
-29.94246899 -16.50188274 4.53865886406811 BFA 5
-26.79873088 -43.77032184 5.42473492234335 TGO 6
149.3862274 53.91326893 36.4710056591761 TKM 7
122.1141416 228.7861328 19.5591599183091 LVA 8
-69.37237974 233.1084448 28.6022974877862 DEU 9
180.4470402 -33.77848618 19.857790317683 THA 10
143.361295 104.3047785 19.857790317683 AZE 11
233.1745157 60.4523784 28.0831563860285 CHN 12
-32.50732158 -62.1787695 14.3524995329678 GAB 13
182.0705119 23.97351739 10.5747551326368 PAK 14
11.17743474 -34.73609445 2.97124968545349 RWA 15
74.47781106 36.26667225 13.6159765922043 SYR 16
15.22331184 -47.38489095 6.18514944613296 ZMB 17
-44.67580612 271.1525889 21.9014225185573 DNK 18
192.081231 49.64889019 7.86118775078881 NPL 19
-44.4525451 63.9463711 15.9084455937136 TUN 20
15.72066169 -4.638104435 14.8562484272674 EGY 21
204.506116 84.75069348 13.7236144458093 KGZ 22
194.5966963 13.42238007 7.67173369945692 BGD 23
-55.36389091 33.90982502 19.4081216740428 DZA 24
-22.43951071 -16.82454824 2.97124968545349 NER 25
184.6642441 40.00911574 5.68950998553132 AFG 26
127.4616998 -173.4768498 5.94249937090697 YEM 27
-189.301363 66.2470818 20.5138199850976 PRT 28
7.483833428 -30.88189272 1.71545180572616 COD 29
101.7923041 -65.31986787 47.0734479087751 KWT 30
189.2283539 -58.96187233 9.85452036511071 KHM 31
219.1352791 -85.85771565 15.1504601258837 IDN 32
189.7119734 65.77680618 10.292710834357 TJK 33
-55.40592598 -21.18948661 3.43090361145232 SLE 34
87.72080196 65.67886368 22.2347966670536 TUR 35
127.5559902 188.6261912 25.4442621726238 BLR 36
36.95990498 142.3317461 23.0790436651135 HUN 37
17.39213143 66.03714421 19.1024628601491 MKD 38
311.3834841 -34.4023663 49.688913645081 BRN 39
-21.42353517 -107.759669 28.4475499276566 ZAF 40
-1.41404363 -24.87906587 2.42601520925535 TCD 41
-151.4296418 134.1526652 21.2189669719965 FRA 42
32.19526919 -53.44131678 4.85203041851071 MOZ 43
24.48531734 -28.27665645 3.83586684972846 ETH 44
25.87850818 -20.20103388 4.53865886406811 ERI 45
-118.6631733 89.30458676 25.3283423799046 AND 46
-10.66581684 118.9888321 26.3532706864541 BIH 47
0.6325149403 -56.52136939 8.40396320473022 AGO 48
128.0471957 271.4833383 27.4472288916186 FIN 49
6.839638592 -22.0390193 6.86180722290464 SDN 50
205.0167737 32.22113934 16.27420476703 BTN 51
203.3777833 1.972602062 8.40396320473022 MMR 52
269.3169045 151.7950058 53.564965465544 MNG 53
289.9914939 60.43243615 35.1981282451327 KOR 54
1.617473691 -27.70070789 1.71545180572616 CAF 55
52.68156033 -4.617719488 26.2973782148668 ISR 56
254.6587646 -16.34367272 16.6319223299744 VNM 57
-112.505129 28.19895472 13.6159765922043 MAR 58
51.04429112 55.56382323 20.1519958290027 LBN 59
92.14440149 -146.2557599 43.7356111601284 SAU 60
144.2383247 -6.18973573 30.7348457322287 IRN 61
33.28462661 -26.38516972 6.18514944613296 DJI 62
89.02179322 209.3348582 23.2062018928508 LTU 63
211.6269252 205.0699498 33.9208635654775 RUS 64
24.7264053 -63.09596496 8.74712223202567 ZWE 65
-52.57092857 8.725072572 8.74712223202567 MRT 66
7.204148897 -78.50453034 17.1545180572616 BWA 67
229.3265918 -232.5189201 62.7489666306555 QAT 68
-58.34972714 -1.801373976 4.53865886406811 GMB 69
184.0579075 -2.633672769 13.7236144458093 IND 70
-3.785398142 -31.43038639 5.14635541717848 CMR 71
-51.27184654 -27.18927193 4.53865886406811 LBR 72
-35.09345327 -34.61215949 7.4774810636747 GHA 73
74.90402441 150.108585 19.857790317683 ROU 74
118.0057496 146.3537904 22.822601887277 UKR 75
13.99430082 -38.67748131 2.42601520925535 BDI 76
30.27842921 -36.61099599 5.68950998553132 KEN 77
-48.59269538 -17.59831951 5.14635541717848 GIN 78
23.20890094 -45.20039001 2.97124968545349 MWI 79
-51.93752364 140.167999 25.3283423799046 SVN 80
44.94364353 -65.14843174 10.4346859664035 LSO 81
-39.6123723 -22.98659281 6.41863292054999 CIV 82
40.71032899 -27.47041193 1.71545180572616 SOM 83
12.70738313 -29.19607421 3.43090361145232 SSD 84
238.5304682 -86.44197453 6.41863292054999 TLS 85
-85.36123172 163.1428023 19.857790317683 LIE 86
-161.6223288 245.8873347 27.7139720775956 BEL 87
-4.224901448 -42.92731563 7.67173369945692 COG 88
20.22755022 -39.15342542 4.53865886406811 TZA 89
-6.550517433 211.4667009 29.5635610953321 CZE 90
223.8305343 -44.60873954 29.9590778199128 MYS 91
-0.269516496 163.4012456 24.4414259863686 SVK 92
18.00439826 -32.35285432 3.43090361145232 UGA 93
255.0029205 95.65246346 10.9842510353931 PRK 94
-120.9052286 204.1228288 37.2691528176726 LUX 95
-24.36458036 -26.25797523 7.67173369945692 BEN 96
23.09644398 28.60779685 23.0790436651135 GRC 97
-119.544774 152.7980986 19.9317488243966 CHE 98
-47.50226661 -5.642834727 8.22701784662525 SEN 99
90.57084561 -9.570550421 16.27420476703 JOR 100
-111.8302508 263.1632172 29.2634156456628 NLD 101
224.6241282 -144.0228168 35.9836206491012 OMN 102
-78.40370128 72.66099859 23.1427101134242 ITA 103
230.1273146 8.464818614 22.2347966670536 LAO 104
115.048104 84.22892539 14.5560912555321 ARM 105
171.6843916 -100.6855379 40.1943207291187 ARE 106
58.46548259 25.49206722 7.86118775078881 PSE 107
92.22190819 248.2017706 20.1519958290027 SWE 108
92.8913919 128.302803 11.6347602165829 MDA 109
-160.3732415 96.55799154 21.8341368832982 ESP 110
-11.18409303 -21.22654979 8.04618218479555 NGA 111
-4.425715717 46.99871599 12.9513771149188 ALB 112
31.03744411 -78.10829567 9.39591650309188 SWZ 113
111.8068104 111.79622 16.27420476703 GEO 114
-19.44675314 11.03351374 28.0307134711973 LBY 115
243.3351051 -73.54578241 8.91374905636046 PNG 116
47.31794934 187.9252445 29.0109224390052 POL 117
-50.90552519 186.9766265 26.7412471690814 AUT 118
268.7471109 14.43469466 21.0798247042792 HKG 119
164.9226316 236.7896083 28.9601596311934 EST 120
49.48398729 239.4536194 28.4475499276566 NOR 121
-15.48487886 77.77128466 19.783555327678 MNE 122
105.1607155 23.09504205 23.5835632523664 IRQ 123
-56.01374539 -14.38692545 3.83586684972846 GNB 124
-37.03046654 -13.13857239 4.20198160236511 MLI 125
175.5688135 148.6989858 40.6312283551518 KAZ 126
