-86.66104835 90.57442009 21.0099080118256 HRV 0
141.110524 -26.66227051 18.9477845018312 UZB 1
27.16699827 92.92441849 23.954980798677 BGR 2
-76.61162909 -62.81583828 27.9255321866715 GNQ 3
-15.45632277 112.1634288 22.8869817101973 SRB 4
-34.94338033 -24.80654377 4.53865886406811 BFA 5
-24.82754976 -47.66673737 5.42473492234335 TGO 6
123.1128412 87.23054643 36.4710056591761 TKM 7
42.80629831 271.8007947 19.5591599183091 LVA 8
-132.3464606 234.1053659 28.6022974877862 DEU 9
223.7849131 -121.3689152 19.857790317683 THA 10
92.9808576 135.3199167 19.857790317683 AZE 11
223.4881916 -30.26515666 28.0831563860285 CHN 12
-34.12499458 -65.4040654 14.3524995329678 GAB 13
153.6933923 -65.46229959 10.5747551326368 PAK 14
2.198042384 -37.27695616 2.97124968545349 RWA 15
74.29490106 -12.28748391 13.6159765922043 SYR 16
10.42804302 -53.13335253 6.18514944613296 ZMB 17
-61.00893804 288.5905982 21.9014225185573 DNK 18
171.6912057 -60.51701893 7.86118775078881 NPL 19
-64.15275082 42.93537469 15.9084455937136 TUN 20
16.6271562 -1.876407213 14.8562484272674 EGY 21
181.9648553 -27.04787762 13.7236144458093 KGZ 22
186.9841637 -96.71488223 7.67173369945692 BGD 23
-70.76675619 8.098232521 19.4081216740428 DZA 24
-27.49871582 -23.96703347 2.97124968545349 NER 25
149.9799624 -49.64668159 5.68950998553132 AFG 26
175.0651817 -195.5113381 5.94249937090697 YEM 27
-200.4494839 50.25074443 20.5138199850976 PRT 28
3.218887408 -32.69414609 1.71545180572616 COD 29
82.59615313 -137.3506832 47.0734479087751 KWT 30
249.2218686 -105.9693363 9.85452036511071 KHM 31
250.6013487 -145.238796 15.1504601258837 IDN 32
164.8136404 -43.73533448 10.292710834357 TJK 33
-59.42297577 -35.79040607 3.43090361145232 SLE 34
64.80256361 66.12164778 22.2347966670536 TUR 35
33.8011843 227.7655367 25.4442621726238 BLR 36
-18.58417118 158.6974082 23.0790436651135 HUN 37
-9.713433226 70.57509388 19.1024628601491 MKD 38
370.6775435 -50.86987178 49.688913645081 BRN 39
9.238561126 -120.1476123 28.4475499276566 ZAF 40
-6.297716759 -20.6473148 2.42601520925535 TCD 41
-194.7766616 150.9171351 21.2189669719965 FRA 42
21.38522403 -54.21010703 4.85203041851071 MOZ 43
14.40537861 -29.43422594 3.83586684972846 ETH 44
13.9403239 -21.06722647 4.53865886406811 ERI 45
-169.7019006 111.8219413 25.3283423799046 AND 46
-61.10438187 130.3224345 26.3532706864541 BIH 47
-4.046652548 -51.39041295 8.40396320473022 AGO 48
102.2237456 304.7466379 27.4472288916186 FIN 49
2.833819633 -18.58585999 6.86180722290464 SDN 50
195.4430617 -64.42570734 16.27420476703 BTN 51
200.7383963 -88.44688961 8.40396320473022 MMR 52
311.0182841 182.8911282 53.564965465544 MNG 53
270.7716645 19.89447997 35.1981282451327 KOR 54
2.238606096 -27.20763891 1.71545180572616 CAF 55
50.92365225 -44.53777156 26.2973782148668 ISR 56
265.9062471 -63.46110412 16.6319223299744 VNM 57
-114.9765593 19.63456216 13.6159765922043 MAR 58
49.36875179 10.41455645 20.1519958290027 LBN 59
125.9470321 -217.9714791 43.7356111601284 SAU 60
98.07728773 25.00114583 30.7348457322287 IRN 61
23.64087187 -25.60009623 6.18514944613296 DJI 62
0.5527500471 263.2106872 23.2062018928508 LTU 63
78.03953504 188.3903049 33.9208635654775 RUS 64
19.30191014 -67.62443984 8.74712223202567 ZWE 65
-53.99216855 -14.44010097 8.74712223202567 MRT 66
-4.865430626 -76.89271707 17.1545180572616 BWA 67
216.6342151 -305.1049157 62.7489666306555 QAT 68
-82.06289759 -13.70416201 4.53865886406811 GMB 69
171.3398436 -82.09859352 13.7236144458093 IND 70
-4.562585788 -28.00204041 5.14635541717848 CMR 71
-51.94740856 -38.51095311 4.53865886406811 LBR 72
-39.59272569 -44.28721511 7.4774810636747 GHA 73
18.79245407 137.7105739 19.857790317683 ROU 74
21.81908123 180.5876289 22.822601887277 UKR 75
2.424297021 -42.65640163 2.42601520925535 BDI 76
18.56096357 -37.98582239 5.68950998553132 KEN 77
-55.11107194 -28.37370576 5.14635541717848 GIN 78
21.00208296 -46.40410383 2.97124968545349 MWI 79
-112.6695987 128.9627743 25.3283423799046 SVN 80
43.05983871 -80.90170645 10.4346859664035 LSO 81
-43.89773384 -31.10452212 6.41863292054999 CIV 82
24.50359286 -33.50049442 1.71545180572616 SOM 83
7.333470207 -27.83113316 3.43090361145232 SSD 84
252.6057144 -166.6519947 6.41863292054999 TLS 85
-157.3210791 192.6862636 19.857790317683 LIE 86
-173.9390884 272.1068117 27.7139720775956 BEL 87
-12.67316751 -37.88185088 7.67173369945692 COG 88
9.376368289 -42.47887191 4.53865886406811 TZA 89
-74.31911368 233.0428399 29.5635610953321 CZE 90
286.8865455 -118.5269766 29.9590778199128 MYS 91
-60.4211676 180.9923796 24.4414259863686 SVK 92
8.018658537 -34.64171685 3.43090361145232 UGA 93
225.8993127 9.018141233 10.9842510353931 PRK 94
-208.7856764 217.4030993 37.2691528176726 LUX 95
-27.85859095 -34.72488349 7.67173369945692 BEN 96
24.0154906 45.32073756 23.0790436651135 GRC 97
-151.9729377 153.3481011 19.9317488243966 CHE 98
-70.16313055 -19.49738379 8.22701784662525 SEN 99
81.72892599 -73.98200218 16.27420476703 JOR 100
-116.7139869 289.8289729 29.2634156456628 NLD 101
215.5753667 -206.5927661 35.9836206491012 OMN 102
-130.1979584 83.78279854 23.1427101134242 ITA 103
230.6127033 -79.88970548 22.2347966670536 LAO 104
74.22338701 101.5979148 14.5560912555321 ARM 105
169.2417796 -146.1459149 40.1943207291187 ARE 106
35.77908055 -14.00580166 7.86118775078881 PSE 107
54.98287337 309.6143035 20.1519958290027 SWE 108
45.01953605 155.0919348 11.6347602165829 MDA 109
-211.8773839 90.94715175 21.8341368832982 ESP 110
-16.58442056 -22.64964067 8.04618218479555 NGA 111
-35.87662546 52.12199385 12.9513771149188 ALB 112
23.67839743 -85.19176898 9.39591650309188 SWZ 113
57.7205334 127.6570799 16.27420476703 GEO 114
-23.62499797 12.66236616 28.0307134711973 LBY 115
272.6928602 -154.6299386 8.91374905636046 PNG 116
-18.87210345 214.5726452 29.0109224390052 POL 117
-111.9449829 180.9157561 26.7412471690814 AUT 118
324.8051486 2.819877376 21.0798247042792 HKG 119
86.38903827 250.7474584 28.9601596311934 EST 120
6.704554495 314.3869784 28.4475499276566 NOR 121
-46.54840038 83.04844699 19.783555327678 MNE 122
100.3883492 -38.74652852 23.5835632523664 IRQ 123
-63.96004859 -29.82286711 3.83586684972846 GNB 124
-42.56230987 -20.52035989 4.20198160236511 MLI 125
169.5207423 25.68553622 40.6312283551518 KAZ 126
