-56.73158463 105.3807714 49.368397802671034 HRV 0
165.9387631 96.08378498 44.522887117791335 UZB 1
58.58605442 103.2798709 56.288633951123799 BGR 2
-63.80352077 -54.32596499 65.61850632886707 GNQ 3
23.12483734 92.73186557 53.779084465077673 SRB 4
-29.09391857 -22.6024873 10.664792828498646 BFA 5
-25.8060504 -45.72370413 12.74686550124585 TGO 6
139.7010649 61.13883565 85.698381669840728 TKM 7
105.2161583 220.0847893 45.959477166184897 LVA 8
-86.33206759 224.2770744 67.208747399207454 DEU 9
182.1329626 -23.90989012 46.661189155783539 THA 10
132.1675397 105.5912221 46.661189155783539 AZE 11
214.0644569 70.58026089 65.988886540565474 CHN 12
-32.26459192 -65.62840902 33.725036111885203 GAB 13
174.8612314 27.5486981 24.848215316316704 PAK 14
13.85729151 -32.91641272 6.9817457725167476 RWA 15
75.31189969 42.79744809 31.994378485495933 SYR 16
18.02377095 -45.41970983 14.533662791564524 ZMB 17
-63.24220634 261.1285311 51.463249564535673 DNK 18
175.9660772 56.59785802 18.471963031155848 NPL 19
-37.78761194 60.09315888 37.381147506716857 TUN 20
18.70867566 -6.976624251 34.908728862583743 EGY 21
191.8196985 96.56624063 32.247302409408611 KGZ 22
189.1633136 24.70355253 18.0267900696076 BGD 23
-41.50963871 29.86480418 45.604572417332243 DZA 24
-18.75058535 -17.52884997 6.9817457725167476 NER 25
170.441797 39.65446828 13.3690253241415 AFG 26
134.0492389 -158.6941207 13.963491545033495 YEM 27
-193.1817689 53.89328379 48.202706309168761 PRT 28
8.409180071 -30.27353111 4.0309128011760764 COD 29
114.2047161 -49.83242967 110.61165527215444 KWT 30
193.6277578 -44.35200391 23.155831109088059 KHM 31
227.6272099 -71.41104173 35.600057933006831 IDN 32
181.8966594 74.59369739 24.185476807056457 TJK 33
-53.93422738 -25.548419 8.0618256023521528 SLE 34
76.7434711 71.29989372 52.246601284630053 TUR 35
103.6223547 183.4888371 59.788098835393114 BLR 36
31.01563426 128.1060583 54.2303853935597 HUN 37
19.70081467 59.74085678 44.886345288126989 MKD 38
301.4289529 -8.69879337 116.75739150462745 BRN 39
-11.12604029 -100.7778401 66.845126620707504 ZAF 40
-6.436138413 -20.53633823 5.7005715521665303 TCD 41
-153.2913502 128.3674874 49.859637740709964 FRA 42
34.19559059 -53.27383358 11.401143104333061 MOZ 43
28.88234954 -25.10695571 9.0133950348037999 ETH 44
28.82352503 -18.50448027 10.664792828498646 ERI 45
-121.6127021 79.33498816 59.515714280594544 AND 46
-14.83190465 102.447798 61.924057445565516 BIH 47
2.774513344 -53.1544817 19.747359121068413 AGO 48
109.4229988 269.2449083 64.494604818817223 FIN 49
8.809364906 -20.97719628 16.123651204704306 SDN 50
190.0188887 43.71498743 38.240596503737549 BTN 51
201.0021056 20.16752713 19.747359121068413 MMR 52
245.81438 164.0324427 125.86521187531538 MNG 53
277.3386276 68.75131018 82.707415764842111 KOR 54
1.377470942 -26.33257908 4.0309128011760764 CAF 55
50.62862031 -0.6203751233 61.792723135584602 ISR 56
239.726841 -2.708830615 39.08114958652579 VNM 57
-114.8361074 20.15319233 31.994378485495933 MAR 58
48.73022791 47.88815411 47.352503687498427 LBN 59
123.1318042 -120.9855671 102.76851515393882 SAU 60
138.0864968 7.945588339 72.219739832195017 IRN 61
36.52101327 -22.0129842 14.533662791564524 DJI 62
73.77323176 207.8669333 54.529177657061588 LTU 63
186.6537665 199.6286472 79.706140805949801 RUS 64
28.66328303 -62.46939347 20.553703030787766 ZWE 65
-51.80170468 5.106743474 20.553703030787766 MRT 66
10.55649832 -71.98176812 40.309128011760762 BWA 67
243.6484215 -199.8112891 147.44547879910303 QAT 68
-59.66138802 -6.327871475 10.664792828498646 GMB 69
174.4085779 6.964277985 32.247302409408611 IND 70
-6.221019879 -28.27247583 12.092738403528228 CMR 71
-51.62477555 -31.39854931 10.664792828498646 LBR 72
-34.97328165 -41.29595875 17.570341550550975 GHA 73
63.75822799 138.086905 46.661189155783539 ROU 74
107.3637165 145.5788651 53.627806853266648 UKR 75
15.57976346 -36.808079 5.7005715521665303 BDI 76
33.6272032 -30.93288777 13.3690253241415 KEN 77
-47.81426318 -22.36293433 12.092738403528228 GIN 78
25.03416181 -43.64295191 6.9817457725167476 MWI 79
-60.77097536 142.8112879 59.515714280594544 SVN 80
49.11868914 -62.28775869 24.519085349893274 LSO 81
-43.47404702 -34.37803214 15.082294657962107 CIV 82
41.89240012 -25.17010392 4.0309128011760764 SOM 83
13.36001288 -27.70438347 8.0618256023521528 SSD 84
244.56874 -69.65775404 15.082294657962107 TLS 85
-100.7712228 158.1242928 46.661189155783539 LIE 86
-171.2252601 229.9817377 65.121389272564087 BEL 87
-2.131353978 -40.86481754 18.0267900696076 COG 88
21.23130862 -37.43537397 10.664792828498646 TZA 89
-28.71117916 189.6411999 69.467493327264179 CZE 90
223.9488648 -35.97780746 70.396865649395025 MYS 91
0.001713501007 149.1448851 57.43166701541135 SVK 92
18.7140313 -31.42018835 8.0618256023521528 UGA 93
246.803535 113.0587491 25.81043545618887 PRK 94
-131.1977487 197.79471 87.573841876689386 LUX 95
-27.16863492 -32.21240867 18.0267900696076 BEN 96
22.25362704 26.46534376 54.2303853935597 GRC 97
-131.7713863 152.6489658 46.834974446907694 CHE 98
-50.61973719 -11.15158691 19.331578679605002 SEN 99
83.48568612 6.361158652 38.240596503737549 JOR 100
-126.0035181 250.2004152 68.762221321808539 NLD 101
225.7767148 -123.6838937 84.55314024151599 OMN 102
-85.03100032 67.3172421 54.379986740938982 ITA 103
224.9045715 24.17315179 52.246601284630053 LAO 104
106.897238 88.0455233 34.203429312999177 ARM 105
180.761611 -83.68792417 94.447306196980293 ARE 106
58.98177629 26.68921737 18.471963031155848 PSE 107
82.78650651 242.7909223 47.352503687498427 SWE 108
86.28553937 127.5556667 27.33898075077996 MDA 109
-157.7606947 88.94459297 51.305143969498772 ESP 110
-16.39766186 -25.96078916 18.906656929110273 NGA 111
-3.070142946 41.14094246 30.432724271892816 ALB 112
35.59933111 -75.07427547 22.078218685404735 SWZ 113
105.1214246 114.5568048 38.240596503737549 GEO 114
-12.5945939 6.149552662 65.865657886738958 LBY 115
245.9450711 -57.60776033 20.945237317550244 PNG 116
39.57231189 184.952038 68.168921005513624 POL 117
-72.51171601 182.2352525 62.835711952650733 AUT 118
259.1175405 28.09131062 49.532685770241244 HKG 119
140.051667 236.0387268 68.049640212460133 EST 120
44.83135378 236.5183505 66.845126620707504 NOR 121
-10.29337498 66.10737673 46.486754193222893 MNE 122
102.5050605 31.83334528 55.415889093467548 IRQ 123
-54.52036634 -19.84351989 9.0133950348037999 GNB 124
-35.58813466 -17.24491479 9.8736795605342067 MLI 125
157.4319568 148.4379147 95.473937511733411 KAZ 126
