-4.961135082 5.228186684 1.22474487139159 HRV 0
8.183776127 -1.788131528 1.10453610171872 UZB 1
1.570197844 5.472546518 1.3964240043769 BGR 2
-4.266777421 -3.620908543 1.62788205960997 GNQ 3
-0.9766197355 6.432909867 1.33416640641263 SRB 4
-2.042836359 -1.469648727 0.264575131106459 BFA 5
-1.569838928 -2.72278413 0.316227766016838 TGO 6
7.402819807 4.298834222 2.12602916254693 TKM 7
2.447207901 15.86191087 1.14017542509914 LVA 8
-7.411965396 13.27680792 1.66733320005331 DEU 9
13.01066815 -7.021061837 1.15758369027902 THA 10
5.379072606 7.723776904 1.15758369027902 AZE 11
13.01705364 -1.913629127 1.63707055437449 CHN 12
-1.87519066 -3.754397521 0.836660026534077 GAB 13
9.00035039 -3.928315019 0.6164414002969 PAK 14
0.1637862522 -2.235281309 0.173205080756888 RWA 15
4.076266681 -0.8219622118 0.793725393319376 SYR 16
0.433234972 -3.076962205 0.360555127546399 ZMB 17
-4.335516415 16.64471292 1.27671453348037 DNK 18
10.05453192 -3.548392474 0.458257569495584 NPL 19
-3.551647856 2.434119981 0.927361849549569 TUN 20
0.9459334316 -0.1508508471 0.866025403784437 EGY 21
10.74474355 -1.997177788 0.800000000000001 KGZ 22
10.92754994 -5.640200875 0.447213595499958 BGD 23
-3.992889345 0.4434804123 1.13137084989848 DZA 24
-1.624087587 -1.329180607 0.173205080756888 NER 25
8.780487941 -3.045347771 0.33166247903554 AFG 26
10.22503963 -12.9396219 0.346410161513776 YEM 27
-13.85553255 4.46562077 1.19582607431014 PRT 28
0.1930235374 -1.9693935 0.1 COD 29
4.921082872 -7.837452596 2.74408454680245 KWT 30
14.47511546 -6.13994516 0.574456264653803 KHM 31
14.54319945 -8.538220716 0.883176086632782 IDN 32
9.56970347 -2.566987911 0.600000000000002 TJK 33
-3.463071888 -2.095616377 0.2 SLE 34
3.740658692 3.866061434 1.29614813968157 TUR 35
2.125712173 13.2934491 1.48323969741914 BLR 36
-1.26521575 9.038569984 1.34536240470737 HUN 37
-0.5718311928 4.185562137 1.11355287256601 MKD 38
19.95856276 -3.778330381 2.89654967159205 BRN 39
0.5546196596 -6.776222465 1.6583123951777 ZAF 40
-0.3760518781 -1.217692023 0.141421356237309 TCD 41
-11.134845 8.508320802 1.2369316876853 FRA 42
1.02964876 -3.173398456 0.28284271247462 MOZ 43
0.818700478 -1.705271407 0.223606797749979 ETH 44
0.8052709877 -1.221246487 0.264575131106459 ERI 45
-13.5315861 7.221208623 1.47648230602334 AND 46
-3.54681351 7.380271508 1.53622914957373 BIH 47
-0.3937362098 -3.005219912 0.489897948556636 AGO 48
7.892414059 9.574286606 1.6 FIN 49
0.1751945601 -1.141560914 0.4 SDN 50
11.45743783 -3.757141556 0.948683298050512 BTN 51
11.70807169 -5.118712983 0.489897948556636 MMR 52
12.30243482 5.833222534 3.1224989991992 MNG 53
15.81932752 0.8589615619 2.05182845286832 KOR 54
0.1073975018 -1.616033239 0.1 CAF 55
2.712265324 -2.611346708 1.53297097167559 ISR 56
15.52326655 -4.38303229 0.969535971483269 VNM 57
-5.772537583 1.451133769 0.793725393319376 MAR 58
2.729762062 0.6286064788 1.17473401244707 LBN 59
7.414058975 -12.43198664 2.5495097567964 SAU 60
6.016583272 0.9164065527 1.79164728671689 IRN 61
1.343829856 -1.444672229 0.360555127546399 DJI 62
0.1484676237 15.25531933 1.35277492584687 LTU 63
4.572933019 10.85339421 1.97737199332852 RUS 64
1.010862168 -3.939079543 0.509901951359279 ZWE 65
-3.170895638 -0.8929577042 0.509901951359279 MRT 66
-0.3103856334 -4.452032883 1 BWA 67
10.87565486 -17.52596607 3.65786823163438 QAT 68
-4.823062508 -1.285280173 0.264575131106459 GMB 69
10.12226079 -4.791835078 0.800000000000001 IND 70
-0.2907727556 -1.651431058 0.3 CMR 71
-3.046555586 -2.232431887 0.264575131106459 LBR 72
-2.279108253 -2.525673612 0.435889894354067 GHA 73
0.9958952358 7.97581474 1.15758369027902 ROU 74
1.299792691 10.45742627 1.33041346956501 UKR 75
0.11486631 -2.529902088 0.141421356237309 BDI 76
0.9865866238 -2.196214859 0.33166247903554 KEN 77
-3.213079214 -1.674457182 0.3 GIN 78
0.869896928 -2.753587344 0.173205080756888 MWI 79
-6.413959588 7.439128827 1.47648230602334 SVN 80
2.461942864 -5.76822191 0.608276253029822 LSO 81
-2.569290585 -1.815620164 0.374165738677395 CIV 82
1.288368836 -1.892771606 0.1 SOM 83
0.396834291 -1.670699745 0.2 SSD 84
15.21369173 -9.544039032 0.374165738677395 TLS 85
-8.788059663 11.01081656 1.15758369027902 LIE 86
-10.12053636 14.99238317 1.61554944214035 BEL 87
-0.7262143871 -2.195783583 0.447213595499958 COG 88
0.5131994697 -2.499314334 0.264575131106459 TZA 89
-4.180014975 13.5245981 1.72336879396141 CZE 90
16.51530408 -6.897221554 1.7464249196573 MYS 91
-3.279271593 10.72968792 1.4247806848775 SVK 92
0.4836657612 -2.04445581 0.2 UGA 93
13.16186318 0.437892356 0.640312423743284 PRK 94
-11.77813802 11.85800995 2.17255609824004 LUX 95
-1.582800487 -1.962497233 0.447213595499958 BEN 96
1.306292193 2.817791479 1.34536240470737 GRC 97
-8.7770634 8.846006178 1.16189500386223 CHE 98
-4.054837123 -1.168190977 0.479583152331272 SEN 99
4.583550197 -4.20463259 0.948683298050512 JOR 100
-7.271614462 16.65168076 1.7058722109232 NLD 101
12.40272309 -12.13721107 2.0976176963403 OMN 102
-9.065510531 6.452221026 1.34907375632321 ITA 103
13.43548853 -4.730332079 1.29614813968157 LAO 104
4.389732163 5.919582343 0.848528137423857 ARM 105
9.908112165 -8.606342011 2.343074902772 ARE 106
2.04298962 -0.8786526697 0.458257569495584 PSE 107
10.00336522 11.37738318 1.17473401244707 SWE 108
2.574707352 8.914407539 0.678232998312526 MDA 109
-11.55596411 5.382007653 1.27279220613579 ESP 110
-0.9691119821 -1.360635707 0.469041575982343 NGA 111
-2.02806429 3.090244266 0.754983443527078 ALB 112
1.377301988 -4.871451368 0.547722557505166 SWZ 113
3.402538644 7.420739953 0.948683298050512 GEO 114
-1.414832629 0.5502427355 1.63401346383682 LBY 115
15.89456557 -8.947186245 0.519615242270664 PNG 116
-0.9393956969 12.51946951 1.69115345252878 POL 117
-6.234131485 10.26924479 1.55884572681199 AUT 118
15.9718975 -2.20012601 1.22882057274445 HKG 119
4.877640373 14.56580183 1.68819430161341 EST 120
7.613213196 12.83375452 1.6583123951777 NOR 121
-2.755449188 4.835416508 1.15325625946708 MNE 122
5.64765177 -2.245361896 1.37477270848675 IRQ 123
-3.732703609 -1.742644571 0.223606797749979 GNB 124
-2.490385742 -1.204034629 0.244948974278318 MLI 125
10.03661533 1.014133192 2.3685438564654 KAZ 126
