-19.18761114 49.78365673 49.368397802671034 HRV 0
124.0220201 62.49218977 44.522887117791335 UZB 1
41.46249843 49.25371726 56.288633951123799 BGR 2
-17.6524371 -30.00668679 65.61850632886707 GNQ 3
22.46327128 56.55995762 53.779084465077673 SRB 4
-18.12115595 -6.420626059 10.664792828498646 BFA 5
-14.04671359 -15.63258499 12.74686550124585 TGO 6
106.1429499 46.48551731 85.698381669840728 TKM 7
64.26848864 121.7575819 45.959477166184897 LVA 8
-39.50265422 115.5132628 67.208747399207454 DEU 9
130.4307417 4.332968711 46.661189155783539 THA 10
82.1990706 42.18243016 46.661189155783539 AZE 11
158.236833 51.80933351 65.988886540565474 CHN 12
-2.004165224 -39.44514484 33.725036111885203 GAB 13
115.9667587 21.35382862 24.848215316316704 PAK 14
26.77938931 -25.46320603 6.9817457725167476 RWA 15
65.15418966 21.97494258 31.994378485495933 SYR 16
29.5227385 -34.46518727 14.533662791564524 ZMB 17
-25.40309421 132.9051179 51.463249564535673 DNK 18
123.9950838 38.85210856 18.471963031155848 NPL 19
-12.58591522 24.70451716 37.381147506716857 TUN 20
20.87558808 -3.880407998 34.908728862583743 EGY 21
139.4021314 62.35614021 32.247302409408611 KGZ 22
124.014354 17.65370667 18.0267900696076 BGD 23
-17.16593308 9.883985867 45.604572417332243 DZA 24
-3.56552035 -9.331242646 6.9817457725167476 NER 25
111.8810397 27.14972665 13.3690253241415 AFG 26
63.90319149 -66.27782217 13.963491545033495 YEM 27
-103.7325862 29.70218108 48.202706309168761 PRT 28
20.78591157 -25.90698792 4.0309128011760764 COD 29
92.99825396 -15.3291722 110.61165527215444 KWT 30
142.4543785 -5.732492943 23.155831109088059 KHM 31
164.0539434 -31.437824 35.600057933006831 IDN 32
133.3560432 53.89243692 24.185476807056457 TJK 33
-31.04644093 -6.570499221 8.0618256023521528 SLE 34
54.56389824 33.72746988 52.246601284630053 TUR 35
68.75053168 92.99011822 59.788098835393114 BLR 36
25.7470926 76.23041283 54.2303853935597 HUN 37
26.04195039 38.71801232 44.886345288126989 MKD 38
189.3833632 2.13873236 116.75739150462745 BRN 39
13.45918474 -57.25992601 66.845126620707504 ZAF 40
8.475510183 -13.23854755 5.7005715521665303 TCD 41
-78.19745448 64.73422648 49.859637740709964 FRA 42
38.00072226 -35.67338468 11.401143104333061 MOZ 43
31.32431425 -14.1156177 9.0133950348037999 ETH 44
30.50302999 -10.26654094 10.664792828498646 ERI 45
-68.06363896 38.83624992 59.515714280594544 AND 46
1.966087148 50.44008274 61.924057445565516 BIH 47
9.032651036 -40.20789909 19.747359121068413 AGO 48
40.26979247 137.4800911 64.494604818817223 FIN 49
24.65005946 -12.50348401 16.123651204704306 SDN 50
129.7448201 29.98623795 38.240596503737549 BTN 51
130.7977349 19.23686883 19.747359121068413 MMR 52
171.2607219 84.64071871 125.86521187531538 MNG 53
181.9369732 38.02888498 82.707415764842111 KOR 54
14.6494778 -20.6872935 4.0309128011760764 CAF 55
37.97451299 0.9865910594 61.792723135584602 ISR 56
156.9912709 8.049984641 39.08114958652579 VNM 57
-80.82392182 19.62075818 31.994378485495933 MAR 58
51.85741706 15.54314833 47.352503687498427 LBN 59
67.28256907 -45.02093893 102.76851515393882 SAU 60
98.30488051 18.40993156 72.219739832195017 IRN 61
35.6300699 -13.0146122 14.533662791564524 DJI 62
46.61418263 116.2201331 54.529177657061588 LTU 63
145.9367452 112.5313774 79.706140805949801 RUS 64
32.56055175 -40.47409004 20.553703030787766 ZWE 65
-29.68788667 9.841892838 20.553703030787766 MRT 66
20.24426253 -38.58869684 40.309128011760762 BWA 67
109.6458991 -63.33446403 147.44547879910303 QAT 68
-36.75048982 3.151493008 10.664792828498646 GMB 69
117.253543 10.88938459 32.247302409408611 IND 70
1.646991245 -16.36395899 12.092738403528228 CMR 71
-29.34989055 -9.570097417 10.664792828498646 LBR 72
-19.02602511 -13.09006279 17.570341550550975 GHA 73
43.10715591 68.18511112 46.661189155783539 ROU 74
76.80879432 66.90512061 53.627806853266648 UKR 75
27.66125478 -27.63761327 5.7005715521665303 BDI 76
33.6984894 -18.64471639 13.3690253241415 KEN 77
-28.19606105 -4.172995419 12.092738403528228 GIN 78
34.70883874 -30.66866529 6.9817457725167476 MWI 79
-21.28532365 72.34361014 59.515714280594544 SVN 80
36.50895316 -48.23901945 24.519085349893274 LSO 81
-24.40444779 -10.33017178 15.082294657962107 CIV 82
40.37123159 -11.86498243 4.0309128011760764 SOM 83
25.97820911 -16.78415297 8.0618256023521528 SSD 84
170.6820245 -38.02774083 15.082294657962107 TLS 85
-48.29779019 82.99529106 46.661189155783539 LIE 86
-83.03820658 123.5730585 65.121389272564087 BEL 87
10.06577324 -33.0543671 18.0267900696076 COG 88
33.83309891 -27.52400124 10.664792828498646 TZA 89
-8.543064128 103.2842927 69.467493327264179 CZE 90
158.2624782 -12.6795648 70.396865649395025 MYS 91
11.31970088 91.06030496 57.43166701541135 SVK 92
28.93784207 -20.11956405 8.0618256023521528 UGA 93
174.4389308 56.89608205 25.81043545618887 PRK 94
-64.57901039 101.9433934 87.573841876689386 LUX 95
-9.961163987 -11.70949517 18.0267900696076 BEN 96
30.17316962 20.8754828 54.2303853935597 GRC 97
-62.90896124 73.88608921 46.834974446907694 CHE 98
-31.11119181 1.425934546 19.331578679605002 SEN 99
50.10660408 -13.02739569 38.240596503737549 JOR 100
-59.42597159 130.6938074 68.762221321808539 NLD 101
150.0758578 -49.59978801 84.55314024151599 OMN 102
-28.3231731 32.44774388 54.379986740938982 ITA 103
144.0387086 18.76329245 52.246601284630053 LAO 104
70.60365176 32.87376397 34.203429312999177 ARM 105
129.9579364 -23.4922972 94.447306196980293 ARE 106
43.02261227 24.60884413 18.471963031155848 PSE 107
20.85455565 130.665264 47.352503687498427 SWE 108
56.3998565 64.8649463 27.33898075077996 MDA 109
-88.46354566 39.82559727 51.305143969498772 ESP 110
-3.6995491 -14.37470857 18.906656929110273 NGA 111
15.2078768 25.93148996 30.432724271892816 ALB 112
27.56086614 -47.69519382 22.078218685404735 SWZ 113
66.1074342 46.23982392 38.240596503737549 GEO 114
3.329183216 2.180170818 65.865657886738958 LBY 115
173.570585 -26.90893634 20.945237317550244 PNG 116
25.01520468 109.6544839 68.168921005513624 POL 117
-30.68615626 92.84704207 62.835711952650733 AUT 118
162.2862994 23.52844835 49.532685770241244 HKG 119
64.0976931 142.8147344 68.049640212460133 EST 120
0.2137361405 126.8587533 66.845126620707504 NOR 121
1.759335799 30.51548166 46.486754193222893 MNE 122
76.28991634 10.27506658 55.415889093467548 IRQ 123
-32.43549167 -3.66981341 9.0133950348037999 GNB 124
-18.09404024 -1.095848955 9.8736795605342067 MLI 125
124.6850691 88.36017779 95.473937511733411 KAZ 126
