-86.50753772 89.17583315 21.0099080118256 HRV 0
138.0055754 -31.62062901 18.9477845018312 UZB 1
28.42338688 93.8873657 23.954980798677 BGR 2
-76.61162909 -62.81583828 27.9255321866715 GNQ 3
-16.54712272 111.6311142 22.8869817101973 SRB 4
-34.99223707 -24.8800606 4.53865886406811 BFA 5
-24.82754976 -47.66673737 5.42473492234335 TGO 6
125.8737957 76.90488366 36.4710056591761 TKM 7
41.36517519 273.8964422 19.5591599183091 LVA 8
-127.2171058 229.5689298 28.6022974877862 DEU 9
223.4403435 -121.6173374 19.857790317683 THA 10
92.9808576 135.3199167 19.857790317683 AZE 11
226.5588624 -31.26997945 28.0831563860285 CHN 12
-34.33732961 -65.16212673 14.3524995329678 GAB 13
153.4579209 -68.38989656 10.5747551326368 PAK 14
2.144136143 -37.17990921 2.97124968545349 RWA 15
68.95142949 -13.55674386 13.6159765922043 SYR 16
7.137976091 -53.45408703 6.18514944613296 ZMB 17
-61.00893804 288.5905982 21.9014225185573 DNK 18
171.8444559 -61.22213856 7.86118775078881 NPL 19
-64.15275082 42.93537469 15.9084455937136 TUN 20
16.10027349 -2.052068141 14.8562484272674 EGY 21
185.7254213 -35.12233213 13.7236144458093 KGZ 22
187.4882515 -97.48159786 7.67173369945692 BGD 23
-70.51849932 7.863637148 19.4081216740428 DZA 24
-27.56751024 -23.79814094 2.97124968545349 NER 25
150.4904498 -52.69338018 5.68950998553132 AFG 26
175.0107207 -195.792284 5.94249937090697 YEM 27
-201.8038189 50.48148662 20.5138199850976 PRT 28
3.240902499 -32.63517362 1.71545180572616 COD 29
83.43671294 -137.1275047 47.0734479087751 KWT 30
248.2724968 -106.2424151 9.85452036511071 KHM 31
250.0117268 -145.8181647 15.1504601258837 IDN 32
163.9069075 -44.01527324 10.292710834357 TJK 33
-59.47081481 -35.98877191 3.43090361145232 SLE 34
64.73613092 65.96551853 22.2347966670536 TUR 35
35.66915834 228.5569427 25.4442621726238 BLR 36
-19.1530485 156.6510365 23.0790436651135 HUN 37
-10.07595343 70.94876384 19.1024628601491 MKD 38
370.6775435 -50.86987178 49.688913645081 BRN 39
10.38570344 -119.5059691 28.4475499276566 ZAF 40
-6.468640978 -20.27971433 2.42601520925535 TCD 41
-194.4633964 148.3242337 21.2189669719965 FRA 42
17.9629278 -54.23226837 4.85203041851071 MOZ 43
14.14256691 -29.10862589 3.83586684972846 ETH 44
13.58064302 -20.9120037 4.53865886406811 ERI 45
-169.484519 109.4173181 25.3283423799046 AND 46
-61.18958804 130.0911818 26.3532706864541 BIH 47
-7.179363909 -52.35142723 8.40396320473022 AGO 48
98.28998039 305.0531585 27.4472288916186 FIN 49
2.560654693 -18.99440648 6.86180722290464 SDN 50
195.7624797 -64.70919842 16.27420476703 BTN 51
201.0864894 -89.14438812 8.40396320473022 MMR 52
311.0182841 182.8911282 53.564965465544 MNG 53
271.0149352 20.76073017 35.1981282451327 KOR 54
1.943643844 -27.62445934 1.71545180572616 CAF 55
47.66154232 -46.44857972 26.2973782148668 ISR 56
266.0512083 -63.3852292 16.6319223299744 VNM 57
-114.9765593 19.63456216 13.6159765922043 MAR 58
47.76310167 12.3022659 20.1519958290027 LBN 59
126.2225011 -216.6251198 43.7356111601284 SAU 60
101.1979069 15.75143009 30.7348457322287 IRN 61
23.37499703 -24.86305527 6.18514944613296 DJI 62
0.3246827569 264.0508084 23.2062018928508 LTU 63
78.25852305 188.469285 33.9208635654775 RUS 64
18.24895427 -67.66022932 8.74712223202567 ZWE 65
-54.36119307 -15.11738216 8.74712223202567 MRT 66
-5.39529017 -77.36211005 17.1545180572616 BWA 67
216.0801161 -306.380318 62.7489666306555 QAT 68
-82.06289759 -13.70416201 4.53865886406811 GMB 69
172.4920045 -82.77181791 13.7236144458093 IND 70
-4.950823955 -28.08218095 5.14635541717848 CMR 71
-52.00501072 -38.5552398 4.53865886406811 LBR 72
-39.37842176 -43.99752562 7.4774810636747 GHA 73
18.59501451 136.7790936 19.857790317683 ROU 74
22.21376968 179.5059772 22.822601887277 UKR 75
1.718187349 -42.58073517 2.42601520925535 BDI 76
17.2089221 -37.9397537 5.68950998553132 KEN 77
-55.19489074 -28.73270899 5.14635541717848 GIN 78
18.62774201 -46.565071 2.97124968545349 MWI 79
-112.2644192 126.6353932 25.3283423799046 SVN 80
42.91893412 -83.63239628 10.4346859664035 LSO 81
-44.06392454 -30.97559391 6.41863292054999 CIV 82
23.12257075 -33.07047719 1.71545180572616 SOM 83
6.965389678 -28.4283275 3.43090361145232 SSD 84
252.6390058 -167.0033434 6.41863292054999 TLS 85
-151.7258018 188.8264013 19.857790317683 LIE 86
-173.410984 259.9408317 27.7139720775956 BEL 87
-13.05749205 -37.70843613 7.67173369945692 COG 88
8.556643633 -43.02955101 4.53865886406811 TZA 89
-70.38824542 234.7412078 29.5635610953321 CZE 90
285.8436561 -117.4940333 29.9590778199128 MYS 91
-57.53921322 183.1073272 24.4414259863686 SVK 92
8.106125226 -35.08608452 3.43090361145232 UGA 93
226.6436223 7.954528769 10.9842510353931 PRK 94
-205.4734973 204.7062666 37.2691528176726 LUX 95
-27.77852863 -34.45517694 7.67173369945692 BEN 96
23.95953992 47.40967662 23.0790436651135 GRC 97
-150.3598724 149.7044415 19.9317488243966 CHE 98
-70.40554773 -19.628045 8.22701784662525 SEN 99
80.91032453 -74.63619473 16.27420476703 JOR 100
-116.7139869 289.8289729 29.2634156456628 NLD 101
215.0771002 -207.9801665 35.9836206491012 OMN 102
-130.4438682 82.07521949 23.1427101134242 ITA 103
230.1309556 -80.50512214 22.2347966670536 LAO 104
74.16749639 101.7807153 14.5560912555321 ARM 105
170.191443 -146.9322669 40.1943207291187 ARE 106
36.0050039 -13.70701178 7.86118775078881 PSE 107
51.94823322 311.4308316 20.1519958290027 SWE 108
44.66152274 153.4272665 11.6347602165829 MDA 109
-211.9831596 90.95934858 21.8341368832982 ESP 110
-16.74265757 -22.72272646 8.04618218479555 NGA 111
-36.1308838 52.05099781 12.9513771149188 ALB 112
23.47749166 -84.6887276 9.39591650309188 SWZ 113
57.7205334 127.6570799 16.27420476703 GEO 114
-24.11908318 11.92152099 28.0307134711973 LBY 115
272.3934259 -154.9960618 8.91374905636046 PNG 116
-16.14361752 215.2990749 29.0109224390052 POL 117
-107.4373097 177.4906723 26.7412471690814 AUT 118
324.8051486 2.819877376 21.0798247042792 HKG 119
84.2858978 251.0606377 28.9601596311934 EST 120
4.251896695 314.5735283 28.4475499276566 NOR 121
-47.0061656 82.74489948 19.783555327678 MNE 122
96.18034357 -38.63845963 23.5835632523664 IRQ 123
-64.12921575 -29.83941476 3.83586684972846 GNB 124
-42.5488228 -20.5009011 4.20198160236511 MLI 125
171.5582566 16.61767048 40.6312283551518 KAZ 126
