-48.41518286 98.70562288 21.0099080118256 HRV 0
177.1294947 95.24932345 18.9477845018312 UZB 1
72.00735897 104.1108782 23.954980798677 BGR 2
-68.65361869 -50.59017809 27.9255321866715 GNQ 3
30.0189715 101.6104099 22.8869817101973 SRB 4
-29.94023353 -16.50229116 4.53865886406811 BFA 5
-26.79873088 -43.77032184 5.42473492234335 TGO 6
149.4251534 53.90967401 36.4710056591761 TKM 7
122.1200306 228.7919673 19.5591599183091 LVA 8
-69.35071505 233.1147327 28.6022974877862 DEU 9
180.4222512 -33.76852733 19.857790317683 THA 10
143.368486 104.3014909 19.857790317683 AZE 11
233.1692082 60.44990308 28.0831563860285 CHN 12
-32.50133719 -62.17965127 14.3524995329678 GAB 13
182.0649959 23.97714651 10.5747551326368 PAK 14
11.17531839 -34.73553457 2.97124968545349 RWA 15
74.45947368 36.28530913 13.6159765922043 SYR 16
15.22331184 -47.38489095 6.18514944613296 ZMB 17
-44.67501395 271.164849 21.9014225185573 DNK 18
192.0831582 49.65037989 7.86118775078881 NPL 19
-44.44699751 63.94549098 15.9084455937136 TUN 20
15.72627563 -4.652256875 14.8562484272674 EGY 21
204.5220272 84.74345441 13.7236144458093 KGZ 22
194.5965644 13.42142912 7.67173369945692 BGD 23
-55.37692685 33.91216432 19.4081216740428 DZA 24
-22.43669007 -16.81154144 2.97124968545349 NER 25
184.6624929 40.00685627 5.68950998553132 AFG 26
127.4672338 -173.4807425 5.94249937090697 YEM 27
-189.301363 66.2470818 20.5138199850976 PRT 28
7.483833428 -30.88189272 1.71545180572616 COD 29
101.7573176 -65.35433404 47.0734479087751 KWT 30
189.228374 -58.96178202 9.85452036511071 KHM 31
219.1352791 -85.85771565 15.1504601258837 IDN 32
189.7123374 65.77872311 10.292710834357 TJK 33
-55.40678767 -21.18958626 3.43090361145232 SLE 34
87.73795094 65.67015438 22.2347966670536 TUR 35
127.5602015 188.6369462 25.4442621726238 BLR 36
36.94448398 142.3052626 23.0790436651135 HUN 37
17.39530584 66.0522537 19.1024628601491 MKD 38
311.4208031 -34.40730887 49.688913645081 BRN 39
-21.43336905 -107.7778207 28.4475499276566 ZAF 40
-1.472379196 -24.94304382 2.42601520925535 TCD 41
-151.4593743 134.1526555 21.2189669719965 FRA 42
32.19611404 -53.43937889 4.85203041851071 MOZ 43
24.47674259 -28.27971277 3.83586684972846 ETH 44
25.87850818 -20.20103388 4.53865886406811 ERI 45
-118.6549094 89.30082267 25.3283423799046 AND 46
-10.6444764 118.9759004 26.3532706864541 BIH 47
0.634593119 -56.51899687 8.40396320473022 AGO 48
128.0426199 271.5164704 27.4472288916186 FIN 49
6.839638592 -22.0390193 6.86180722290464 SDN 50
205.0097067 32.2347367 16.27420476703 BTN 51
203.3829729 1.967623123 8.40396320473022 MMR 52
269.3719601 151.7973975 53.564965465544 MNG 53
289.9938965 60.43554483 35.1981282451327 KOR 54
1.617473691 -27.70070789 1.71545180572616 CAF 55
52.68103119 -4.612958267 26.2973782148668 ISR 56
254.6713232 -16.34564664 16.6319223299744 VNM 57
-112.505129 28.19895472 13.6159765922043 MAR 58
51.04489378 55.55356597 20.1519958290027 LBN 59
92.07744221 -146.3217923 43.7356111601284 SAU 60
144.2414774 -6.216531473 30.7348457322287 IRN 61
33.27435771 -26.38848081 6.18514944613296 DJI 62
89.02179433 209.317965 23.2062018928508 LTU 63
211.6529645 205.0903977 33.9208635654775 RUS 64
24.72100533 -63.09586909 8.74712223202567 ZWE 65
-52.57282443 8.730930355 8.74712223202567 MRT 66
7.205483068 -78.50904038 17.1545180572616 BWA 67
229.3140845 -232.5524125 62.7489666306555 QAT 68
-58.34972714 -1.801373976 4.53865886406811 GMB 69
184.054756 -2.640515894 13.7236144458093 IND 70
-3.78609944 -31.42413274 5.14635541717848 CMR 71
-51.27074014 -27.18774397 4.53865886406811 LBR 72
-35.1145465 -34.61221081 7.4774810636747 GHA 73
74.89848061 150.118942 19.857790317683 ROU 74
118.0183461 146.358135 22.822601887277 UKR 75
13.99309718 -38.67882613 2.42601520925535 BDI 76
30.27283987 -36.62048783 5.68950998553132 KEN 77
-48.59083769 -17.60272897 5.14635541717848 GIN 78
23.2097411 -45.20258645 2.97124968545349 MWI 79
-51.93210223 140.1674332 25.3283423799046 SVN 80
44.94364353 -65.14843174 10.4346859664035 LSO 81
-39.63024535 -22.97958355 6.41863292054999 CIV 82
40.71032899 -27.47041193 1.71545180572616 SOM 83
12.70677522 -29.19431187 3.43090361145232 SSD 84
238.5292471 -86.44876592 6.41863292054999 TLS 85
-85.3578589 163.1700311 19.857790317683 LIE 86
-161.6425457 245.9030563 27.7139720775956 BEL 87
-4.225067439 -42.92606507 7.67173369945692 COG 88
20.22922851 -39.15330721 4.53865886406811 TZA 89
-6.553023667 211.4799642 29.5635610953321 CZE 90
223.8232502 -44.60820494 29.9590778199128 MYS 91
-0.2628613209 163.3946932 24.4414259863686 SVK 92
18.00350308 -32.35179447 3.43090361145232 UGA 93
255.0006043 95.64390116 10.9842510353931 PRK 94
-120.9087773 204.1200641 37.2691528176726 LUX 95
-24.41574499 -26.21026136 7.67173369945692 BEN 96
23.1009491 28.60577754 23.0790436651135 GRC 97
-119.5418623 152.7734185 19.9317488243966 CHE 98
-47.5023569 -5.643263247 8.22701784662525 SEN 99
90.58522078 -9.577877029 16.27420476703 JOR 100
-111.8284158 263.1716269 29.2634156456628 NLD 101
224.6390256 -144.0167292 35.9836206491012 OMN 102
-78.41296647 72.66313983 23.1427101134242 ITA 103
230.1262675 8.466487237 22.2347966670536 LAO 104
115.0652239 84.23578565 14.5560912555321 ARM 105
171.6995733 -100.6954673 40.1943207291187 ARE 106
58.46386234 25.51092862 7.86118775078881 PSE 107
92.21171785 248.2106834 20.1519958290027 SWE 108
92.89146933 128.3018984 11.6347602165829 MDA 109
-160.3827977 96.53609821 21.8341368832982 ESP 110
-11.23635901 -21.15896147 8.04618218479555 NGA 111
-4.425715717 46.99871599 12.9513771149188 ALB 112
31.04385337 -78.11085875 9.39591650309188 SWZ 113
111.8002817 111.7952955 16.27420476703 GEO 114
-19.45098839 11.0217972 28.0307134711973 LBY 115
243.3406884 -73.54884325 8.91374905636046 PNG 116
47.29918308 187.9199286 29.0109224390052 POL 117
-50.90346907 186.9672128 26.7412471690814 AUT 118
268.7458469 14.45505392 21.0798247042792 HKG 119
164.9435975 236.8168856 28.9601596311934 EST 120
49.45458146 239.4724283 28.4475499276566 NOR 121
-15.49497909 77.77947994 19.783555327678 MNE 122
105.1566889 23.11268845 23.5835632523664 IRQ 123
-56.01374539 -14.38692545 3.83586684972846 GNB 124
-37.03176568 -13.13860721 4.20198160236511 MLI 125
175.5320922 148.7256791 40.6312283551518 KAZ 126
