-5.014529740 5.203075237 1.2247448713915901 HRV 0
8.162674393 -1.749297674 1.1045361017187201 UZB 1
1.570197844 5.472546518 1.3964240043769001 BGR 2
-4.266577284 -3.654025226 1.6278820596099699 GNQ 3
-0.968194924 6.446002159 1.3341664064126300 SRB 4
-2.073708039 -1.459109422 0.2645751311064590 BFA 5
-1.587799723 -2.685953923 0.3162277660168380 TGO 6
7.390782484 4.359332848 2.1260291625469301 TKM 7
2.449686809 15.86686066 1.1401754250991400 LVA 8
-7.344322152 13.38635093 1.6673332000533101 DEU 9
12.997998540 -7.027571652 1.1575836902790200 THA 10
5.478773593 7.51128044 1.1575836902790200 AZE 11
13.098319840 -1.896131174 1.6370705543744899 CHN 12
-1.896265029 -3.751721727 0.8366600265340770 GAB 13
9.066861703 -3.91138747 0.6164414002969000 PAK 14
0.176911192 -2.234101497 0.1732050807568880 RWA 15
4.076455734 -0.822284439 0.7937253933193760 SYR 16
0.445310638 -3.100154422 0.3605551275463990 ZMB 17
-4.376160584 16.583746428 1.2767145334803700 DNK 18
10.119916785 -3.540616214 0.4582575694955840 NPL 19
-3.528705313 2.434119981 0.9273618495495690 TUN 20
0.947565166 -0.145879459 0.8660254037844370 EGY 21
10.754593110 -1.978689529 0.8000000000000010 KGZ 22
10.957635964 -5.647675845 0.4472135954999580 BGD 23
-4.025387697 0.470266556 1.1313708498984800 DZA 24
-1.624087587 -1.329180607 0.1732050807568880 NER 25
8.780487941 -3.045347771 0.3316624790355400 AFG 26
5.327156729 -12.193575027 0.3464101615137760 YEM 27
-13.855532550 4.46562077 1.1958260743101401 PRT 28
0.195553724 -1.9693935 0.1000000000000000 COD 29
7.148751849 -6.654222161 2.7440845468024500 KWT 30
14.454901680 -6.18614112 0.5744562646538030 KHM 31
16.552607021 -9.508966786 0.8831760866327820 IDN 32
9.561972315 -2.605320585 0.6000000000000020 TJK 33
-3.468096856 -2.086739679 0.2000000000000000 SLE 34
3.740658692 3.866061434 1.2961481396815699 TUR 35
2.049260592 13.23593175 1.4832396974191400 BLR 36
-1.276899812 9.006300237 1.3453624047073700 HUN 37
-0.569328312 4.124590066 1.1135528725660100 MKD 38
19.974981217 -3.786540563 2.8965496715920498 BRN 39
0.582564286 -6.880980132 1.6583123951776999 ZAF 40
-0.376051878 -1.217692023 0.1414213562373090 TCD 41
-11.030224066 8.491460794 1.2369316876853000 FRA 42
1.060904337 -3.166306849 0.2828427124746200 MOZ 43
0.817677658 -1.694005755 0.2236067977499790 ETH 44
0.795065689 -1.22316773 0.2645751311064590 ERI 45
-13.413567949 7.275250485 1.4764823060233401 AND 46
-3.552408655 7.421544718 1.5362291495737299 BIH 47
-0.371177013 -3.042851517 0.4898979485566360 AGO 48
8.172741215 9.624389166 1.6000000000000001 FIN 49
0.160936995 -1.134196706 0.4000000000000000 SDN 50
11.464449750 -3.775009707 0.9486832980505120 BTN 51
11.711334210 -5.144385957 0.4898979485566360 MMR 52
12.302434820 5.833222534 3.1224989991992000 MNG 53
15.782946580 0.925295411 2.0518284528683202 KOR 54
0.106714180 -1.619193912 0.1000000000000000 CAF 55
2.735408793 -2.66675359 1.5329709716755899 ISR 56
15.612065160 -4.392791286 0.9695359714832690 VNM 57
-5.718231553 1.423980873 0.7937253933193760 MAR 58
2.780394691 0.559342861 1.1747340124470700 LBN 59
3.310441776 -10.172560647 2.5495097567963998 SAU 60
6.054893111 0.833894191 1.7916472867168900 IRN 61
1.350845054 -1.453361543 0.3605551275463990 DJI 62
0.133441711 15.23340505 1.3527749258468700 LTU 63
4.726491849 10.58409487 1.9773719933285201 RUS 64
1.063812567 -3.929208566 0.5099019513592790 ZWE 65
-3.145683435 -0.88785989 0.5099019513592790 MRT 66
-0.283256444 -4.474181535 1.0000000000000000 BWA 67
-0.742165910 -14.833284757 3.6578682316343798 QAT 68
-4.791122047 -1.288474267 0.2645751311064590 GMB 69
10.115325650 -4.785724026 0.8000000000000010 IND 70
-0.277253435 -1.647087433 0.3000000000000000 CMR 71
-3.041750605 -2.231048925 0.2645751311064590 LBR 72
-2.296060555 -2.536861353 0.4358898943540670 GHA 73
0.995895236 7.97581474 1.1575836902790200 ROU 74
1.280771776 10.438405236 1.3304134695650101 UKR 75
0.114378615 -2.532120044 0.1414213562373090 BDI 76
0.997693666 -2.197108239 0.3316624790355400 KEN 77
-3.214631480 -1.677756839 0.3000000000000000 GIN 78
0.854715804 -2.766238311 0.1732050807568880 MWI 79
-6.451343721 7.386025865 1.4764823060233401 SVN 80
2.816818967 -7.12877357 0.6082762530298220 LSO 81
-2.578305816 -1.81024369 0.3741657386773950 CIV 82
1.279713285 -1.891229363 0.1000000000000000 SOM 83
0.394948397 -1.672642916 0.2000000000000000 SSD 84
17.602712222 -10.196516335 0.3741657386773950 TLS 85
-8.758630170 11.06482283 1.1575836902790200 LIE 86
-10.108426670 14.97393031 1.6155494421403500 BEL 87
-0.721970703 -2.212104971 0.4472135954999580 COG 88
0.511809613 -2.502283956 0.2645751311064590 TZA 89
-4.091210955 13.63974776 1.7233687939614100 CZE 90
16.586223050 -6.867311044 1.7464249196573001 MYS 91
-3.329005608 10.70776845 1.4247806848775000 SVK 92
0.485096039 -2.047255236 0.2000000000000000 UGA 93
13.141470110 0.405409735 0.6403124237432840 PRK 94
-11.893125560 11.77576361 2.1725560982400398 LUX 95
-1.597428276 -1.951366419 0.4472135954999580 BEN 96
1.347637435 2.737478706 1.3453624047073700 GRC 97
-8.731896715 8.832521924 1.1618950038622300 CHE 98
-4.062202209 -1.155711831 0.4795831523312720 SEN 99
4.559592292 -4.207976538 0.9486832980505120 JOR 100
-7.265894002 16.6438599 1.7058722109232001 NLD 101
4.798263110 -14.562646025 2.0976176963403002 OMN 102
-9.106646877 6.444828682 1.3490737563232100 ITA 103
13.415280460 -4.702889131 1.2961481396815699 LAO 104
4.371067086 5.895660295 0.8485281374238570 ARM 105
8.000632613 -11.581868766 2.3430749027719999 ARE 106
2.052231309 -0.87629107 0.4582575694955840 PSE 107
10.093955065 11.60357755 1.1747340124470700 SWE 108
2.498623692 8.914407539 0.6782329983125260 MDA 109
-11.555964110 5.382007653 1.2727922061357899 ESP 110
-0.956642119 -1.345729153 0.4690415759823430 NGA 111
-2.040734224 3.091087393 0.7549834435270780 ALB 112
1.448441221 -4.873697055 0.5477225575051660 SWZ 113
3.384762825 7.394914641 0.9486832980505120 GEO 114
-1.325047022 0.644266191 1.6340134638368200 LBY 115
17.946778296 -9.406018044 0.5196152422706640 PNG 116
-0.920363003 12.50039559 1.6911534525287799 POL 117
-6.220956472 10.29998266 1.5588457268119900 AUT 118
15.949917990 -2.227219054 1.2288205727444499 HKG 119
4.845788592 14.45864869 1.6881943016134100 EST 120
7.560795106 12.710012649 1.6583123951776999 NOR 121
-2.748303115 4.844226657 1.1532562594670801 MNE 122
5.656132284 -2.255022912 1.3747727084867500 IRQ 123
-3.733094206 -1.747441172 0.2236067977499790 GNB 124
-2.489148476 -1.198661305 0.2449489742783180 MLI 125
10.119653210 1.003654265 2.3685438564654002 KAZ 126
