-50.44905502 100.5420289 21.009908011825559 HRV 0
175.1281289 92.69741298 18.947784501831229 UZB 1
68.44045305 105.4310774 23.954980798676992 BGR 2
-67.42497875 -50.3350363 27.925532186671457 GNQ 3
28.25377682 99.54696555 22.886981710197347 SRB 4
-29.67945158 -18.60849699 4.5386588640681094 BFA 5
-26.79873088 -43.77032184 5.4247349223433456 TGO 6
147.7174731 53.22660779 36.471005659176079 TKM 7
121.6229711 220.3639827 19.559159918309096 LVA 8
-69.73179774 232.9719168 28.602297487786227 DEU 9
180.5514559 -31.90492615 19.857790317683023 THA 10
142.7403222 101.8722086 19.857790317683023 AZE 11
228.9792489 61.28299023 28.083156386028463 CHN 12
-32.84449384 -62.49028625 14.352499532967775 GAB 13
175.1555393 15.68414978 10.574755132636762 PAK 14
11.97536929 -34.33697914 2.9712496854534858 RWA 15
78.74854127 37.19493896 13.615976592204328 SYR 16
15.44139795 -47.13867741 6.1851494461329635 ZMB 17
-45.31469748 269.3179698 21.901422518557347 DNK 18
184.2344562 41.23487634 7.8611877507888117 NPL 19
-40.16051893 65.08256671 15.908445593713628 TUN 20
15.65422811 -5.241781659 14.856248427267428 EGY 21
202.7126296 86.25975634 13.723614445809288 KGZ 22
190.9741182 15.94343211 7.671733699456917 BGD 23
-49.33693771 35.87089532 19.408121674042821 DZA 24
-22.17406375 -18.86897219 2.9712496854534858 NER 25
175.7532439 29.77243617 5.6895099855313198 AFG 26
124.8735411 -170.9176618 5.9424993709069716 YEM 27
-189.301363 66.2470818 20.513819985097555 PRT 28
7.483833428 -30.88189272 1.715451805726161 COD 29
106.0611744 -59.66733373 47.073447908775144 KWT 30
187.7727576 -56.63236394 9.8545203651107141 KHM 31
219.9407129 -85.37075576 15.150460125883747 IDN 32
187.8549338 62.90088645 10.292710834356965 TJK 33
-54.6223255 -21.13036748 3.4309036114523219 SLE 34
82.82563994 68.04699599 22.234796667053565 TUR 35
120.0213985 181.3793787 25.444262172623755 BLR 36
38.22246743 138.1376524 23.079043665113499 HUN 37
21.34592358 63.8039659 19.102462860149057 MKD 38
308.7233603 -31.58910599 49.688913645080966 BRN 39
-19.98133438 -105.3273432 28.447549927656603 ZAF 40
-1.472785648 -24.83402972 2.4260152092553526 TCD 41
-148.1441825 134.3763796 21.218966971996526 FRA 42
32.03781989 -53.69801197 4.8520304185107053 MOZ 43
25.770732 -27.83195245 3.8358668497284585 ETH 44
26.33851282 -20.45191008 4.5386588640681094 ERI 45
-116.0851575 86.92791142 25.328342379904647 AND 46
-11.79309037 114.3954331 26.353270686454053 BIH 47
0.5442425015 -55.19810576 8.4039632047302231 AGO 48
128.3874453 269.5347888 27.447228891618575 FIN 49
7.331491424 -22.13271944 6.8618072229046438 SDN 50
203.3141288 32.64262143 16.274204767030035 BTN 51
201.296658 6.572335982 8.4039632047302231 MMR 52
262.9973815 151.8193879 53.564965465543963 MNG 53
283.6612754 56.81584088 35.198128245132729 KOR 54
1.910246095 -27.22292374 1.715451805726161 CAF 55
51.27223901 -3.1443573 26.297378214866768 ISR 56
248.6543896 -16.55627384 16.631922329974358 VNM 57
-112.505129 28.19895472 13.615976592204328 MAR 58
51.72749769 48.4667344 20.151995829002697 LBN 59
97.21741587 -137.8995241 43.735611160128364 SAU 60
145.8996551 -5.011784531 30.734845732228685 IRN 61
34.14214286 -25.50616416 6.1851494461329635 DJI 62
86.72782776 207.2761489 23.206201892850839 LTU 63
205.4509646 201.23189 33.920863565477461 RUS 64
25.22552176 -63.32112025 8.7471222320256743 ZWE 65
-50.97884509 8.183368793 8.7471222320256743 MRT 66
6.973555825 -76.40384742 17.154518057261608 BWA 67
228.9072115 -226.2972056 62.748966630655502 QAT 68
-58.22466727 -1.895752551 4.5386588640681094 GMB 69
184.7151754 -3.088376991 13.723614445809288 IND 70
-3.862053654 -30.95105699 5.1463554171784827 CMR 71
-51.36221061 -27.22244435 4.5386588640681094 LBR 72
-35.57769724 -34.57369809 7.4774810636747029 GHA 73
75.14392865 142.8879262 19.857790317683023 ROU 74
119.8852792 139.5327094 22.822601887276981 UKR 75
14.08759765 -38.51250692 2.4260152092553526 BDI 76
30.86113354 -35.2675211 5.6895099855313198 KEN 77
-48.03840901 -17.67320442 5.1463554171784827 GIN 78
23.08587058 -44.88304808 2.9712496854534858 MWI 79
-47.10142846 142.9578064 25.328342379904647 SVN 80
44.94364353 -65.14843174 10.434685966403512 LSO 81
-39.61750512 -23.22343015 6.4186329205499861 CIV 82
40.69074071 -27.51486206 1.715451805726161 SOM 83
13.13741375 -28.90938007 3.4309036114523219 SSD 84
238.6381218 -85.04934309 6.4186329205499861 TLS 85
-85.35883033 161.6088868 19.857790317683023 LIE 86
-160.3887056 243.6938823 27.713972077595571 BEL 87
-4.111885952 -42.06139315 7.671733699456917 COG 88
20.10408 -39.09493937 4.5386588640681094 TZA 89
-7.846652424 202.3566671 29.563561095332144 CZE 90
221.2851114 -46.26477653 29.959077819912775 MYS 91
1.310777122 156.4391688 24.441425986368646 SVK 92
17.82787097 -32.57110596 3.4309036114523219 UGA 93
254.8627335 96.45028745 10.984251035393127 PRK 94
-119.4920491 204.9430847 37.269152817672641 LUX 95
-23.49264406 -29.42995521 7.671733699456917 BEN 96
20.83918982 27.23641387 23.079043665113499 GRC 97
-119.2836031 155.3509476 19.931748824396585 CHE 98
-47.35675031 -6.098682006 8.2270178466252499 SEN 99
87.88125211 -7.841758927 16.274204767030035 JOR 100
-110.6933972 261.9511419 29.263415645662786 NLD 101
221.0916737 -141.0546333 35.983620649101226 OMN 102
-76.58582797 72.5724742 23.142710113424155 ITA 103
227.6794115 9.816816597 22.234796667053565 LAO 104
112.4334062 79.91381131 14.556091255532115 ARM 105
171.8760442 -97.0111937 40.194320729118701 ARE 106
60.56156039 24.99160246 7.8611877507888117 PSE 107
96.25415236 243.640347 20.151995829002697 SWE 108
94.55481738 123.6861016 11.634760216582922 MDA 109
-155.510404 97.78386576 21.834136883298171 ESP 110
-11.70291343 -22.59588928 8.0461821847955459 NGA 111
-3.817855855 46.4156443 12.951377114918756 ALB 112
30.81988202 -78.02251536 9.3959165030918808 SWZ 113
111.7218557 106.6338805 16.274204767030035 GEO 114
-19.09344772 7.992108854 28.030713471197302 LBY 115
242.6097302 -72.36281635 8.9137490563604587 PNG 116
49.20654402 181.9447805 29.010922439005206 POL 117
-54.36010334 187.518519 26.741247169081369 AUT 118
265.1916566 11.64881256 21.079824704279233 HKG 119
161.561567 233.5714174 28.960159631193449 EST 120
54.43570954 238.4828525 28.447549927656603 NOR 121
-10.65561777 74.41146537 19.783555327677998 MNE 122
106.7149685 21.13115783 23.583563252366435 IRQ 123
-55.30905002 -14.86769452 3.8358668497284585 GNB 124
-36.13371064 -14.63721424 4.2019816023651115 MLI 125
174.7541133 144.3504517 40.631228355151791 KAZ 126
