-54.55304539 95.78717537 49.368397802671034 HRV 0
165.9260276 95.36371654 44.522887117791335 UZB 1
59.22158775 103.0180345 56.288633951123799 BGR 2
-62.22149114 -53.00635163 65.61850632886707 GNQ 3
19.55351087 93.5168895 53.779084465077673 SRB 4
-28.34668378 -20.87293379 10.664792828498646 BFA 5
-24.93999972 -43.43415608 12.74686550124585 TGO 6
139.7997666 60.66796524 85.698381669840728 TKM 7
105.2742888 218.9092666 45.959477166184897 LVA 8
-85.61529806 227.1710942 67.208747399207454 DEU 9
181.2691286 -23.05735287 46.661189155783539 THA 10
132.5316721 105.7861547 46.661189155783539 AZE 11
216.9180018 72.38769002 65.988886540565474 CHN 12
-31.08729357 -64.39972924 33.725036111885203 GAB 13
174.7814727 27.00076459 24.848215316316704 PAK 14
14.40871108 -33.36533784 6.9817457725167476 RWA 15
75.83600809 43.33374727 31.994378485495933 SYR 16
18.56889059 -45.40333222 14.533662791564524 ZMB 17
-62.16996776 261.3858862 51.463249564535673 DNK 18
177.2580519 53.89735301 18.471963031155848 NPL 19
-35.35003015 59.24191887 37.381147506716857 TUN 20
19.21258178 -7.147672996 34.908728862583743 EGY 21
194.1730871 97.18250805 32.247302409408611 KGZ 22
189.1585821 27.41650398 18.0267900696076 BGD 23
-39.76108582 30.80032865 45.604572417332243 DZA 24
-17.47791115 -16.7917528 6.9817457725167476 NER 25
170.4008706 39.00984017 13.3690253241415 AFG 26
133.7820506 -160.0184719 13.963491545033495 YEM 27
-192.9554783 54.6990776 48.202706309168761 PRT 28
8.722783305 -31.06140915 4.0309128011760764 COD 29
117.5186021 -51.26924123 110.61165527215444 KWT 30
192.7950086 -43.30328023 23.155831109088059 KHM 31
226.5037972 -69.87529954 35.600057933006831 IDN 32
183.3579069 74.18895725 24.185476807056457 TJK 33
-52.9389154 -23.99741688 8.0618256023521528 SLE 34
76.88568764 71.41937528 52.246601284630053 TUR 35
103.9043285 182.5917227 59.788098835393114 BLR 36
31.61634326 127.4677652 54.2303853935597 HUN 37
21.55765861 60.67597491 44.886345288126989 MKD 38
299.3562299 -8.678295501 116.75739150462745 BRN 39
-11.68085119 -99.49514057 66.845126620707504 ZAF 40
-5.219490574 -20.02804249 5.7005715521665303 TCD 41
-151.5890288 130.4684694 49.859637740709964 FRA 42
34.39283522 -53.15997458 11.401143104333061 MOZ 43
28.98304006 -25.41702721 9.0133950348037999 ETH 44
28.91912118 -18.84988729 10.664792828498646 ERI 45
-121.2206708 82.74091896 59.515714280594544 AND 46
-17.97823245 102.5420077 61.924057445565516 BIH 47
2.597285655 -53.13579035 19.747359121068413 AGO 48
109.485865 268.0074891 64.494604818817223 FIN 49
9.256128069 -22.00492681 16.123651204704306 SDN 50
194.9803388 45.26696971 38.240596503737549 BTN 51
199.4829129 20.17453905 19.747359121068413 MMR 52
245.6832886 162.2718981 125.86521187531538 MNG 53
278.0624706 65.99897081 82.707415764842111 KOR 54
2.552816677 -25.87876509 4.0309128011760764 CAF 55
50.5618985 0.5096885452 61.792723135584602 ISR 56
239.1749612 -1.962968961 39.08114958652579 VNM 57
-115.0356391 21.11205324 31.994378485495933 MAR 58
49.79723124 48.10468616 47.352503687498427 LBN 59
124.8023749 -122.110774 102.76851515393882 SAU 60
137.7872234 7.765226858 72.219739832195017 IRN 61
36.46192381 -22.56400824 14.533662791564524 DJI 62
73.82130206 207.2906476 54.529177657061588 LTU 63
187.1050537 197.9682256 79.706140805949801 RUS 64
28.60092022 -62.11933005 20.553703030787766 ZWE 65
-51.63198824 4.564076045 20.553703030787766 MRT 66
10.59271742 -71.51468518 40.309128011760762 BWA 67
244.5078623 -202.6703511 147.44547879910303 QAT 68
-59.17104151 -5.701232553 10.664792828498646 GMB 69
174.3151573 7.628171525 32.247302409408611 IND 70
-5.083872692 -26.97247041 12.092738403528228 CMR 71
-50.98305695 -30.16701151 10.664792828498646 LBR 72
-34.31026138 -39.6060321 17.570341550550975 GHA 73
62.10786583 141.6865508 46.661189155783539 ROU 74
107.8281414 144.9507964 53.627806853266648 UKR 75
16.32141589 -37.14081133 5.7005715521665303 BDI 76
32.33854747 -32.0897281 13.3690253241415 KEN 77
-47.33132307 -20.28268221 12.092738403528228 GIN 78
25.58221363 -43.863404 6.9817457725167476 MWI 79
-58.56072322 142.5698935 59.515714280594544 SVN 80
48.82234825 -62.29330859 24.519085349893274 LSO 81
-42.78070588 -32.75308833 15.082294657962107 CIV 82
42.01207914 -25.31956158 4.0309128011760764 SOM 83
14.2896461 -28.34324079 8.0618256023521528 SSD 84
243.517713 -69.17379521 15.082294657962107 TLS 85
-99.0786846 158.6844523 46.661189155783539 LIE 86
-169.4636457 230.42128 65.121389272564087 BEL 87
-1.735387165 -41.24283948 18.0267900696076 COG 88
21.86505904 -37.61394011 10.664792828498646 TZA 89
-27.71944053 189.7323675 69.467493327264179 CZE 90
222.7772974 -34.60073066 70.396865649395025 MYS 91
1.337282311 149.1614175 57.43166701541135 SVK 92
19.20008773 -31.85563572 8.0618256023521528 UGA 93
247.7936094 111.6540315 25.81043545618887 PRK 94
-129.1214107 199.2781666 87.573841876689386 LUX 95
-26.0926566 -31.026316 18.0267900696076 BEN 96
22.73154954 27.6482723 54.2303853935597 GRC 97
-129.984631 154.4365971 46.834974446907694 CHE 98
-50.20860985 -10.19712367 19.331578679605002 SEN 99
83.43254203 6.302664424 38.240596503737549 JOR 100
-125.0515661 251.2849487 68.762221321808539 NLD 101
225.3760004 -127.634522 84.55314024151599 OMN 102
-85.62190675 69.43067863 54.379986740938982 ITA 103
223.2236171 23.99382444 52.246601284630053 LAO 104
106.5176974 88.33120661 34.203429312999177 ARM 105
181.6031945 -86.99688876 94.447306196980293 ARE 106
59.00899808 26.66826363 18.471963031155848 PSE 107
83.51649623 241.2089081 47.352503687498427 SWE 108
84.5112902 131.30374 27.33898075077996 MDA 109
-157.2653698 91.03298717 51.305143969498772 ESP 110
-15.26196467 -25.15054616 18.906656929110273 NGA 111
-4.604186156 41.33043329 30.432724271892816 ALB 112
35.10317667 -74.90586812 22.078218685404735 SWZ 113
105.2006747 113.2647576 38.240596503737549 GEO 114
-11.43408579 6.740189391 65.865657886738958 LBY 115
243.6593271 -57.01340398 20.945237317550244 PNG 116
39.9142394 184.325615 68.168921005513624 POL 117
-71.24549579 182.3310843 62.835711952650733 AUT 118
257.0224538 27.16795916 49.532685770241244 HKG 119
139.8706679 235.0141124 68.049640212460133 EST 120
45.69494688 236.4273629 66.845126620707504 NOR 121
-8.307886077 67.0457653 46.486754193222893 MNE 122
102.600736 31.72359543 55.415889093467548 IRQ 123
-54.63408535 -18.5548765 9.0133950348037999 GNB 124
-34.32880887 -16.68200026 9.8736795605342067 MLI 125
157.4847711 147.5424384 95.473937511733411 KAZ 126
