-54.34545251 94.76139608 49.368397802671034 HRV 0
165.9755242 95.67211112 44.522887117791335 UZB 1
59.57006838 103.6149018 56.288633951123799 BGR 2
-62.27571591 -52.90894699 65.61850632886707 GNQ 3
20.23546985 93.84205876 53.779084465077673 SRB 4
-28.34668378 -20.87293379 10.664792828498646 BFA 5
-24.85310504 -43.29700095 12.74686550124585 TGO 6
140.014566 60.99315954 85.698381669840728 TKM 7
105.4675066 219.0814277 45.959477166184897 LVA 8
-85.89825482 227.4307896 67.208747399207454 DEU 9
181.3065306 -23.11314859 46.661189155783539 THA 10
132.7196729 105.5278956 46.661189155783539 AZE 11
218.5961338 74.39248332 65.988886540565474 CHN 12
-31.01460534 -64.27413134 33.725036111885203 GAB 13
174.9068283 27.10696556 24.848215316316704 PAK 14
14.4233586 -33.39147512 6.9817457725167476 RWA 15
76.32954258 44.15784656 31.994378485495933 SYR 16
18.56889059 -45.40333222 14.533662791564524 ZMB 17
-62.16996776 261.3858862 51.463249564535673 DNK 18
177.2580519 53.89735301 18.471963031155848 NPL 19
-35.35003015 59.24191887 37.381147506716857 TUN 20
19.02740702 -6.860573604 34.908728862583743 EGY 21
194.1730871 97.18250805 32.247302409408611 KGZ 22
189.1679259 27.34637237 18.0267900696076 BGD 23
-39.82443803 30.82595691 45.604572417332243 DZA 24
-17.40383985 -16.71386202 6.9817457725167476 NER 25
170.5787749 39.06330152 13.3690253241415 AFG 26
133.7796145 -159.9980878 13.963491545033495 YEM 27
-192.9554783 54.6990776 48.202706309168761 PRT 28
8.724019883 -31.0953391 4.0309128011760764 COD 29
117.5060018 -51.57477025 110.61165527215444 KWT 30
192.8319822 -43.27729942 23.155831109088059 KHM 31
226.5004774 -69.85024436 35.600057933006831 IDN 32
183.4812593 74.29239446 24.185476807056457 TJK 33
-52.87045525 -23.96178165 8.0618256023521528 SLE 34
77.32490002 72.17063153 52.246601284630053 TUR 35
104.0186662 183.310168 59.788098835393114 BLR 36
31.12023554 128.2649368 54.2303853935597 HUN 37
21.89721139 61.04949271 44.886345288126989 MKD 38
299.4010705 -8.319892768 116.75739150462745 BRN 39
-11.57116724 -99.40898305 66.845126620707504 ZAF 40
-5.141554067 -19.95748742 5.7005715521665303 TCD 41
-151.7083361 130.7843031 49.859637740709964 FRA 42
34.37596037 -53.17221486 11.401143104333061 MOZ 43
28.92866838 -25.35852555 9.0133950348037999 ETH 44
28.89095764 -18.81012908 10.664792828498646 ERI 45
-121.1841635 82.78714403 59.515714280594544 AND 46
-17.35922657 102.4955252 61.924057445565516 BIH 47
2.586383545 -53.13756432 19.747359121068413 AGO 48
108.5786727 268.8716697 64.494604818817223 FIN 49
9.256128069 -22.00492681 16.123651204704306 SDN 50
195.0049194 45.18069085 38.240596503737549 BTN 51
199.507069 20.20423855 19.747359121068413 MMR 52
245.9439902 161.9437931 125.86521187531538 MNG 53
277.9767777 65.91343552 82.707415764842111 KOR 54
2.570667822 -25.89246854 4.0309128011760764 CAF 55
50.51732009 -0.3262451549 61.792723135584602 ISR 56
238.9588226 -1.883374992 39.08114958652579 VNM 57
-115.0356391 21.11205324 31.994378485495933 MAR 58
50.04576907 47.48616846 47.352503687498427 LBN 59
125.0444506 -122.1557969 102.76851515393882 SAU 60
138.0920036 7.784133492 72.219739832195017 IRN 61
36.4477331 -22.54650528 14.533662791564524 DJI 62
74.26793525 207.0643146 54.529177657061588 LTU 63
186.9890788 197.6843997 79.706140805949801 RUS 64
28.58049228 -62.08872625 20.553703030787766 ZWE 65
-51.63198824 4.564076045 20.553703030787766 MRT 66
10.68324379 -71.55778269 40.309128011760762 BWA 67
244.4841282 -202.418195 147.44547879910303 QAT 68
-59.1749762 -5.703836434 10.664792828498646 GMB 69
174.3151573 7.628171525 32.247302409408611 IND 70
-4.985345582 -27.03375038 12.092738403528228 CMR 71
-50.98636094 -30.17795243 10.664792828498646 LBR 72
-34.26280303 -39.65487563 17.570341550550975 GHA 73
61.97749711 141.6539774 46.661189155783539 ROU 74
107.9133694 145.5418149 53.627806853266648 UKR 75
16.33204973 -37.15406512 5.7005715521665303 BDI 76
32.33731663 -31.97832938 13.3690253241415 KEN 77
-47.30403809 -20.22240901 12.092738403528228 GIN 78
25.58221363 -43.863404 6.9817457725167476 MWI 79
-58.56072322 142.5698935 59.515714280594544 SVN 80
48.82234825 -62.29330859 24.519085349893274 LSO 81
-42.77633395 -32.73420753 15.082294657962107 CIV 82
41.97161722 -25.30758476 4.0309128011760764 SOM 83
14.28610511 -28.36391861 8.0618256023521528 SSD 84
243.517713 -69.17379521 15.082294657962107 TLS 85
-99.19591628 159.4123345 46.661189155783539 LIE 86
-169.0998909 230.2614945 65.121389272564087 BEL 87
-1.735387165 -41.24283948 18.0267900696076 COG 88
21.85358538 -37.58976934 10.664792828498646 TZA 89
-27.37850872 191.0485754 69.467493327264179 CZE 90
222.7750879 -34.76665355 70.396865649395025 MYS 91
1.826373608 151.1130003 57.43166701541135 SVK 92
19.19549358 -31.85406655 8.0618256023521528 UGA 93
247.7971682 111.522595 25.81043545618887 PRK 94
-128.9319247 199.1583209 87.573841876689386 LUX 95
-26.02836489 -30.9724348 18.0267900696076 BEN 96
22.29664781 28.07730027 54.2303853935597 GRC 97
-129.9039838 154.4406621 46.834974446907694 CHE 98
-50.18973848 -10.1618686 19.331578679605002 SEN 99
83.33593803 5.200841987 38.240596503737549 JOR 100
-125.0458116 251.1135441 68.762221321808539 NLD 101
225.3238578 -127.6359296 84.55314024151599 OMN 102
-85.68556009 69.46801309 54.379986740938982 ITA 103
223.1442774 24.06382112 52.246601284630053 LAO 104
106.5176974 88.33120661 34.203429312999177 ARM 105
181.6518744 -87.15063318 94.447306196980293 ARE 106
59.00899808 26.66826363 18.471963031155848 PSE 107
83.29569221 241.5708483 47.352503687498427 SWE 108
84.33256222 131.339832 27.33898075077996 MDA 109
-157.1719448 90.94530832 51.305143969498772 ESP 110
-15.14588076 -25.26949649 18.906656929110273 NGA 111
-4.604186156 41.33043329 30.432724271892816 ALB 112
35.10317667 -74.90586812 22.078218685404735 SWZ 113
105.3725602 112.5866559 38.240596503737549 GEO 114
-11.62959278 6.785564654 65.865657886738958 LBY 115
243.6527251 -57.01946581 20.945237317550244 PNG 116
39.62086993 185.4743162 68.168921005513624 POL 117
-70.40123312 181.7311378 62.835711952650733 AUT 118
256.8612509 27.31234631 49.532685770241244 HKG 119
140.0881677 234.7599779 68.049640212460133 EST 120
45.65625917 236.3877782 66.845126620707504 NOR 121
-8.281872374 66.99524449 46.486754193222893 MNE 122
102.0165628 30.15469026 55.415889093467548 IRQ 123
-54.59092513 -18.50599504 9.0133950348037999 GNB 124
-34.25219084 -16.74610335 9.8736795605342067 MLI 125
157.4948882 147.2492121 95.473937511733411 KAZ 126
