-30437.397930000 84752.43748 1095.35582913914 D 0
-31809.036850000 85309.8676 399.460905365955 NL 1
-31866.022560000 84591.10608 328.33779847008 B 2
-31540.875143125 84309.0229725 105.084910441398 L 3
-31823.364695000 83736.58779 535.443453619802 F 4
-30940.094735625 83520.11437 246.445960026984 CH 5
-30047.312460000 83363.53291 361.169667371522 A 6
-29295.839720000 83709.19599 465.971898389482 CZ 7
-28626.149800000 84684.6015025 716.968707570484 PL 8
-30549.534000625 86065.5254725 222.918758320481 DK 9
