16.07826442 44.67772485 42.72147279023433 HRV 0
63.93224213 41.29845784 21.895351451295877 UZB 1
24.96611812 43.41736364 37.392440294785203 BGR 2
10.14934462 2.422014264 27.039175635771741 GNQ 3
21.00190976 44.00381843 34.030084707942898 SRB 4
-2.276565216 12.40040265 11.31719461042784 BFA 5
1.201696279 8.262936871 11.473301220733907 TGO 6
59.7602823 39.73963632 28.087905024179275 TKM 7
25.14593776 56.8910907 44.575797561067851 LVA 8
8.5655131 51.28657094 57.474934860530666 DEU 9
100.4787795 14.92985769 32.120813266559274 THA 10
47.2887901 40.74390085 29.387805238340881 AZE 11
104.8603355 34.96048102 32.560844910971639 CHN 12
11.58817091 -0.8790519551 28.449735573337918 GAB 13
69.71345583 30.37652763 16.738356559039026 PAK 14
30.05746865 -2.027319261 11.589001302538628 RWA 15
38.30679866 34.81035385 15.92135287631193 SYR 16
29.93136535 -14.79348899 13.956598835819326 ZMB 17
10.4949449 56.85842418 60.468789735477664 DNK 18
83.99261006 27.54147246 15.32355394130915 NPL 19
9.024671475 33.4575785 24.934239455649134 TUN 20
30.43104186 26.90214722 26.658206494747144 EGY 21
75.18196208 40.88680672 16.631741738198304 KGZ 22
90.44309821 24.34769481 18.214277711256717 BGD 23
2.570816477 27.95595625 25.585649443722815 DZA 24
7.724094407 15.79062769 8.6436501594719761 NER 25
64.65396916 32.53886661 10.501912139858691 AFG 26
48.5310838 15.01946545 8.947027923083489 YEM 27
-7.574576559 39.65076171 44.814598185342291 PRT 28
24.65422607 0.0857109581 8.0578460948319055 COD 29
47.77191854 28.50507197 56.617400976279562 KWT 30
105.1328334 12.87849017 15.724611921192242 KHM 31
119.9298658 -4.870772584 26.356215809279057 IDN 32
70.86329187 38.89117329 16.604981074463122 TJK 33
-11.69658945 8.604684886 9.891311536566894 SLE 34
35.32192028 39.43284844 43.362072328976481 TUR 35
28.07117396 52.82020023 33.794035028366793 BLR 36
20.04666478 46.93595594 44.565819766301324 HUN 37
22.19159447 42.08954095 31.05075604439649 MKD 38
114.4838101 4.277950428 62.501250086970735 BRN 39
23.59599119 -28.72780018 28.008627685644814 ZAF 40
18.70151002 15.05197244 9.0949227014298195 TCD 41
11.89388185 44.21865411 56.475837590756768 SMR 42
2.125048398 46.55762386 52.754598197270077 FRA 43
34.78206294 -17.90906058 8.5401296567230958 MOZ 44
37.5890171 7.539967728 11.966591779564258 ETH 45
38.95162859 15.36900854 10.244683402439316 ERI 46
1.482164053 42.42213589 55.674833798851687 AND 47
17.82339156 43.81280895 30.384788296737526 BIH 48
18.78734315 -12.04799291 18.189845402859639 AGO 49
25.79552897 64.36320029 54.732284963048919 FIN 50
29.72290942 14.96445396 14.701467048304272 SDN 51
90.6556223 27.50053285 23.91459467588966 BTN 52
97.46647546 21.94481686 15.265399826618122 MMR 53
105.5986695 46.26041501 25.32358398833653 MNG 54
21.00083565 7.435226773 7.6617769706545751 CAF 55
34.303189 31.46512611 50.153037448770512 ISR 56
106.0292672 15.88059076 21.834333167908213 VNM 57
-4.538635146 32.58672117 21.024986828440454 MAR 58
35.41180424 33.63266676 24.025912242601439 LBN 59
45.27923291 24.90009398 52.847246241850243 SAU 60
52.4645719 32.01523934 28.056220970073944 IRN 61
42.78144479 10.94894289 17.440968232711608 DJI 62
23.51813492 55.63949426 47.931358821127766 LTU 63
99.69081803 60.60589713 40.564245478884196 RUS 64
30.00528953 -20.1277661 15.17775087349785 ZWE 65
-12.12202207 20.1122456 17.542665702391201 MRT 66
23.85487308 -21.82439177 31.321697741705524 BWA 67
51.40781318 25.43798185 72.649279079338811 QAT 68
-16.91406751 14.04627439 11.473301220733907 GMB 69
76.41062373 20.3642512 19.983921199787819 IND 70
12.41309692 5.826689785 14.821972892424723 CMR 71
-9.725070123 6.486746482 8.8470579929565893 LBR 72
-2.021824199 8.066252321 18.648586388090393 GHA 73
25.26893285 46.03409502 42.648542531096972 ROU 74
31.75478423 49.11856335 28.340102273155335 UKR 75
29.97976472 -4.005856584 6.6687208775344793 BDI 76
38.09134948 0.8310828146 16.470525573552042 KEN 77
-9.6358484 11.677804 12.260294161296828 GIN 78
34.04897672 -13.73226772 9.43099550868987 MWI 79
15.24335741 46.53422855 49.068373898398285 SVN 80
28.27922765 -29.40352217 12.792824721861408 LSO 81
-4.882838001 7.971965212 17.769357073667468 CIV 82
49.11983734 10.02000184 7.8339732343556454 SOM 83
29.74605886 8.073847211 6.8007875770503823 SSD 84
125.9637299 -8.181744759 16.443502543746042 TLS 85
10.18471855 47.57221247 94.309955086898682 LIE 86
3.453557134 50.82985686 56.286532574579084 BEL 87
14.93875896 -0.7344757947 13.237032986334555 COG 88
34.64806188 -6.358202266 12.688106796355417 TZA 89
15.44447215 49.97291907 48.448153908681213 CZE 90
112.5761579 2.55502456 40.18976438515535 MYS 91
19.19990127 48.80815368 43.115227406973105 SVK 92
32.11743027 0.6027989644 11.511997118855765 UGA 93
6.110204511 49.81160458 71.607282715001318 LUX 94
1.856338731 9.283799372 14.364864391320722 BEN 95
22.12953185 38.94735232 41.912260815032838 GRC 96
6.761600309 46.81580074 63.678428072855958 CHE 97
-13.88446848 14.23283354 14.24049093007811 SEN 98
36.74531827 30.76601469 24.520588322593657 JOR 99
6.062452467 52.69704232 58.235919987103522 NLD 100
56.33923197 20.80511059 40.487429579206825 OMN 101
12.54902614 41.906254 50.944837559798081 ITA 102
104.5565261 18.13215341 21.588535469851241 LAO 103
44.87266746 40.09450065 28.230043207777054 ARM 104
53.93547588 23.87110125 61.569306340608151 ARE 105
35.52760143 32.65472826 19.961654985408391 PSE 106
14.58138741 61.7724134 57.451717354085211 SWE 107
28.91330097 47.48774183 30.016652724218364 MDA 108
-4.611840018 40.26135113 48.199676602258769 ESP 109
7.741517645 10.18328945 17.028105728144482 NGA 110
19.67750848 40.90351483 29.25129340492505 ALB 111
30.89630932 -26.43500358 21.56792588475248 SWZ 112
43.40302985 42.36840623 29.808510967279723 GEO 113
16.13327211 24.89284836 30.472479065784146 LBY 114
146.7759515 -6.382838015 15.58256192857435 PNG 115
19.99817003 52.26331816 44.735139615417445 POL 116
13.49604399 48.10752729 56.993184311157663 AUT 117
114.175377 21.89070752 61.583750752851607 HKG 118
26.30435857 58.65198932 48.005527312409534 EST 119
9.833953345 61.61930131 62.586576065385223 NOR 120
18.80496473 42.05331332 35.526198311712655 MNE 121
43.89924082 32.96915808 24.593027441482548 IRQ 122
-14.91305953 11.99733501 10.752989313228532 GNB 123
-3.841933453 16.48693675 11.35642243900544 MLI 124
68.17834637 47.95771821 38.08767990055555 KAZ 125
