-11.78484347 52.53388419 42.72147279023433 HRV 0
118.3145124 67.10495273 21.895351451295877 UZB 1
42.39078233 48.1503086 37.392440294785203 BGR 2
-20.70902128 -29.1287969 27.039175635771741 GNQ 3
24.0717122 48.74004395 34.030084707942898 SRB 4
-39.89219629 -13.05847874 11.31719461042784 BFA 5
-31.76463806 -24.89880419 11.473301220733907 TGO 6
105.946197 71.91924331 28.087905024179275 TKM 7
93.68925722 120.3500144 44.575797561067851 LVA 8
-41.57931815 124.6610114 57.474934860530666 DEU 9
121.8694151 13.98204626 32.120813266559274 THA 10
93.9590837 61.32379578 29.387805238340881 AZE 11
142.5906974 56.58690412 32.560844910971639 CHN 12
-7.584738703 -34.78850607 28.449735573337918 GAB 13
109.1660036 32.59827695 16.738356559039026 PAK 14
16.95947003 -32.98906816 11.589001302538628 RWA 15
66.76468034 17.43649575 15.92135287631193 SYR 16
24.94767654 -39.06358248 13.956598835819326 ZMB 17
-17.68078603 147.3736807 60.468789735477664 DNK 18
112.9466454 40.59067289 15.32355394130915 NPL 19
-33.16699082 16.27629894 24.934239455649134 TUN 20
4.294152269 -9.909149099 26.658206494747144 EGY 21
132.0356596 63.55459458 16.631741738198304 KGZ 22
118.4531118 29.29891056 18.214277711256717 BGD 23
-48.34095225 2.336419672 25.585649443722815 DZA 24
-28.24390618 -11.63107596 8.6436501594719761 NER 25
106.2907994 39.01426913 10.501912139858691 AFG 26
69.10488451 -42.39304619 8.947027923083489 YEM 27
-136.9860094 42.16562305 44.814598185342291 PRT 28
12.34508986 -28.15010771 8.0578460948319055 COD 29
80.37928591 -0.360674665 56.617400976279562 KWT 30
130.0821951 4.55462362 15.724611921192242 KHM 31
136.8076783 -26.55369344 26.356215809279057 IDN 32
126.6131491 56.86826086 16.604981074463122 TJK 33
-53.8442208 -17.86124848 9.891311536566894 SLE 34
53.96556944 30.73510366 43.362072328976481 TUR 35
94.67884145 100.0224845 33.794035028366793 BLR 36
29.8609937 68.00926144 44.565819766301324 HUN 37
23.37416963 32.05586156 31.05075604439649 MKD 38
157.744614 1.93563606 62.501250086970735 BRN 39
17.15815285 -59.86202024 28.008627685644814 ZAF 40
-10.96455652 -10.4707163 9.0949227014298195 TCD 41
-36.76248664 40.35413903 56.475837590756768 SMR 42
-107.2130551 69.09411607 52.754598197270077 FRA 43
36.18830717 -44.9106566 8.5401296567230958 MOZ 44
31.81043993 -23.21822316 11.966591779564258 ETH 45
35.57005745 -18.91813315 10.244683402439316 ERI 46
-86.94537485 26.3735792 55.674833798851687 AND 47
7.89700217 52.23079027 30.384788296737526 BIH 48
7.536570605 -33.67878655 18.189845402859639 AGO 49
91.21024648 147.1495686 54.732284963048919 FIN 50
10.69161773 -19.00994704 14.701467048304272 SDN 51
122.6295544 43.65510811 23.91459467588966 BTN 52
126.7347809 32.08840113 15.265399826618122 MMR 53
135.2855079 73.89379299 25.32358398833653 MNG 54
1.58402651 -21.37623209 7.6617769706545751 CAF 55
25.63919715 -7.013277092 50.153037448770512 ISR 56
136.0446863 12.27709676 21.834333167908213 VNM 57
-94.43029104 -4.191597039 21.024986828440454 MAR 58
53.34460939 10.5513783 24.025912242601439 LBN 59
60.78884417 -28.84160192 52.847246241850243 SAU 60
94.39049385 29.29315424 28.056220970073944 IRN 61
43.75915216 -19.78429461 17.440968232711608 DJI 62
70.52270088 116.3083397 47.931358821127766 LTU 63
133.1777983 118.865511 40.564245478884196 RUS 64
28.86589904 -45.59034012 15.17775087349785 ZWE 65
-59.77341365 2.658739725 17.542665702391201 MRT 66
13.70605719 -44.87462334 31.321697741705524 BWA 67
89.94325807 -45.18784157 72.649279079338811 QAT 68
-67.00776498 -1.400160359 11.473301220733907 GMB 69
109.1388743 18.6283322 19.983921199787819 IND 70
-11.41063561 -20.44229949 14.821972892424723 CMR 71
-50.99934534 -22.00072738 8.8470579929565893 LBR 72
-39.25653151 -21.87617023 18.648586388090393 GHA 73
54.33897614 68.94780407 42.648542531096972 ROU 74
97.63876231 84.27439202 28.340102273155335 UKR 75
19.92792222 -37.27096323 6.6687208775344793 BDI 76
36.03459411 -29.42510046 16.470525573552042 KEN 77
-53.53744316 -11.53310493 12.260294161296828 GIN 78
33.72379229 -41.00015593 9.43099550868987 MWI 79
-10.06341249 78.70685085 49.068373898398285 SVN 80
29.00507526 -53.44207824 12.792824721861408 LSO 81
-46.858219 -16.48787688 17.769357073667468 CIV 82
50.33030702 -17.31077817 7.8339732343556454 SOM 83
13.77748289 -23.72238494 6.8007875770503823 SSD 84
148.3086552 -26.38508384 16.443502543746042 TLS 85
-50.49567012 83.89013794 94.309955086898682 LIE 86
-107.5615599 127.0923154 56.286532574579084 BEL 87
1.170752055 -28.64582086 13.237032986334555 COG 88
31.21006123 -35.88639139 12.688106796355417 TZA 89
9.177069721 112.2907929 48.448153908681213 CZE 90
133.9282135 -9.580525674 40.18976438515535 MYS 91
33.2122293 90.19713993 43.115227406973105 SVK 92
22.37274292 -30.61217766 11.511997118855765 UGA 93
-90.90517394 98.64455808 71.607282715001318 LUX 94
-31.96000839 -17.54610455 14.364864391320722 BEN 95
33.12810007 16.12686282 41.912260815032838 GRC 96
-80.18759082 56.30586266 63.678428072855958 CHE 97
-57.31948796 -5.758467851 14.24049093007811 SEN 98
52.06599298 -8.00030623 24.520588322593657 JOR 99
-70.37336838 132.984504 58.235919987103522 NLD 100
118.1351904 -37.6564195 40.487429579206825 OMN 101
-14.76514597 23.06835332 50.944837559798081 ITA 102
131.5350572 23.87278298 21.588535469851241 LAO 103
83.35576228 50.98570767 28.230043207777054 ARM 104
107.9935971 -12.76658067 61.569306340608151 ARE 105
45.97226724 1.909741353 19.961654985408391 PSE 106
62.36965432 144.0320659 57.451717354085211 SWE 107
69.33774037 80.04216692 30.016652724218364 MDA 108
-113.6037393 31.75979293 48.199676602258769 ESP 109
-23.61819609 -18.17471249 17.028105728144482 NGA 110
14.17960645 19.39803779 29.25129340492505 ALB 111
37.90707173 -52.98790548 21.56792588475248 SWZ 112
82.90154743 71.70646707 29.808510967279723 GEO 113
-14.9574336 -0.5020867038 30.472479065784146 LBY 114
150.9068794 -17.60349345 15.58256192857435 PNG 115
48.88203065 106.3368389 44.735139615417445 POL 116
-17.87313102 104.8297003 56.993184311157663 AUT 117
150.7010125 33.43841895 61.583750752851607 HKG 118
114.4481205 132.0507518 48.005527312409534 EST 119
33.46224289 131.3440236 62.586576065385223 NOR 120
6.065984982 33.99944937 35.526198311712655 MNE 121
76.90257637 20.46447064 24.593027441482548 IRQ 122
-59.96422521 -11.6859967 10.752989313228532 GNB 123
-47.88691991 -8.763481721 11.35642243900544 MLI 124
115.8003354 94.329508 38.08767990055555 KAZ 125
