-85.49981377 21.88187979 42.72147279023433 HRV 0
67.73786791 85.26764289 21.895351451295877 UZB 1
-9.169595153 56.72681785 37.392440294785203 BGR 2
-61.10063585 -71.80252578 27.039175635771741 GNQ 3
-30.81554041 43.0113175 34.030084707942898 SRB 4
-74.40297332 -45.68721094 11.31719461042784 BFA 5
-63.96848944 -58.39043545 11.473301220733907 TGO 6
52.78570877 94.37026012 28.087905024179275 TKM 7
40.15835167 154.7456681 44.575797561067851 LVA 8
-96.66290995 177.8120161 57.474934860530666 DEU 9
116.1818009 17.07895451 32.120813266559274 THA 10
41.26464909 77.60580145 29.387805238340881 AZE 11
114.9362249 95.58923479 32.560844910971639 CHN 12
-41.83759435 -75.18997576 28.449735573337918 GAB 13
88.94626736 59.80563415 16.738356559039026 PAK 14
-13.22978991 -52.32145495 11.589001302538628 RWA 15
31.43545012 22.68184732 15.92135287631193 SYR 16
-1.063804783 -65.39289613 13.956598835819326 ZMB 17
-56.82925076 220.6980419 60.468789735477664 DNK 18
100.1122697 61.90779266 15.32355394130915 NPL 19
-78.27037791 -7.171971887 24.934239455649134 TUN 20
-11.35939101 -28.99026906 26.658206494747144 EGY 21
97.74494853 90.18188948 16.631741738198304 KGZ 22
110.8388492 56.9482203 18.214277711256717 BGD 23
-88.87791174 -23.097814 25.585649443722815 DZA 24
-63.11303319 -41.6760969 8.6436501594719761 NER 25
81.30648139 70.98839449 10.501912139858691 AFG 26
78.95418342 -45.75556974 8.947027923083489 YEM 27
-217.2223259 43.47258282 44.814598185342291 PRT 28
-19.66084264 -54.90600053 8.0578460948319055 COD 29
71.09778773 4.347497068 56.617400976279562 KWT 30
134.723764 16.46349752 15.724611921192242 KHM 31
141.3334342 -28.80455585 26.356215809279057 IDN 32
94.65547756 78.73421143 16.604981074463122 TJK 33
-92.43142097 -50.06948694 9.891311536566894 SLE 34
-0.03978230429 29.9551297 43.362072328976481 TUR 35
34.18080718 128.167745 33.794035028366793 BLR 36
-32.15520384 73.91407016 44.565819766301324 HUN 37
-25.97518841 16.42109999 31.05075604439649 MKD 38
175.8541518 -0.6426154662 62.501250086970735 BRN 39
-4.424649444 -99.78532576 28.008627685644814 ZAF 40
-45.54270075 -44.05423548 9.0949227014298195 TCD 41
-111.6885218 81.16209743 56.475837590756768 SMR 42
-185.2840954 112.30357 52.754598197270077 FRA 43
15.94353364 -69.49503832 8.5401296567230958 MOZ 44
-2.670604412 -39.76403695 11.966591779564258 ETH 45
1.13267495 -32.7790274 10.244683402439316 ERI 46
-144.2765715 20.85386295 55.674833798851687 AND 47
-51.14215171 32.98759199 30.384788296737526 BIH 48
-18.97813766 -65.00897455 18.189845402859639 AGO 49
11.30353523 216.8988112 54.732284963048919 FIN 50
-22.861567 -38.9589021 14.701467048304272 SDN 51
108.4472594 73.20152623 23.91459467588966 BTN 52
121.0527266 63.93168858 15.265399826618122 MMR 53
115.855098 116.6419688 25.32358398833653 MNG 54
-30.61008215 -51.54890944 7.6617769706545751 CAF 55
-1.488720979 -3.720505322 50.153037448770512 ISR 56
140.1462951 47.5598869 21.834333167908213 VNM 57
-135.0215864 -29.1654241 21.024986828440454 MAR 58
19.79637885 14.57597387 24.025912242601439 LBN 59
52.95488836 -33.7348447 52.847246241850243 SAU 60
59.60048678 41.58636191 28.056220970073944 IRN 61
12.24241127 -31.72950058 17.440968232711608 DJI 62
4.771118745 147.9159767 47.931358821127766 LTU 63
67.19722992 142.3426597 40.564245478884196 RUS 64
8.57350043 -74.1694267 15.17775087349785 ZWE 65
-104.394683 -24.15123097 17.542665702391201 MRT 66
-9.297308416 -79.49750145 31.321697741705524 BWA 67
93.26545248 -70.69754411 72.649279079338811 QAT 68
-109.1675189 -33.22635606 11.473301220733907 GMB 69
99.58445506 46.689536 19.983921199787819 IND 70
-44.70367292 -54.03201221 14.821972892424723 CMR 71
-91.1330552 -56.56698869 8.8470579929565893 LBR 72
-74.07465729 -62.27389171 18.648586388090393 GHA 73
-3.946261995 87.8973815 42.648542531096972 ROU 74
32.59684138 106.5371223 28.340102273155335 UKR 75
-7.733075913 -58.86923673 6.6687208775344793 BDI 76
4.862245306 -46.3735056 16.470525573552042 KEN 77
-93.04771633 -42.26912204 12.260294161296828 GIN 78
9.148062179 -65.50724814 9.43099550868987 MWI 79
-75.03250518 65.01700073 49.068373898398285 SVN 80
17.7548657 -79.16430851 12.792824721861408 LSO 81
-82.60488464 -52.68980867 17.769357073667468 CIV 82
16.60834818 -39.4930916 7.8339732343556454 SOM 83
-17.9173458 -44.67009034 6.8007875770503823 SSD 84
156.2321773 -31.95033104 16.443502543746042 TLS 85
-123.8560277 132.4347589 94.309955086898682 LIE 86
-192.9773281 215.7581127 56.286532574579084 BEL 87
-28.97541062 -60.2417849 13.237032986334555 COG 88
1.020740113 -56.22800087 12.688106796355417 TZA 89
-74.29189008 140.9069193 48.448153908681213 CZE 90
139.8252051 -4.751516049 40.18976438515535 MYS 91
-38.53203236 104.1089137 43.115227406973105 SVK 92
-5.281128221 -50.47721027 11.511997118855765 UGA 93
-176.6413855 172.8132325 71.607282715001318 LUX 94
-66.16313408 -49.51151314 14.364864391320722 BEN 95
-34.39076312 -10.01885003 41.912260815032838 GRC 96
-154.0430446 86.11355295 63.678428072855958 CHE 97
-99.74409886 -34.70347688 14.24049093007811 SEN 98
22.62433152 -15.82969679 24.520588322593657 JOR 99
-135.9894032 211.0458628 58.235919987103522 NLD 100
127.5752145 -49.42688281 40.487429579206825 OMN 101
-114.1171051 43.02416711 50.944837559798081 ITA 102
124.9359195 51.5369083 21.588535469851241 LAO 103
26.77170434 59.83471747 28.230043207777054 ARM 104
106.2829611 -18.84538356 61.569306340608151 ARE 105
24.92661905 -0.01073420848 19.961654985408391 PSE 106
-8.278579979 183.2127708 57.451717354085211 SWE 107
11.60864645 109.3809497 30.016652724218364 MDA 108
-181.3970458 21.95127195 48.199676602258769 ESP 109
-55.01863097 -49.34661029 17.028105728144482 NGA 110
-59.21235687 -11.93350615 29.25129340492505 ALB 111
25.17143738 -88.79814183 21.56792588475248 SWZ 112
23.49031639 87.98056505 29.808510967279723 GEO 113
-49.9493091 -30.88752698 30.472479065784146 LBY 114
153.3291017 -20.08536317 15.58256192857435 PNG 115
-12.54208143 120.3207301 44.735139615417445 POL 116
-77.51970944 103.783204 56.993184311157663 AUT 117
171.797517 48.74454947 61.583750752851607 HKG 118
29.81594545 185.3509041 48.005527312409534 EST 119
-35.06984285 151.2303047 62.586576065385223 NOR 120
-58.54518133 11.02609475 35.526198311712655 MNE 121
44.74050313 27.96632111 24.593027441482548 IRQ 122
-101.0780449 -43.47317221 10.752989313228532 GNB 123
-83.09259049 -42.46671288 11.35642243900544 MLI 124
57.04699535 117.0352306 38.08767990055555 KAZ 125
