-2.941582218 1.626958178 0.640624695121877 HRV 0
2.853139532 1.773383421 0.32832910318764 UZB 1
-0.1806447299 2.033241864 0.560713830755046 BGR 2
-2.489621577 -2.040787068 0.405462698654266 GNQ 3
-1.184770272 2.069347159 0.510294032886922 SRB 4
-2.569530812 -0.7334129464 0.169705627484771 BFA 5
-2.316807237 -1.402947606 0.172046505340852 TGO 6
2.370297942 2.302905438 0.421188793773055 TKM 7
1.604081653 4.272297944 0.668430998682736 LVA 8
-3.047630069 5.946302371 0.86185845705661 DEU 9
3.657013284 -0.149975409 0.481663783151691 THA 10
2.120461709 1.542135541 0.440681290730614 AZE 11
4.480296634 1.747926904 0.488262224629347 CHN 12
-1.719948963 -2.113108304 0.42661458015403 GAB 13
2.903365993 0.9821155898 0.250998007960222 PAK 14
-0.8698709524 -1.490343601 0.173781471969827 RWA 15
1.099806358 0.577697753 0.238746727726266 SYR 16
-0.6016329359 -2.08487778 0.209284495364563 ZMB 17
-1.398410233 7.055316744 0.906752446922532 DNK 18
3.344914242 1.04964159 0.229782505861521 NPL 19
-2.887757627 0.642637323 0.373898381916799 TUN 20
-0.9323226277 -0.5851528385 0.399749921826133 EGY 21
3.813796457 1.911287603 0.249399278266798 KGZ 22
3.72264695 0.741090806 0.273130005674953 BGD 23
-2.731083497 -0.049883479 0.383666521865016 DZA 24
-2.276708829 -0.7954450835 0.129614813968157 NER 25
3.049901154 1.359619086 0.157480157480236 AFG 26
2.021613508 -2.531377802 0.134164078649987 YEM 27
-6.510949036 1.463579834 0.672011904656458 PRT 28
-1.140576315 -1.449851572 0.120830459735946 COD 29
2.436811833 -0.4656808342 0.848999411071644 KWT 30
4.3703914 -0.123911501 0.235796522451032 KHM 31
4.796152731 -1.85301716 0.395221456907389 IDN 32
3.381133799 1.678904947 0.248997991959774 TJK 33
-3.53561618 -0.836637425 0.148323969741913 SLE 34
0.4775737825 1.120819889 0.650230728280355 TUR 35
0.7338895319 3.612850721 0.506754378372796 BLR 36
-1.439076713 3.136749111 0.668281377864145 HUN 37
-0.7539142502 1.271268765 0.465617869072911 MKD 38
5.415034644 -0.436661076 0.937229961108799 BRN 39
-0.357686673 -3.110052989 0.419999999999998 ZAF 40
-1.642828883 -1.089547354 0.136381816969858 TCD 41
-3.948251286 4.50171167 0.846876614389604 SMR 42
-5.124133415 5.468548203 0.791075217662643 FRA 43
-0.050232075 -2.179419493 0.128062484748657 MOZ 44
-0.2837390904 -1.241234004 0.179443584449264 ETH 45
-0.489469604 -1.008344266 0.153622914957372 ERI 46
-6.842197715 2.829179391 0.834865258589671 AND 47
-2.077020967 2.165709508 0.45563142999578 BIH 48
-1.034118201 -1.877831044 0.272763633939717 AGO 49
4.010489459 3.69736614 0.820731381147328 FIN 50
-1.162296171 -1.113489387 0.220454076850486 SDN 51
3.82009558 1.319900402 0.358608421540821 BTN 52
4.181374588 0.904540714 0.228910462845192 MMR 53
4.164524862 2.553569073 0.37973675092095 MNG 54
-1.379223523 -1.338843077 0.11489125293076 CAF 55
0.03351954611 -0.1243837161 0.752063827078525 ISR 56
4.67745032 0.737392412 0.327414110874897 VNM 57
-3.657647642 0.595581251 0.315277655408689 MAR 58
1.056620473 0.02150482516 0.360277670693037 LBN 59
1.318004412 -1.731327428 0.792464510246356 SAU 60
2.295648024 0.759782421 0.420713679359253 IRN 61
0.099280579 -1.092902312 0.26153393661244 DJI 62
1.181306663 5.489805667 0.718748913042654 LTU 63
2.406352322 3.29193916 0.608276253029821 RUS 64
-0.3363979463 -2.392126976 0.227596133534821 ZWE 65
-3.309898826 0.1856349733 0.263058928759318 MRT 66
-1.008688762 -2.570693777 0.469680742632695 BWA 67
1.603871418 -3.589511718 1.08940350651171 QAT 68
-3.676354926 -0.300983838 0.172046505340852 GMB 69
3.216974448 0.5746383159 0.299666481275434 IND 70
-1.73789394 -1.435361484 0.222261107708928 CMR 71
-3.27857093 -0.89258649 0.132664991614216 LBR 72
-2.735254198 -1.453570913 0.279642629082191 GHA 73
-0.2240587532 3.147521479 0.639531078212779 ROU 74
1.392644107 3.051214305 0.424970587217514 UKR 75
-0.7148706689 -1.692041798 0.1 BDI 76
-0.079365315 -1.580689157 0.246981780704569 KEN 77
-3.170145358 -0.610794488 0.183847763108502 GIN 78
-0.263303214 -2.007162781 0.141421356237309 MWI 79
-2.780995773 3.019940565 0.735798885565886 SVN 80
0.242698292 -3.17648828 0.191833260932508 LSO 81
-2.909305973 -0.9769730949 0.266458251889484 CIV 82
0.229736345 -1.424576182 0.117473401244707 SOM 83
-0.863696545 -1.233185532 0.101980390271856 SSD 84
5.254055181 -2.290242085 0.246576560118759 TLS 85
-7.527391667 4.883953133 1.41421356237309 LIE 86
-4.470429972 6.880203269 0.844037913840366 BEL 87
-1.398517017 -1.629364746 0.198494332412792 COG 88
-0.4505831596 -1.74569094 0.190262975904404 TZA 89
-1.377978313 5.530000778 0.726498451478047 CZE 90
4.113718999 -1.130468005 0.602660766932775 MYS 91
-0.931707317 4.253624549 0.646529195009783 SVK 92
-0.5548988779 -1.424214082 0.17262676501632 UGA 93
-6.280999757 6.84865788 1.07377837564369 LUX 94
-2.470727844 -1.077299119 0.21540659228538 BEN 95
-1.165776081 0.3419323042 0.628490254498827 GRC 96
-5.507574701 3.892391683 0.954882191686491 CHE 97
-3.298169036 -0.2570076693 0.213541565040626 SEN 98
1.277065401 -0.6180369922 0.367695526217004 JOR 99
-2.947453118 7.671401403 0.873269717784832 NLD 100
3.176786119 -3.442022665 0.607124369466422 OMN 101
-4.174358868 3.013379145 0.76393717019137 ITA 102
4.181541067 0.38999212 0.323728281124774 LAO 103
1.473941425 1.066097365 0.423320209770335 ARM 104
2.87957823 -2.051594809 0.923255111006701 ARE 105
0.677734068 -0.905066235 0.299332590941915 PSE 106
5.538901644 4.400181521 0.861510301737592 SWE 107
0.699353759 2.597422232 0.450111097397074 MDA 108
-5.29448498 2.139297567 0.722772439983706 ESP 109
-2.034248144 -1.1050907 0.255342906696074 NGA 110
-2.151409582 0.4581085418 0.438634243989227 ALB 111
0.154838735 -2.576063157 0.323419232575925 SWZ 112
1.301106572 1.879948035 0.44698993277254 GEO 113
-1.775452633 -0.494611717 0.456946386351833 LBY 114
5.422640354 -1.876397302 0.233666428910958 PNG 115
0.2461651097 4.594589148 0.670820393249936 POL 116
-2.368440929 4.438817635 0.854634424768858 AUT 117
5.797742423 1.271758359 0.923471710449215 HKG 118
2.863011535 4.552930113 0.719861097712607 EST 119
4.172825489 5.364869282 0.938509456532003 NOR 120
-1.801191439 1.289853935 0.532728824074688 MNE 121
1.649009674 0.3499719935 0.368781778291714 IRQ 122
-3.487078409 -0.5495148515 0.161245154965971 GNB 123
-2.833706995 -0.556978081 0.170293863659264 MLI 124
3.270922513 2.500120483 0.571139212451744 KAZ 125
