-2.93312644 1.635297844 0.640624695121877 HRV 0
2.848525989 1.776583294 0.32832910318764 UZB 1
-0.175826549 2.050991768 0.560713830755046 BGR 2
-2.5047845 -2.041465379 0.405462698654266 GNQ 3
-1.204122528 2.052354426 0.510294032886922 SRB 4
-2.569128316 -0.7477210167 0.169705627484771 BFA 5
-2.331554666 -1.40867467 0.172046505340852 TGO 6
2.355010143 2.287393446 0.421188793773055 TKM 7
1.669563678 4.267986459 0.668430998682736 LVA 8
-3.045786893 6.000019258 0.86185845705661 DEU 9
3.679880624 -0.1598316913 0.481663783151691 THA 10
2.118292788 1.538200439 0.440681290730614 AZE 11
4.467448203 1.749399833 0.488262224629347 CHN 12
-1.749892869 -2.115866139 0.42661458015403 GAB 13
2.920170395 0.9769176162 0.250998007960222 PAK 14
-0.8707476697 -1.503073352 0.173781471969827 RWA 15
1.088595113 0.5725747786 0.238746727726266 SYR 16
-0.6087476906 -2.078194754 0.209284495364563 ZMB 17
-1.312022334 7.128241819 0.906752446922532 DNK 18
3.354528349 1.065460044 0.229782505861521 NPL 19
-2.885925054 0.6425026987 0.373898381916799 TUN 20
-0.92201577 -0.5819680558 0.399749921826133 EGY 21
3.814322862 1.910113658 0.249399278266798 KGZ 22
3.71321945 0.7460407116 0.273130005674953 BGD 23
-2.752688159 -0.05755992924 0.383666521865016 DZA 24
-2.281705093 -0.8014134467 0.129614813968157 NER 25
3.036507246 1.343627054 0.157480157480236 AFG 26
1.875255503 -2.470321854 0.134164078649987 YEM 27
-6.594781805 1.424087716 0.672011904656458 PRT 28
-1.13377791 -1.448679386 0.120830459735946 COD 29
2.425445331 -0.4743890848 0.848999411071644 KWT 30
4.33093729 -0.3525228344 0.235796522451032 KHM 31
4.097851067 -2.137353606 0.395221456907389 IDN 32
3.374677421 1.675735114 0.248997991959774 TJK 33
-3.3217813 -0.8774269411 0.148323969741913 SLE 34
0.4883441508 1.123455266 0.650230728280355 TUR 35
0.7864729042 3.610070226 0.506754378372796 BLR 36
-1.462139693 3.198438222 0.668281377864145 HUN 37
-0.7228284601 1.284074114 0.465617869072911 MKD 38
5.483848538 -0.8274623974 0.937229961108799 BRN 39
-0.3661877714 -3.116601027 0.419999999999998 ZAF 40
-1.648349287 -1.092663012 0.136381816969858 TCD 41
-3.926397302 4.516915885 0.846876614389604 SMR 42
-5.107331188 5.452230266 0.791075217662643 FRA 43
-0.05046997564 -2.179686942 0.128062484748657 MOZ 44
-0.2882658886 -1.255768676 0.179443584449264 ETH 45
-0.5176399925 -1.050487811 0.153622914957372 ERI 46
-6.869866758 2.841692247 0.834865258589671 AND 47
-2.085307834 2.164384033 0.45563142999578 BIH 48
-1.038999591 -1.878178681 0.272763633939717 AGO 49
4.532103735 3.716627345 0.820731381147328 FIN 50
-1.160668152 -1.108804457 0.220454076850486 SDN 51
3.829804749 1.314120234 0.358608421540821 BTN 52
4.181815246 0.9078015516 0.228910462845192 MMR 53
4.141260189 2.572238384 0.37973675092095 MNG 54
-1.386454901 -1.347498441 0.11489125293076 CAF 55
0.06609645416 -0.1131828364 0.752063827078525 ISR 56
4.679222351 0.07065551557 0.327414110874897 VNM 57
-3.711156843 0.5902256737 0.315277655408689 MAR 58
1.07041592 0.02676334904 0.360277670693037 LBN 59
1.320446762 -1.73882254 0.792464510246356 SAU 60
2.291927687 0.769016445 0.420713679359253 IRN 61
0.09687233813 -1.093080297 0.26153393661244 DJI 62
1.236915505 5.456997972 0.718748913042654 LTU 63
2.390748599 3.282120674 0.608276253029821 RUS 64
-0.3423979404 -2.385475902 0.227596133534821 ZWE 65
-3.315438961 0.1823278768 0.263058928759318 MRT 66
-1.016885508 -2.560377044 0.469680742632695 BWA 67
1.62775878 -3.590813289 1.08940350651171 QAT 68
-3.676489401 -0.2907155047 0.172046505340852 GMB 69
3.220440775 0.573206159 0.299666481275434 IND 70
-1.731726365 -1.439082106 0.222261107708928 CMR 71
-3.250465288 -1.125288533 0.132664991614216 LBR 72
-2.742373012 -1.452926203 0.279642629082191 GHA 73
-0.2145248793 3.185198983 0.639531078212779 ROU 74
1.372979516 2.994955385 0.424970587217514 UKR 75
-0.7108022011 -1.694668714 0.1 BDI 76
-0.07475432717 -1.580651605 0.246981780704569 KEN 77
-3.170127119 -0.610254352 0.183847763108502 GIN 78
-0.2333005804 -1.991260808 0.141421356237309 MWI 79
-2.778013264 3.006056894 0.735798885565886 SVN 80
0.2360366486 -3.220102828 0.191833260932508 LSO 81
-2.913251593 -0.980064938 0.266458251889484 CIV 82
0.241783184 -1.424452739 0.117473401244707 SOM 83
-0.8636020925 -1.233623747 0.101980390271856 SSD 84
4.627700744 -2.488784464 0.246576560118759 TLS 85
-7.586860082 4.855145349 1.41421356237309 LIE 86
-4.43085023 6.950046701 0.844037913840366 BEL 87
-1.40177104 -1.637748754 0.198494332412792 COG 88
-0.4395816814 -1.754105401 0.190262975904404 TZA 89
-1.3434338 5.567016213 0.726498451478047 CZE 90
4.075757048 -1.142282925 0.602660766932775 MYS 91
-0.8899383646 4.272218767 0.646529195009783 SVK 92
-0.5631486808 -1.431412897 0.17262676501632 UGA 93
-6.277540138 6.871714492 1.07377837564369 LUX 94
-2.475238855 -1.086014299 0.21540659228538 BEN 95
-1.163198543 0.389152498 0.628490254498827 GRC 96
-5.446829661 3.895414809 0.954882191686491 CHE 97
-3.303905681 -0.2528456965 0.213541565040626 SEN 98
1.269979268 -0.6062049618 0.367695526217004 JOR 99
-2.899455315 7.729790272 0.873269717784832 NLD 100
3.172159361 -3.447032461 0.607124369466422 OMN 101
-4.149212036 3.016857379 0.76393717019137 ITA 102
4.182117145 0.3952886532 0.323728281124774 LAO 103
1.466755163 1.095626732 0.423320209770335 ARM 104
2.850982295 -2.062107382 0.923255111006701 ARE 105
0.6754075243 -0.9038132024 0.299332590941915 PSE 106
4.794882915 5.337672463 0.861510301737592 SWE 107
0.6629259557 2.604297866 0.450111097397074 MDA 108
-5.449229738 2.211230534 0.722772439983706 ESP 109
-2.041385653 -1.102153398 0.255342906696074 NGA 110
-2.140662061 0.4701041159 0.438634243989227 ALB 111
0.1409925949 -2.61064295 0.323419232575925 SWZ 112
1.32282095 1.923835926 0.44698993277254 GEO 113
-1.775533345 -0.5097408956 0.456946386351833 LBY 114
4.670700766 -1.932380773 0.233666428910958 PNG 115
0.2781056712 4.568493396 0.670820393249936 POL 116
-2.376674508 4.424679246 0.854634424768858 AUT 117
5.564256621 0.9297993566 0.923471710449215 HKG 118
2.479980091 5.980508231 0.719861097712607 EST 119
3.154246503 4.627335069 0.938509456532003 NOR 120
-1.822138506 1.297490685 0.532728824074688 MNE 121
1.641059211 0.3674758307 0.368781778291714 IRQ 122
-3.484312737 -0.5460208579 0.161245154965971 GNB 123
-2.833680323 -0.5587126353 0.170293863659264 MLI 124
3.260276747 2.485769509 0.571139212451744 KAZ 125
