15.98694658 44.71869997 42.72147279023433 HRV 0
63.95982197 41.36987418 21.895351451295877 UZB 1
24.99066228 43.35013177 37.392440294785203 BGR 2
10.1095384 2.318720346 27.039175635771741 GNQ 3
20.97636094 44.03195101 34.030084707942898 SRB 4
-2.291213054 12.43128037 11.31719461042784 BFA 5
1.208662141 8.341905073 11.473301220733907 TGO 6
59.79823398 39.70698536 28.087905024179275 TKM 7
25.17186198 56.9276021 44.575797561067851 LVA 8
8.557366634 51.18005599 57.474934860530666 DEU 9
100.5773025 15.04456356 32.120813266559274 THA 10
47.21591607 40.777266 29.387805238340881 AZE 11
104.8407339 34.99077004 32.560844910971639 CHN 12
11.51158604 -0.8950221486 28.449735573337918 GAB 13
69.66384084 30.4028455 16.738356559039026 PAK 14
30.03106734 -1.992268537 11.589001302538628 RWA 15
38.26055029 34.70458404 15.92135287631193 SYR 16
29.97132236 -14.80943889 13.956598835819326 ZMB 17
10.54872796 56.89114643 60.468789735477664 DNK 18
84.05736413 27.54920677 15.32355394130915 NPL 19
8.97514652 33.44575483 24.934239455649134 TUN 20
30.43311818 26.95165742 26.658206494747144 EGY 21
75.17397926 40.86235417 16.631741738198304 KGZ 22
90.46006911 24.4024759 18.214277711256717 BGD 23
2.500485483 28.01582718 25.585649443722815 DZA 24
7.776704074 15.79779439 8.6436501594719761 NER 25
64.66840141 32.48152826 10.501912139858691 AFG 26
48.55166507 15.09012983 8.947027923083489 YEM 27
-7.504343701 39.57856883 44.814598185342291 PRT 28
24.65413681 0.1361545698 8.0578460948319055 COD 29
47.82098165 28.59648208 56.617400976279562 KWT 30
105.0884157 12.91457633 15.724611921192242 KHM 31
119.9286274 -4.904020146 26.356215809279057 IDN 32
70.89866612 38.94154549 16.604981074463122 TJK 33
-11.68482863 8.573610641 9.891311536566894 SLE 34
35.34372592 39.32100472 43.362072328976481 TUR 35
28.05635187 52.93487144 33.794035028366793 BLR 36
19.97509944 47.06015028 44.565819766301324 HUN 37
22.20472553 42.1379537 31.05075604439649 MKD 38
114.5121904 4.286415774 62.501250086970735 BRN 39
23.57206987 -28.78806459 28.008627685644814 ZAF 40
18.63443371 15.03997982 9.0949227014298195 TCD 41
11.96258233 44.21267869 56.475837590756768 SMR 42
2.088137418 46.49855524 52.754598197270077 FRA 43
34.76552425 -18.00980532 8.5401296567230958 MOZ 44
37.56184384 7.50813668 11.966591779564258 ETH 45
38.98963442 15.32793056 10.244683402439316 ERI 46
1.533561475 42.45356956 55.674833798851687 AND 47
17.8261061 43.83490031 30.384788296737526 BIH 48
18.78775072 -12.13549638 18.189845402859639 AGO 49
25.7761358 64.39713375 54.732284963048919 FIN 50
29.72704242 14.90604078 14.701467048304272 SDN 51
90.67298703 27.51858214 23.91459467588966 BTN 52
97.43868572 21.94856223 15.265399826618122 MMR 53
105.6285375 46.25843608 25.32358398833653 MNG 54
21.02585892 7.418223511 7.6617769706545751 CAF 55
34.24715576 31.38428176 50.153037448770512 ISR 56
106.0620397 15.87007252 21.834333167908213 VNM 57
-4.552577274 32.44002238 21.024986828440454 MAR 58
35.43135307 33.6790209 24.025912242601439 LBN 59
45.25826129 24.94739434 52.847246241850243 SAU 60
52.41473989 31.99752762 28.056220970073944 IRN 61
42.74452368 10.9566109 17.440968232711608 DJI 62
23.57695211 55.66906097 47.931358821127766 LTU 63
99.70642393 60.60533919 40.564245478884196 RUS 64
29.98596089 -20.08413681 15.17775087349785 ZWE 65
-12.15009481 20.05928661 17.542665702391201 MRT 66
23.83800819 -21.78031352 31.321697741705524 BWA 67
51.42584799 25.37061596 72.649279079338811 QAT 68
-16.97542948 14.044828 11.473301220733907 GMB 69
76.35552405 20.31744135 19.983921199787819 IND 70
12.39267608 5.88650211 14.821972892424723 CMR 71
-9.822574363 6.563056217 8.8470579929565893 LBR 72
-1.93682007 8.12675254 18.648586388090393 GHA 73
25.24095438 45.99538821 42.648542531096972 ROU 74
31.83084917 49.14392224 28.340102273155335 UKR 75
29.95945049 -3.989257283 6.6687208775344793 BDI 76
38.03382498 0.8552530823 16.470525573552042 KEN 77
-9.623653643 11.66478598 12.260294161296828 GIN 78
34.0938327 -13.79397201 9.43099550868987 MWI 79
15.14093555 46.50379537 49.068373898398285 SVN 80
28.28632803 -29.39825783 12.792824721861408 LSO 81
-4.853366714 7.904137678 17.769357073667468 CIV 82
49.08321284 10.02534528 7.8339732343556454 SOM 83
29.71450611 8.072702393 6.8007875770503823 SSD 84
125.9222645 -8.216172269 16.443502543746042 TLS 85
10.21467691 47.53385512 94.309955086898682 LIE 86
3.61873671 50.86035009 56.286532574579084 BEL 87
14.93595198 -0.7640041443 13.237032986334555 COG 88
34.57995955 -6.371180163 12.688106796355417 TZA 89
15.49623708 49.91447019 48.448153908681213 CZE 90
112.5574929 2.541807299 40.18976438515535 MYS 91
19.18157847 48.79330106 43.115227406973105 SVK 92
32.11733606 0.6415576143 11.511997118855765 UGA 93
6.153399022 49.79108161 71.607282715001318 LUX 94
1.868021145 9.33475613 14.364864391320722 BEN 95
22.1511612 38.97920037 41.912260815032838 GRC 96
6.787888236 46.95143452 63.678428072855958 CHE 97
-13.82308504 14.17870985 14.24049093007811 SEN 98
36.70984884 30.75928747 24.520588322593657 JOR 99
6.153850452 52.62920723 58.235919987103522 NLD 100
56.32675453 20.8487846 40.487429579206825 OMN 101
12.51106089 41.89200846 50.944837559798081 ITA 102
104.5433558 18.11991849 21.588535469851241 LAO 103
44.89046567 40.09496407 28.230043207777054 ARM 104
53.90626658 23.83100669 61.569306340608151 ARE 105
35.54817743 32.5868409 19.961654985408391 PSE 106
14.57411784 61.71190809 57.451717354085211 SWE 107
28.86364182 47.42241144 30.016652724218364 MDA 108
-4.596944922 40.12182279 48.199676602258769 ESP 109
7.745529605 10.12834825 17.028105728144482 NGA 110
19.69585651 40.95739837 29.25129340492505 ALB 111
30.87067931 -26.39261732 21.56792588475248 SWZ 112
43.44589133 42.27965206 29.808510967279723 GEO 113
16.0166573 24.94476252 30.472479065784146 LBY 114
146.8110347 -6.371435994 15.58256192857435 PNG 115
19.94899256 52.23136307 44.735139615417445 POL 116
13.43869779 48.02752245 56.993184311157663 AUT 117
114.1665151 21.97975124 61.583750752851607 HKG 118
26.31999449 58.55454219 48.005527312409534 EST 119
9.867200212 61.65295111 62.586576065385223 NOR 120
18.85785556 42.08623294 35.526198311712655 MNE 121
43.91438821 32.99457041 24.593027441482548 IRQ 122
-14.94985357 11.93396304 10.752989313228532 GNB 123
-3.855282547 16.59480924 11.35642243900544 MLI 124
68.23377482 47.94611342 38.08767990055555 KAZ 125
