-77.83183878 44.2692695 19.264420471400086 HRV 0
85.15585059 57.63219477 9.8732845376824923 UZB 1
9.936143708 66.14178688 16.861396511946289 BGR 2
-79.64567162 -62.64862196 12.192792397518055 GNQ 3
-17.3176597 53.81193705 15.345207402143455 SRB 4
-82.04161732 -24.46730253 5.1032696508951281 BFA 5
-75.60618106 -44.99108365 5.1736629024121594 TGO 6
75.33218709 76.08464304 12.665696597197595 TKM 7
80.61759198 142.4224194 20.100592301226026 LVA 8
-55.95131653 209.5925422 25.917208359274831 DEU 9
116.0785633 -11.84117552 14.484258435766579 THA 10
58.25715682 59.09199706 13.251861414581803 AZE 11
140.3816184 61.45149435 14.682682180666569 CHN 12
-56.44727318 -63.29351788 12.828857073256442 GAB 13
96.68161673 36.37235007 7.5478376023416258 PAK 14
-26.90521959 -47.38639964 5.2258356127352705 RWA 15
37.22452123 25.22676052 7.1794256201981899 SYR 16
-18.42967238 -64.38855001 6.2934578506697987 ZMB 17
-4.151420708 231.3163257 27.267229212360071 DNK 18
110.0704139 35.63259555 6.9098597721808614 NPL 19
-84.627074 16.80168128 11.243612208004224 TUN 20
-22.49728872 -26.10873151 12.021001744247231 EGY 21
119.4191194 61.58064694 7.4997617144329087 KGZ 22
121.2835418 27.20552272 8.2133756515226999 BGD 23
-88.40443618 -3.986799593 11.537352921746415 DZA 24
-73.34910313 -26.80357708 3.8976865778329643 NER 25
96.25099147 48.56501537 4.7356338160276499 AFG 26
65.3326737 -62.9264502 4.0344889027102369 YEM 27
-200.5597982 98.64431234 20.208274816233033 PRT 28
-35.10887896 -46.92048227 3.6335295842177717 COD 29
63.30157672 -13.1597676 25.530520067983936 KWT 30
135.9289867 -14.36615967 7.0907090981349121 KHM 31
128.2978134 -64.88798385 11.884824895385567 IDN 32
108.5887558 52.15059712 7.4876945115810853 TJK 33
-103.6152748 -25.96422925 4.4602953037141759 SLE 34
10.20560662 32.36887997 19.553286422457251 TUR 35
54.23597774 121.7694272 15.238765372351526 BLR 36
-28.19604158 84.83243345 20.096093007985285 HUN 37
-20.56631328 26.78775423 14.00173686265933 MKD 38
176.4982131 -45.04691094 28.183727831095947 BRN 39
-28.09556055 -103.1529835 12.629948017300075 ZAF 40
-51.69516194 -35.00705908 4.1011791877005876 TCD 41
-103.5632693 106.1543339 25.466684801923318 SMR 42
-165.186014 156.2132908 23.788663992508425 FRA 43
-1.77566483 -71.30784302 3.8510060127186216 MOZ 44
-12.4270811 -38.74207428 5.396102722933799 ETH 45
-7.618787604 -30.79387075 4.6196415004231435 ERI 46
-148.1697149 35.14470341 25.105487660565103 AND 47
-44.07023791 57.03520567 13.701431609273353 BIH 48
-33.49715944 -57.95361862 8.2023583754011753 AGO 49
79.46207807 225.8020469 24.68046352394677 FIN 50
-37.90511003 -33.97093878 6.6293417400559864 SDN 51
123.7835265 44.64699334 10.78382314911099 BTN 52
134.6327841 32.36667205 6.8836363008354153 MMR 53
140.7391513 85.65780479 11.419179581881027 MNG 54
-42.44397364 -42.14876949 3.4549298860904307 CAF 55
2.542726881 -5.984105094 22.615540575460816 ISR 56
149.4278496 6.76616011 9.8457695249535355 VNM 57
-137.6800811 4.830144902 9.4808104733999681 MAR 58
28.53274926 10.95773125 10.834019649159535 LBN 59
39.47674504 -55.13494774 23.83044183325396 SAU 60
72.30243366 29.95218192 12.651409286843837 IRN 61
3.627675539 -34.23310178 7.8646667242261312 DJI 62
46.85385331 161.7613009 21.613717640999241 LTU 63
82.19834798 106.3886199 18.291660609344568 RUS 64
-11.78626085 -74.60304874 6.8441127035316036 ZWE 65
-107.6772942 5.289752459 7.9105252278972173 MRT 66
-31.04197084 -78.51485766 14.123912771851986 BWA 67
65.73337563 -100.6053173 32.759784897874447 QAT 68
-115.2765239 -5.289293602 5.1736629024121594 GMB 69
106.798458 20.40984397 9.0113620977046587 IND 70
-55.47570038 -44.6725891 6.6836815157888152 CMR 71
-103.8913638 -33.79629206 3.9894093995311866 LBR 72
-88.25818639 -45.59171451 8.409218735069528 GHA 73
5.290683384 99.29337726 19.23153398398874 ROU 74
56.26991772 89.99814067 12.779420060568356 UKR 75
-22.07780137 -55.11767578 3.007130480309542 BDI 76
-3.384262389 -46.56126143 7.4270644083783761 KEN 77
-99.73798503 -17.55015774 5.5285421218030555 GIN 78
-7.360915841 -65.01363523 4.2527247090792732 MWI 79
-67.18448857 81.15233526 22.126432561629684 SVN 80
-1.950180392 -80.93544393 5.7686764608732073 LSO 81
-93.08000315 -31.14404238 8.012747309868665 CIV 82
6.547809352 -44.39250959 3.5325784550859218 SOM 83
-28.35039941 -39.01459239 3.0666833998035994 SSD 84
144.9188558 -71.53389684 7.4148788966299843 TLS 85
-105.0623659 169.2086134 42.527247090792734 LIE 86
-132.8640499 268.813161 25.381321372462484 BEL 87
-44.43176097 -50.66050007 5.9689835716720125 COG 88
-11.51974069 -55.64596565 5.7214559411653463 TZA 89
-45.4144951 166.5637907 21.846756373373175 CZE 90
134.1848055 -37.68628262 18.12279561530271 MYS 91
-16.90605175 127.4700329 19.441976487239145 SVK 92
-17.24410139 -47.29887634 5.191112067978108 UGA 93
-153.088634 219.2951867 32.289916824954069 LUX 94
-79.44557335 -34.88983398 6.4775572932097685 BEN 95
-35.46900087 0.1559251537 18.899522008809228 GRC 96
-153.741405 108.8816241 28.714553437252313 CHE 97
-104.7922935 -7.686028701 6.4214734904666955 SEN 98
27.14800306 -25.21812693 11.057084243606111 JOR 99
-88.89098893 245.0461936 26.260359858820799 NLD 100
113.3893342 -89.96729135 18.257021967611877 OMN 101
-112.6863316 62.15117665 22.972587495238901 ITA 102
134.3639181 16.90937018 9.7349318150852078 LAO 103
37.10294637 47.55126529 12.729791057314021 ARM 104
93.84897574 -52.01966965 27.763485854098267 ARE 105
31.84398785 -7.139469865 9.0013215797146149 PSE 106
37.47451015 204.8641296 25.906738874557885 SWE 107
35.48032271 102.783945 13.53542800508324 MDA 108
-176.5580232 68.03024402 21.734710346027015 ESP 109
-66.52727822 -37.23603035 7.6784943765659976 NGA 110
-64.63482915 6.088395043 13.190304048075344 ALB 111
2.698462182 -94.53345273 9.7256383219738343 SWZ 112
37.78629246 73.65247171 13.441570512318185 GEO 113
-59.09568857 -18.77177492 13.740974062659014 LBY 114
145.4210845 -58.12767676 7.0266544060322582 PNG 115
22.80418188 131.3701083 20.172444513551184 POL 116
-59.8785221 124.9047128 25.699972282442506 AUT 117
184.3066488 7.558862384 27.769999281954238 HKG 118
81.66459728 181.7140974 21.647162485206668 EST 119
0.8544670541 170.5222628 28.22220392796136 NOR 120
-48.46383419 29.82166269 16.019850846144543 MNE 121
53.07122508 19.22743476 11.089749260837733 IRQ 122
-109.3606194 -17.33655658 4.8488522030040686 GNB 123
-90.02643492 -19.35169931 5.1209586801945024 MLI 124
103.18382 77.79609263 17.174901342636304 KAZ 125
