-2.941211223 1.631688557 0.640624695121877 HRV 0
2.846230402 1.773548968 0.32832910318764 UZB 1
-0.1760708953 2.059467186 0.560713830755046 BGR 2
-2.510099184 -2.043507194 0.405462698654266 GNQ 3
-1.199663446 2.054079386 0.510294032886922 SRB 4
-2.570692785 -0.743927021 0.169705627484771 BFA 5
-2.330083617 -1.412272249 0.172046505340852 TGO 6
2.358701109 2.297179279 0.421188793773055 TKM 7
1.615431172 4.260034906 0.668430998682736 LVA 8
-3.047630069 6.001470046 0.86185845705661 DEU 9
3.680166589 -0.1654109533 0.481663783151691 THA 10
2.124491423 1.537934801 0.440681290730614 AZE 11
4.478043164 1.754865542 0.488262224629347 CHN 12
-1.746652085 -2.11809793 0.42661458015403 GAB 13
2.916565436 0.9783213606 0.250998007960222 PAK 14
-0.8708507524 -1.501909994 0.173781471969827 RWA 15
1.088255508 0.5780568505 0.238746727726266 SYR 16
-0.6094996991 -2.079043715 0.209284495364563 ZMB 17
-1.310220512 7.127082166 0.906752446922532 DNK 18
3.35124583 1.064926906 0.229782505861521 NPL 19
-2.887757627 0.6426373225 0.373898381916799 TUN 20
-0.9239491874 -0.5802325385 0.399749921826133 EGY 21
3.81503023 1.910515498 0.249399278266798 KGZ 22
3.715593088 0.7467467455 0.273130005674953 BGD 23
-2.754910777 -0.05516657843 0.383666521865016 DZA 24
-2.279114824 -0.8018637745 0.129614813968157 NER 25
3.036458161 1.343224352 0.157480157480236 AFG 26
1.874985843 -2.469776402 0.134164078649987 YEM 27
-6.597956559 1.426291168 0.672011904656458 PRT 28
-1.137259328 -1.448898988 0.120830459735946 COD 29
2.426651709 -0.4769240792 0.848999411071644 KWT 30
4.331383736 -0.3537736553 0.235796522451032 KHM 31
4.097995589 -2.139141713 0.395221456907389 IDN 32
3.375177627 1.677071034 0.248997991959774 TJK 33
-3.321495945 -0.8766677208 0.148323969741913 SLE 34
0.4774566745 1.124521927 0.650230728280355 TUR 35
0.7606208881 3.594382081 0.506754378372796 BLR 36
-1.461264289 3.197538519 0.668281377864145 HUN 37
-0.7224187615 1.286842928 0.465617869072911 MKD 38
5.48726546 -0.8288537982 0.937229961108799 BRN 39
-0.367317595 -3.119683908 0.419999999999998 ZAF 40
-1.649988724 -1.089849457 0.136381816969858 TCD 41
-3.929974167 4.521859295 0.846876614389604 SMR 42
-5.1085388 5.465810477 0.791075217662643 FRA 43
-0.05023207471 -2.179419493 0.128062484748657 MOZ 44
-0.2878151227 -1.253861305 0.179443584449264 ETH 45
-0.5183303619 -1.050260028 0.153622914957372 ERI 46
-6.874356567 2.845258578 0.834865258589671 AND 47
-2.083047507 2.166220757 0.45563142999578 BIH 48
-1.038708267 -1.877845082 0.272763633939717 AGO 49
4.332874248 3.722093652 0.820731381147328 FIN 50
-1.163968183 -1.109325584 0.220454076850486 SDN 51
3.831064219 1.317914391 0.358608421540821 BTN 52
4.183441053 0.9065801358 0.228910462845192 MMR 53
4.142506835 2.573369488 0.37973675092095 MNG 54
-1.386551706 -1.347162105 0.11489125293076 CAF 55
0.05176645839 -0.1144773186 0.752063827078525 ISR 56
4.682065171 0.06775471765 0.327414110874897 VNM 57
-3.711825403 0.591523575 0.315277655408689 MAR 58
1.067550913 0.02622030495 0.360277670693037 LBN 59
1.31139689 -1.736494925 0.792464510246356 SAU 60
2.294812194 0.7621748653 0.420713679359253 IRN 61
0.09928057917 -1.092902312 0.26153393661244 DJI 62
1.229597264 5.479273585 0.718748913042654 LTU 63
2.383680731 3.278146099 0.608276253029821 RUS 64
-0.3436175189 -2.384914715 0.227596133534821 ZWE 65
-3.315646149 0.1858477133 0.263058928759318 MRT 66
-1.015484597 -2.561890878 0.469680742632695 BWA 67
1.620769796 -3.59673207 1.08940350651171 QAT 68
-3.676354926 -0.2902793212 0.172046505340852 GMB 69
3.218017797 0.5698145147 0.299666481275434 IND 70
-1.733982559 -1.43841856 0.222261107708928 CMR 71
-3.251034665 -1.125937798 0.132664991614216 LBR 72
-2.744305788 -1.454812945 0.279642629082191 GHA 73
-0.2160473849 3.190625597 0.639531078212779 ROU 74
1.374455966 2.99199745 0.424970587217514 UKR 75
-0.7095495054 -1.696046238 0.1 BDI 76
-0.07267271975 -1.582883524 0.246981780704569 KEN 77
-3.170692892 -0.6091541874 0.183847763108502 GIN 78
-0.2319735668 -1.991706581 0.141421356237309 MWI 79
-2.772263123 3.021424156 0.735798885565886 SVN 80
0.2364261401 -3.220718264 0.191833260932508 LSO 81
-2.913731532 -0.9788990657 0.266458251889484 CIV 82
0.2425205581 -1.424576182 0.117473401244707 SOM 83
-0.863696545 -1.233185532 0.101980390271856 SSD 84
4.626159349 -2.488585839 0.246576560118759 TLS 85
-7.589539284 4.857529202 1.41421356237309 LIE 86
-4.433141306 6.954780601 0.844037913840366 BEL 87
-1.40098126 -1.637344312 0.198494332412792 COG 88
-0.4388954042 -1.752587248 0.190262975904404 TZA 89
-1.343501318 5.567289444 0.726498451478047 CZE 90
4.074711335 -1.143136615 0.602660766932775 MYS 91
-0.896567724 4.270104103 0.646529195009783 SVK 92
-0.559298647 -1.431766356 0.17262676501632 UGA 93
-6.280999757 6.873516832 1.07377837564369 LUX 94
-2.47508465 -1.085835914 0.21540659228538 BEN 95
-1.167020459 0.3814642728 0.628490254498827 GRC 96
-5.469186857 3.897155372 0.954882191686491 CHE 97
-3.302583822 -0.2533413839 0.213541565040626 SEN 98
1.272288354 -0.6128946231 0.367695526217004 JOR 99
-2.897734976 7.73354902 0.873269717784832 NLD 100
3.177628567 -3.447394506 0.607124369466422 OMN 101
-4.154818052 3.011965868 0.76393717019137 ITA 102
4.1802285 0.3971270702 0.323728281124774 LAO 103
1.466668942 1.088836632 0.423320209770335 ARM 104
2.8583733 -2.066169521 0.923255111006701 ARE 105
0.6777340684 -0.9050662354 0.299332590941915 PSE 106
4.79234454 5.340372225 0.861510301737592 SWE 107
0.6639576834 2.603077928 0.450111097397074 MDA 108
-5.45032347 2.21147009 0.722772439983706 ESP 109
-2.041415424 -1.104665921 0.255342906696074 NGA 110
-2.147562678 0.4617009926 0.438634243989227 ALB 111
0.1418490496 -2.611673356 0.323419232575925 SWZ 112
1.322928071 1.923591033 0.44698993277254 GEO 113
-1.776692594 -0.5037487419 0.456946386351833 LBY 114
4.67152694 -1.932635834 0.233666428910958 PNG 115
0.280001802 4.57123505 0.670820393249936 POL 116
-2.364015941 4.429890807 0.854634424768858 AUT 117
5.563696441 0.9336921977 0.923471710449215 HKG 118
2.437026384 6.099762931 0.719861097712607 EST 119
3.032802928 4.691658744 0.938509456532003 NOR 120
-1.818141528 1.294388554 0.532728824074688 MNE 121
1.645440639 0.3693993762 0.368781778291714 IRQ 122
-3.484378713 -0.5471638209 0.161245154965971 GNB 123
-2.832777668 -0.5598820646 0.170293863659264 MLI 124
3.261871529 2.491054306 0.571139212451744 KAZ 125
