-77.83382519 44.27321905 19.264420471400086 HRV 0
85.16042901 57.62671721 9.8732845376824923 UZB 1
9.938857508 66.15408437 16.861396511946289 BGR 2
-79.64735369 -62.66503469 12.192792397518055 GNQ 3
-17.32022513 53.8163379 15.345207402143455 SRB 4
-82.03462483 -24.46516903 5.1032696508951281 BFA 5
-75.60575832 -44.99449616 5.1736629024121594 TGO 6
75.3431765 76.08667495 12.665696597197595 TKM 7
80.61759198 142.4224194 20.100592301226026 LVA 8
-55.94314349 209.627907 25.917208359274831 DEU 9
116.0764356 -11.83813436 14.484258435766579 THA 10
58.26024501 59.09332339 13.251861414581803 AZE 11
140.387647 61.4520688 14.682682180666569 CHN 12
-56.4448914 -63.30293087 12.828857073256442 GAB 13
96.67579445 36.37239204 7.5478376023416258 PAK 14
-26.90580705 -47.38509124 5.2258356127352705 RWA 15
37.21873894 25.2385169 7.1794256201981899 SYR 16
-18.43874546 -64.3927789 6.2934578506697987 ZMB 17
-4.153135169 231.3169749 27.267229212360071 DNK 18
110.0669723 35.633164 6.9098597721808614 NPL 19
-84.62250381 16.7989711 11.243612208004224 TUN 20
-22.49666162 -26.10880782 12.021001744247231 EGY 21
119.4191194 61.58064694 7.4997617144329087 KGZ 22
121.2804359 27.2028171 8.2133756515226999 BGD 23
-88.41947702 -3.989789689 11.537352921746415 DZA 24
-73.34742038 -26.82097118 3.8976865778329643 NER 25
96.25099147 48.56501537 4.7356338160276499 AFG 26
65.3326737 -62.9264502 4.0344889027102369 YEM 27
-200.5667273 98.65517266 20.208274816233033 PRT 28
-35.11105377 -46.92145517 3.6335295842177717 COD 29
63.32126012 -13.14626495 25.530520067983936 KWT 30
135.9307169 -14.36028484 7.0907090981349121 KHM 31
128.3008878 -64.89280474 11.884824895385567 IDN 32
108.5863073 52.15099585 7.4876945115810853 TJK 33
-103.6175969 -25.96509691 4.4602953037141759 SLE 34
10.23045281 32.37557883 19.553286422457251 TUR 35
54.24203111 121.7745515 15.238765372351526 BLR 36
-28.20496657 84.83940959 20.096093007985285 HUN 37
-20.55928002 26.786141 14.00173686265933 MKD 38
176.5042946 -45.05086329 28.183727831095947 BRN 39
-28.09372308 -103.1640643 12.629948017300075 ZAF 40
-51.6785198 -35.01485135 4.1011791877005876 TCD 41
-103.5817771 106.1785861 25.466684801923318 SMR 42
-165.1990049 156.2381252 23.788663992508425 FRA 43
-1.77566483 -71.30784302 3.8510060127186216 MOZ 44
-12.42451241 -38.74198864 5.396102722933799 ETH 45
-7.618818408 -30.79034304 4.6196415004231435 ERI 46
-148.1696975 35.1435925 25.105487660565103 AND 47
-44.07194074 57.05117833 13.701431609273353 BIH 48
-33.49460527 -57.95674462 8.2023583754011753 AGO 49
79.49736963 225.8163069 24.68046352394677 FIN 50
-37.90952066 -33.96807867 6.6293417400559864 SDN 51
123.7841747 44.64694504 10.78382314911099 BTN 52
134.63389 32.36335676 6.8836363008354153 MMR 53
140.7400439 85.6628163 11.419179581881027 MNG 54
-42.44410275 -42.15013414 3.4549298860904307 CAF 55
2.548303781 -5.980349459 22.615540575460816 ISR 56
149.4299689 6.759504681 9.8457695249535355 VNM 57
-137.6779775 4.823394262 9.4808104733999681 MAR 58
28.55079119 10.95206676 10.834019649159535 LBN 59
39.47807513 -55.14298391 23.83044183325396 SAU 60
72.31039984 29.95546413 12.651409286843837 IRN 61
3.626181287 -34.23465066 7.8646667242261312 DJI 62
46.8611392 161.7899198 21.613717640999241 LTU 63
82.20984179 106.390893 18.291660609344568 RUS 64
-11.78895269 -74.60578165 6.8441127035316036 ZWE 65
-107.6789158 5.295168529 7.9105252278972173 MRT 66
-31.05096333 -78.52288515 14.123912771851986 BWA 67
65.72591297 -100.6378877 32.759784897874447 QAT 68
-115.2775886 -5.289604848 5.1736629024121594 GMB 69
106.798458 20.40984397 9.0113620977046587 IND 70
-55.47317675 -44.67353587 6.6836815157888152 CMR 71
-103.8965982 -33.79859266 3.9894093995311866 LBR 72
-88.25598325 -45.60234609 8.409218735069528 GHA 73
5.28422179 99.31029704 19.23153398398874 ROU 74
56.27623378 90.00084637 12.779420060568356 UKR 75
-22.07780137 -55.11767578 3.007130480309542 BDI 76
-3.38765297 -46.56460417 7.4270644083783761 KEN 77
-99.73919099 -17.54974886 5.5285421218030555 GIN 78
-7.360915841 -65.01363523 4.2527247090792732 MWI 79
-67.20033444 81.16730136 22.126432561629684 SVN 80
-1.948455633 -80.93493234 5.7686764608732073 LSO 81
-93.08169849 -31.15318533 8.012747309868665 CIV 82
6.547112938 -44.39583542 3.5325784550859218 SOM 83
-28.35039941 -39.01459239 3.0666833998035994 SSD 84
144.9248416 -71.53885828 7.4148788966299843 TLS 85
-105.0703827 169.2358285 42.527247090792734 LIE 86
-132.8607399 268.8222544 25.381321372462484 BEL 87
-44.43185331 -50.66322979 5.9689835716720125 COG 88
-11.52324639 -55.65208838 5.7214559411653463 TZA 89
-45.41000835 166.5903232 21.846756373373175 CZE 90
134.1845117 -37.68424912 18.12279561530271 MYS 91
-16.91067416 127.4961206 19.441976487239145 SVK 92
-17.24295798 -47.29988263 5.191112067978108 UGA 93
-153.126249 219.3109108 32.289916824954069 LUX 94
-79.44666333 -34.89179735 6.4775572932097685 BEN 95
-35.47110426 0.1563877142 18.899522008809228 GRC 96
-153.7693375 108.8940489 28.714553437252313 CHE 97
-104.790929 -7.682370193 6.4214734904666955 SEN 98
27.16014054 -25.21570217 11.057084243606111 JOR 99
-88.91285479 245.0658445 26.260359858820799 NLD 100
113.3965303 -89.98782224 18.257021967611877 OMN 101
-112.6902263 62.16790802 22.972587495238901 ITA 102
134.3642986 16.90602522 9.7349318150852078 LAO 103
37.10186693 47.55150136 12.729791057314021 ARM 104
93.84032323 -52.03986288 27.763485854098267 ARE 105
31.85423494 -7.149147478 9.0013215797146149 PSE 106
37.49670419 204.8861346 25.906738874557885 SWE 107
35.48126513 102.7857821 13.53542800508324 MDA 108
-176.5727246 68.026191 21.734710346027015 ESP 109
-66.5254384 -37.23376852 7.6784943765659976 NGA 110
-64.64117067 6.092857498 13.190304048075344 ALB 111
2.698574626 -94.53620355 9.7256383219738343 SWZ 112
37.78629246 73.65247171 13.441570512318185 GEO 113
-59.0931642 -18.78630463 13.740974062659014 LBY 114
145.4219767 -58.12929101 7.0266544060322582 PNG 115
22.82167103 131.3813831 20.172444513551184 POL 116
-59.87999751 124.9248195 25.699972282442506 AUT 117
184.3148169 7.56273576 27.769999281954238 HKG 118
81.69362682 181.7188616 21.647162485206668 EST 119
0.8676827056 170.5399414 28.22220392796136 NOR 120
-48.45843411 29.83154834 16.019850846144543 MNE 121
53.06930449 19.24046579 11.089749260837733 IRQ 122
-109.3633038 -17.33462315 4.8488522030040686 GNB 123
-90.02723439 -19.35888162 5.1209586801945024 MLI 124
103.1861956 77.79257472 17.174901342636304 KAZ 125
