-90.47039401 27.97478396 42.72147279023433 HRV 0
62.22090824 83.11206231 21.895351451295877 UZB 1
-12.63366 58.3882905 37.392440294785203 BGR 2
-60.66973804 -72.32665952 27.039175635771741 GNQ 3
-33.50885055 43.93169982 34.030084707942898 SRB 4
-74.4391331 -45.78938294 11.31719461042784 BFA 5
-63.79697453 -58.58253982 11.473301220733907 TGO 6
47.80376759 93.4322807 28.087905024179275 TKM 7
31.11902816 154.3306147 44.575797561067851 LVA 8
-104.9517222 173.8202084 57.474934860530666 DEU 9
116.1409722 17.35442675 32.120813266559274 THA 10
35.5719629 77.15376817 29.387805238340881 AZE 11
114.5004291 95.94534811 32.560844910971639 CHN 12
-41.17293523 -75.41851915 28.449735573337918 GAB 13
88.68220035 60.01625927 16.738356559039026 PAK 14
-13.19881707 -52.46287611 11.589001302538628 RWA 15
29.27801009 22.57934922 15.92135287631193 SYR 16
-0.5667739745 -65.64204566 13.956598835819326 ZMB 17
-57.35246709 220.5626531 60.468789735477664 DNK 18
99.90977456 62.16670223 15.32355394130915 NPL 19
-80.79633187 -5.809261677 24.934239455649134 TUN 20
-11.49131122 -28.96420705 26.658206494747144 EGY 21
97.16789009 90.59412604 16.631741738198304 KGZ 22
110.772059 57.16025353 18.214277711256717 BGD 23
-90.79340366 -20.83307109 25.585649443722815 DZA 24
-63.74361179 -41.78000939 8.6436501594719761 NER 25
79.13311927 71.56021201 10.501912139858691 AFG 26
79.04467751 -45.50962346 8.947027923083489 YEM 27
-217.3248085 42.95732696 44.814598185342291 PRT 28
-19.68061103 -55.0937869 8.0578460948319055 COD 29
71.0872779 4.516090261 56.617400976279562 KWT 30
134.6843426 16.78294297 15.724611921192242 KHM 31
141.3174104 -28.49323922 26.356215809279057 IDN 32
94.42769574 78.96089453 16.604981074463122 TJK 33
-92.24186918 -50.32019296 9.891311536566894 SLE 34
-3.606520534 31.17671077 43.362072328976481 TUR 35
24.93792985 127.2624113 33.794035028366793 BLR 36
-38.07537165 72.48974174 44.565819766301324 HUN 37
-26.79585301 16.62458875 31.05075604439649 MKD 38
176.0520449 -0.2590563652 62.501250086970735 BRN 39
-3.832288822 -100.3132169 28.008627685644814 ZAF 40
-46.12408611 -43.80137461 9.0949227014298195 TCD 41
-114.8701011 73.7333057 56.475837590756768 SMR 42
-191.5326786 105.9915076 52.754598197270077 FRA 43
16.15759365 -69.72863575 8.5401296567230958 MOZ 44
-2.607571992 -39.70979934 11.966591779564258 ETH 45
1.210405852 -32.77624914 10.244683402439316 ERI 46
-148.3774114 8.407736509 55.674833798851687 AND 47
-54.36061051 34.63294405 30.384788296737526 BIH 48
-18.38885498 -65.08024952 18.189845402859639 AGO 49
3.252166243 217.1530539 54.732284963048919 FIN 50
-22.89261427 -38.6896218 14.701467048304272 SDN 51
108.2733601 73.45849852 23.91459467588966 BTN 52
120.9497557 64.24846451 15.265399826618122 MMR 53
115.5781607 116.9163863 25.32358398833653 MNG 54
-31.05991677 -51.13932963 7.6617769706545751 CAF 55
-2.034215931 -3.237576089 50.153037448770512 ISR 56
140.0057514 47.91198414 21.834333167908213 VNM 57
-136.5739085 -29.4665708 21.024986828440454 MAR 58
17.81831077 14.25826028 24.025912242601439 LBN 59
53.03474022 -33.60916954 52.847246241850243 SAU 60
56.04652705 41.12702556 28.056220970073944 IRN 61
12.29868047 -31.60553392 17.440968232711608 DJI 62
-1.140368571 148.0306945 47.931358821127766 LTU 63
59.09215271 142.9982725 40.564245478884196 RUS 64
8.724783664 -74.20880927 15.17775087349785 ZWE 65
-105.6888114 -24.28497176 17.542665702391201 MRT 66
-8.529203773 -79.68911648 31.321697741705524 BWA 67
93.0865956 -70.97478642 72.649279079338811 QAT 68
-109.2042977 -33.95259549 11.473301220733907 GMB 69
99.47345277 46.92556507 19.983921199787819 IND 70
-44.55057871 -54.13820061 14.821972892424723 CMR 71
-91.40455099 -56.94489208 8.8470579929565893 LBR 72
-74.16457831 -63.31087688 18.648586388090393 GHA 73
-8.871011271 87.23832807 42.648542531096972 ROU 74
26.97327783 105.3391308 28.340102273155335 UKR 75
-7.593448246 -58.88740986 6.6687208775344793 BDI 76
5.009335098 -46.40117783 16.470525573552042 KEN 77
-92.87845871 -42.45024285 12.260294161296828 GIN 78
9.279850021 -65.45391431 9.43099550868987 MWI 79
-78.01671773 67.48423066 49.068373898398285 SVN 80
18.13201735 -79.39110212 12.792824721861408 LSO 81
-82.5662327 -53.45117299 17.769357073667468 CIV 82
16.71417883 -39.46653185 7.8339732343556454 SOM 83
-18.14506965 -44.6901849 6.8007875770503823 SSD 84
156.2818963 -31.51317531 16.443502543746042 TLS 85
-130.3739682 126.4311789 94.309955086898682 LIE 86
-193.7968349 213.1512023 56.286532574579084 BEL 87
-28.8226326 -60.65596863 13.237032986334555 COG 88
1.020477927 -56.30287858 12.688106796355417 TZA 89
-82.53125687 143.700754 48.448153908681213 CZE 90
139.6710123 -4.312150383 40.18976438515535 MYS 91
-44.40292862 102.900896 43.115227406973105 SVK 92
-5.249878501 -50.41776412 11.511997118855765 UGA 93
-176.9746139 170.7428186 71.607282715001318 LUX 94
-66.16582822 -49.65170205 14.364864391320722 BEN 95
-37.02638162 -8.720817284 41.912260815032838 GRC 96
-160.4509079 79.09129738 63.678428072855958 CHE 97
-99.65195873 -34.93738458 14.24049093007811 SEN 98
21.48824975 -15.4358518 24.520588322593657 JOR 99
-136.4895072 210.7227762 58.235919987103522 NLD 100
127.6920696 -49.12420457 40.487429579206825 OMN 101
-122.9388797 36.32597513 50.944837559798081 ITA 102
124.9140044 51.70916792 21.588535469851241 LAO 103
25.23271124 58.42051 28.230043207777054 ARM 104
106.3273533 -18.59328499 61.569306340608151 ARE 105
24.56023715 0.2044640763 19.961654985408391 PSE 106
-16.31986798 182.4417078 57.451717354085211 SWE 107
6.420547482 109.0676883 30.016652724218364 MDA 108
-183.8467641 20.98353398 48.199676602258769 ESP 109
-54.89933313 -49.47091033 17.028105728144482 NGA 110
-62.26664209 -10.97301659 29.25129340492505 ALB 111
25.64139722 -89.07707335 21.56792588475248 SWZ 112
17.16170699 87.20089868 29.808510967279723 GEO 113
-50.64440913 -30.523627 30.472479065784146 LBY 114
153.4012955 -19.68799903 15.58256192857435 PNG 115
-18.4467052 120.0781194 44.735139615417445 POL 116
-79.85793859 105.0013703 56.993184311157663 AUT 117
171.6814383 49.151823 61.583750752851607 HKG 118
21.64147147 185.7294469 48.005527312409534 EST 119
-43.60406016 149.7758788 62.586576065385223 NOR 120
-60.49750964 11.96186061 35.526198311712655 MNE 121
42.51185948 28.17649648 24.593027441482548 IRQ 122
-100.9936772 -43.76090554 10.752989313228532 GNB 123
-83.70661558 -42.92091582 11.35642243900544 MLI 124
49.60559824 116.807352 38.08767990055555 KAZ 125
