-81.95486216 24.37777107 42.72147279023433 HRV 0
67.5999208 84.4014497 21.895351451295877 UZB 1
-7.018059637 58.06310245 37.392440294785203 BGR 2
-61.24004845 -72.2719246 27.039175635771741 GNQ 3
-28.89824172 43.49405401 34.030084707942898 SRB 4
-74.21481467 -45.53146021 11.31719461042784 BFA 5
-63.84548815 -58.18400484 11.473301220733907 TGO 6
52.55674816 93.59653687 28.087905024179275 TKM 7
40.38771939 151.9888563 44.575797561067851 LVA 8
-94.25864012 177.9402645 57.474934860530666 DEU 9
116.1740842 17.13136674 32.120813266559274 THA 10
42.0129394 76.59122596 29.387805238340881 AZE 11
114.8930894 95.6410771 32.560844910971639 CHN 12
-42.19872818 -75.64084767 28.449735573337918 GAB 13
88.98621772 59.85184648 16.738356559039026 PAK 14
-13.10096056 -53.10929961 11.589001302538628 RWA 15
30.92547229 22.59313587 15.92135287631193 SYR 16
-1.171892591 -65.06384957 13.956598835819326 ZMB 17
-56.92881014 220.6723816 60.468789735477664 DNK 18
100.0231636 61.8645928 15.32355394130915 NPL 19
-78.26713439 -7.207281861 24.934239455649134 TUN 20
-12.43961651 -28.08494136 26.658206494747144 EGY 21
97.70343705 90.26013798 16.631741738198304 KGZ 22
110.8131464 56.99821807 18.214277711256717 BGD 23
-88.17768303 -24.43332728 25.585649443722815 DZA 24
-63.15137822 -41.94391413 8.6436501594719761 NER 25
81.20784668 71.15201601 10.501912139858691 AFG 26
78.96698382 -45.75480276 8.947027923083489 YEM 27
-217.241916 43.37458125 44.814598185342291 PRT 28
-19.67918133 -54.9927721 8.0578460948319055 COD 29
71.09581917 4.379571505 56.617400976279562 KWT 30
134.716323 16.52427479 15.724611921192242 KHM 31
141.3464146 -28.74079211 26.356215809279057 IDN 32
94.6443061 78.78213701 16.604981074463122 TJK 33
-92.12900015 -50.09139739 9.891311536566894 SLE 34
2.144129659 31.47347644 43.362072328976481 TUR 35
34.93341088 125.2444822 33.794035028366793 BLR 36
-30.8650114 73.76027298 44.565819766301324 HUN 37
-25.98259394 16.40937994 31.05075604439649 MKD 38
175.8544238 -0.5632809951 62.501250086970735 BRN 39
-4.441841056 -99.30766801 28.008627685644814 ZAF 40
-45.48826283 -43.53750134 9.0949227014298195 TCD 41
-109.9833246 81.55968159 56.475837590756768 SMR 42
-183.1987028 112.7959716 52.754598197270077 FRA 43
15.91761773 -69.42021025 8.5401296567230958 MOZ 44
-2.643451289 -39.70582769 11.966591779564258 ETH 45
0.9338220704 -32.84311227 10.244683402439316 ERI 46
-144.3867628 23.21149075 55.674833798851687 AND 47
-49.3849397 34.28366828 30.384788296737526 BIH 48
-19.08411522 -65.17770426 18.189845402859639 AGO 49
12.58479701 213.4606356 54.732284963048919 FIN 50
-22.73748937 -38.97096424 14.701467048304272 SDN 51
108.4142245 73.25044341 23.91459467588966 BTN 52
120.8408568 63.92128139 15.265399826618122 MMR 53
115.8024646 116.6942235 25.32358398833653 MNG 54
-30.72397295 -51.13774067 7.6617769706545751 CAF 55
-1.452889413 -3.671 50.153037448770512 ISR 56
140.2370721 47.65708863 21.834333167908213 VNM 57
-134.2560181 -30.90639934 21.024986828440454 MAR 58
19.24621322 14.99798626 24.025912242601439 LBN 59
53.09165223 -33.82863698 52.847246241850243 SAU 60
59.33404555 42.24041539 28.056220970073944 IRN 61
12.35415488 -31.8117134 17.440968232711608 DJI 62
8.596025178 146.7286818 47.931358821127766 LTU 63
68.18532434 141.4177634 40.564245478884196 RUS 64
8.67541416 -74.02341242 15.17775087349785 ZWE 65
-104.4123551 -24.2873868 17.542665702391201 MRT 66
-8.515095444 -79.03313486 31.321697741705524 BWA 67
93.24490784 -70.51149986 72.649279079338811 QAT 68
-109.1969706 -33.19587631 11.473301220733907 GMB 69
99.56338153 46.73445753 19.983921199787819 IND 70
-44.6792925 -54.05217421 14.821972892424723 CMR 71
-90.96452874 -56.5204492 8.8470579929565893 LBR 72
-73.70211727 -62.3815286 18.648586388090393 GHA 73
-2.000111971 89.71599316 42.648542531096972 ROU 74
35.62133253 103.5563514 28.340102273155335 UKR 75
-7.706517004 -58.87271942 6.6687208775344793 BDI 76
4.872932009 -46.3643688 16.470525573552042 KEN 77
-92.96251053 -42.41801536 12.260294161296828 GIN 78
9.339475539 -65.45235906 9.43099550868987 MWI 79
-73.96283129 69.21549769 49.068373898398285 SVN 80
17.79077033 -79.1951798 12.792824721861408 LSO 81
-82.2041878 -52.96824695 17.769357073667468 CIV 82
16.62243136 -39.52063564 7.8339732343556454 SOM 83
-17.95064585 -44.77930891 6.8007875770503823 SSD 84
156.2465754 -31.87984559 16.443502543746042 TLS 85
-121.6952309 132.7417001 94.309955086898682 LIE 86
-193.074645 215.6710315 56.286532574579084 BEL 87
-28.88731831 -60.31169965 13.237032986334555 COG 88
1.038252116 -56.05032921 12.688106796355417 TZA 89
-73.37760846 144.4170146 48.448153908681213 CZE 90
139.8273345 -4.688435169 40.18976438515535 MYS 91
-35.79853004 103.8772991 43.115227406973105 SVK 92
-5.456756615 -50.61158137 11.511997118855765 UGA 93
-176.7193301 172.7335253 71.607282715001318 LUX 94
-66.11423529 -49.39599394 14.364864391320722 BEN 95
-33.54331331 -9.61757765 41.912260815032838 GRC 96
-151.9810239 86.82505809 63.678428072855958 CHE 97
-99.75494904 -34.74449832 14.24049093007811 SEN 98
22.63644282 -14.87615065 24.520588322593657 JOR 99
-136.0846001 210.9844914 58.235919987103522 NLD 100
127.5974998 -49.36932382 40.487429579206825 OMN 101
-113.8487983 44.34396071 50.944837559798081 ITA 102
125.0924969 51.80046836 21.588535469851241 LAO 103
26.74470793 59.8467891 28.230043207777054 ARM 104
106.2914521 -18.79743341 61.569306340608151 ARE 105
24.30040984 0.5227425706 19.961654985408391 PSE 106
-7.432120612 179.7582896 57.451717354085211 SWE 107
15.74409426 108.2209903 30.016652724218364 MDA 108
-180.4924491 20.58997185 48.199676602258769 ESP 109
-54.92204486 -49.36384878 17.028105728144482 NGA 110
-58.26458927 -11.3136478 29.25129340492505 ALB 111
25.25946656 -88.82738457 21.56792588475248 SWZ 112
24.09293805 86.87745546 29.808510967279723 GEO 113
-49.84710884 -30.45076516 30.472479065784146 LBY 114
153.3381474 -20.01618862 15.58256192857435 PNG 115
-9.910311473 120.1790792 44.735139615417445 POL 116
-76.15501678 106.1942103 56.993184311157663 AUT 117
171.775509 48.82204881 61.583750752851607 HKG 118
31.03463618 182.8198924 48.005527312409534 EST 119
-34.73001613 148.0819282 62.586576065385223 NOR 120
-56.64243431 11.18515044 35.526198311712655 MNE 121
44.87135545 28.91219503 24.593027441482548 IRQ 122
-101.0322205 -43.36800028 10.752989313228532 GNB 123
-82.83631481 -42.84685352 11.35642243900544 MLI 124
58.18028017 115.9400711 38.08767990055555 KAZ 125
