-2.935524965 1.63355102 0.640624695121877 HRV 0
2.847122653 1.776064901 0.32832910318764 UZB 1
-0.1775831989 2.056782677 0.560713830755046 BGR 2
-2.506959521 -2.044287156 0.405462698654266 GNQ 3
-1.204124806 2.054327012 0.510294032886922 SRB 4
-2.569782057 -0.7473279308 0.169705627484771 BFA 5
-2.33155194 -1.409278851 0.172046505340852 TGO 6
2.355848184 2.288361713 0.421188793773055 TKM 7
1.666711011 4.269119798 0.668430998682736 LVA 8
-3.047630069 6.001470046 0.86185845705661 DEU 9
3.680166589 -0.1654109533 0.481663783151691 THA 10
2.11930653 1.537335375 0.440681290730614 AZE 11
4.470968352 1.75041021 0.488262224629347 CHN 12
-1.74973166 -2.118682076 0.42661458015403 GAB 13
2.918741558 0.9769430017 0.250998007960222 PAK 14
-0.8707214671 -1.503115559 0.173781471969827 RWA 15
1.087885322 0.5745640004 0.238746727726266 SYR 16
-0.6091372611 -2.077130014 0.209284495364563 ZMB 17
-1.310220512 7.127082166 0.906752446922532 DNK 18
3.355506309 1.066805414 0.229782505861521 NPL 19
-2.887757627 0.6426373225 0.373898381916799 TUN 20
-0.9239491874 -0.5802325385 0.399749921826133 EGY 21
3.81503023 1.910515498 0.249399278266798 KGZ 22
3.713040223 0.7458399998 0.273130005674953 BGD 23
-2.755016564 -0.05584107669 0.383666521865016 DZA 24
-2.281782562 -0.8012491162 0.129614813968157 NER 25
3.036458161 1.343224352 0.157480157480236 AFG 26
1.874985843 -2.469776402 0.134164078649987 YEM 27
-6.597956559 1.426291168 0.672011904656458 PRT 28
-1.134233981 -1.448910365 0.120830459735946 COD 29
2.426651709 -0.4769240792 0.848999411071644 KWT 30
4.331383736 -0.3537736553 0.235796522451032 KHM 31
4.097995589 -2.139141713 0.395221456907389 IDN 32
3.375177627 1.677071034 0.248997991959774 TJK 33
-3.321369224 -0.8774124402 0.148323969741913 SLE 34
0.4851698411 1.124102407 0.650230728280355 TUR 35
0.7852632315 3.60620133 0.506754378372796 BLR 36
-1.463810908 3.19853381 0.668281377864145 HUN 37
-0.7216170657 1.284086305 0.465617869072911 MKD 38
5.48726546 -0.8288537982 0.937229961108799 BRN 39
-0.367317595 -3.119683908 0.419999999999998 ZAF 40
-1.647758255 -1.093395667 0.136381816969858 TCD 41
-3.925678364 4.520494935 0.846876614389604 SMR 42
-5.106781202 5.456366102 0.791075217662643 FRA 43
-0.05023207471 -2.179419493 0.128062484748657 MOZ 44
-0.2872510017 -1.255025384 0.179443584449264 ETH 45
-0.5183303619 -1.050260028 0.153622914957372 ERI 46
-6.874356567 2.845258578 0.834865258589671 AND 47
-2.087422965 2.165617919 0.45563142999578 BIH 48
-1.038320006 -1.879164131 0.272763633939717 AGO 49
4.536066518 3.714317704 0.820731381147328 FIN 50
-1.163968183 -1.109325584 0.220454076850486 SDN 51
3.831494678 1.315842724 0.358608421540821 BTN 52
4.182956873 0.90784746 0.228910462845192 MMR 53
4.142506835 2.573369488 0.37973675092095 MNG 54
-1.386551706 -1.347162105 0.11489125293076 CAF 55
0.06436986236 -0.1136940456 0.752063827078525 ISR 56
4.678531347 0.06931774388 0.327414110874897 VNM 57
-3.711825403 0.591523575 0.315277655408689 MAR 58
1.070501224 0.02645808413 0.360277670693037 LBN 59
1.315562595 -1.737001092 0.792464510246356 SAU 60
2.294641576 0.7643627835 0.420713679359253 IRN 61
0.09928057917 -1.092902312 0.26153393661244 DJI 62
1.237782215 5.462926367 0.718748913042654 LTU 63
2.391690805 3.284012185 0.608276253029821 RUS 64
-0.3436175189 -2.384914715 0.227596133534821 ZWE 65
-3.316076801 0.183484452 0.263058928759318 MRT 66
-1.015549661 -2.559469995 0.469680742632695 BWA 67
1.630890215 -3.597267703 1.08940350651171 QAT 68
-3.676354926 -0.2902793212 0.172046505340852 GMB 69
3.21900066 0.5712622273 0.299666481275434 IND 70
-1.732289816 -1.439272869 0.222261107708928 CMR 71
-3.251092944 -1.125458757 0.132664991614216 LBR 72
-2.743103036 -1.454940746 0.279642629082191 GHA 73
-0.215198494 3.191941265 0.639531078212779 ROU 74
1.374023288 2.992047141 0.424970587217514 UKR 75
-0.7101456576 -1.694743631 0.1 BDI 76
-0.07282094305 -1.58151217 0.246981780704569 KEN 77
-3.170692892 -0.6091541874 0.183847763108502 GIN 78
-0.2319735668 -1.991706581 0.141421356237309 MWI 79
-2.776472462 3.010990548 0.735798885565886 SVN 80
0.2364261401 -3.220718264 0.191833260932508 LSO 81
-2.914013029 -0.9789408723 0.266458251889484 CIV 82
0.2425205581 -1.424576182 0.117473401244707 SOM 83
-0.863696545 -1.233185532 0.101980390271856 SSD 84
4.626159349 -2.488585839 0.246576560118759 TLS 85
-7.589539284 4.857529202 1.41421356237309 LIE 86
-4.433141306 6.954780601 0.844037913840366 BEL 87
-1.402416583 -1.637165132 0.198494332412792 COG 88
-0.4391337829 -1.753942499 0.190262975904404 TZA 89
-1.343501318 5.567289444 0.726498451478047 CZE 90
4.074711335 -1.143136615 0.602660766932775 MYS 91
-0.8935591079 4.270065196 0.646529195009783 SVK 92
-0.5624859983 -1.432301943 0.17262676501632 UGA 93
-6.280999757 6.873516832 1.07377837564369 LUX 94
-2.475122566 -1.085952012 0.21540659228538 BEN 95
-1.167726629 0.3860373466 0.628490254498827 GRC 96
-5.450600823 3.899516263 0.954882191686491 CHE 97
-3.303830272 -0.2528079054 0.213541565040626 SEN 98
1.271285292 -0.6077404606 0.367695526217004 JOR 99
-2.897734976 7.73354902 0.873269717784832 NLD 100
3.174237766 -3.449233043 0.607124369466422 OMN 101
-4.152241075 3.013857084 0.76393717019137 ITA 102
4.181741934 0.3960858303 0.323728281124774 LAO 103
1.466323427 1.094322711 0.423320209770335 ARM 104
2.853227007 -2.066298764 0.923255111006701 ARE 105
0.6777340684 -0.9050662354 0.299332590941915 PSE 106
4.79234454 5.340372225 0.861510301737592 SWE 107
0.6639576834 2.603077928 0.450111097397074 MDA 108
-5.45032347 2.21147009 0.722772439983706 ESP 109
-2.040685865 -1.101955447 0.255342906696074 NGA 110
-2.145161479 0.4673810867 0.438634243989227 ALB 111
0.1418490496 -2.611673356 0.323419232575925 SWZ 112
1.322928071 1.923591033 0.44698993277254 GEO 113
-1.777794264 -0.5071662874 0.456946386351833 LBY 114
4.67152694 -1.932635834 0.233666428910958 PNG 115
0.2771855763 4.571900092 0.670820393249936 POL 116
-2.374640318 4.431480411 0.854634424768858 AUT 117
5.563696441 0.9336921977 0.923471710449215 HKG 118
2.47964937 5.986767446 0.719861097712607 EST 119
3.157980977 4.628100084 0.938509456532003 NOR 120
-1.821486805 1.295950863 0.532728824074688 MNE 121
1.642262046 0.3681631764 0.368781778291714 IRQ 122
-3.484079352 -0.5459491416 0.161245154965971 GNB 123
-2.832817991 -0.5597422865 0.170293863659264 MLI 124
3.259615637 2.488006099 0.571139212451744 KAZ 125
