-85.48099386 24.74663603 42.72147279023433 HRV 0
67.13873676 81.98292141 21.895351451295877 UZB 1
-6.887285951 59.15154088 37.392440294785203 BGR 2
-61.49345528 -72.68977165 27.039175635771741 GNQ 3
-28.03277141 43.99063457 34.030084707942898 SRB 4
-74.24415303 -45.51909859 11.31719461042784 BFA 5
-63.85538986 -58.3713864 11.473301220733907 TGO 6
52.72233865 92.24760484 28.087905024179275 TKM 7
36.48312382 152.3263494 44.575797561067851 LVA 8
-99.31224483 174.3741403 57.474934860530666 DEU 9
116.1740842 17.13136674 32.120813266559274 THA 10
40.99317714 75.74343732 29.387805238340881 AZE 11
114.8930894 95.6410771 32.560844910971639 CHN 12
-42.09266911 -75.89687951 28.449735573337918 GAB 13
88.87272951 59.94266458 16.738356559039026 PAK 14
-13.25943683 -52.98821819 11.589001302538628 RWA 15
31.49552795 22.81885172 15.92135287631193 SYR 16
-1.177354464 -65.1309995 13.956598835819326 ZMB 17
-56.92881014 220.6723816 60.468789735477664 DNK 18
100.057834 61.88923807 15.32355394130915 NPL 19
-78.26713439 -7.207281861 24.934239455649134 TUN 20
-12.29916415 -28.07483132 26.658206494747144 EGY 21
97.71458629 90.25232001 16.631741738198304 KGZ 22
110.8643987 56.96803744 18.214277711256717 BGD 23
-88.39840258 -25.06507959 25.585649443722815 DZA 24
-63.04863001 -41.99665734 8.6436501594719761 NER 25
81.37075574 71.04158426 10.501912139858691 AFG 26
78.95994973 -45.66942234 8.947027923083489 YEM 27
-217.241916 43.37458125 44.814598185342291 PRT 28
-19.92426381 -54.96446752 8.0578460948319055 COD 29
71.09581917 4.379571505 56.617400976279562 KWT 30
134.716323 16.52427479 15.724611921192242 KHM 31
141.3343108 -28.76082787 26.356215809279057 IDN 32
94.64507127 78.78350269 16.604981074463122 TJK 33
-92.13147906 -50.09715326 9.891311536566894 SLE 34
2.239629316 32.02850953 43.362072328976481 TUR 35
30.82491677 125.2998911 33.794035028366793 BLR 36
-33.13954869 71.24114793 44.565819766301324 HUN 37
-25.98259394 16.40937994 31.05075604439649 MKD 38
175.8380261 -0.3825542604 62.501250086970735 BRN 39
-4.259858471 -99.91981062 28.008627685644814 ZAF 40
-45.4445121 -43.9411217 9.0949227014298195 TCD 41
-109.0385246 75.80111457 56.475837590756768 SMR 42
-186.4624978 107.1071479 52.754598197270077 FRA 43
15.90151075 -69.45504295 8.5401296567230958 MOZ 44
-2.701605866 -39.77603554 11.966591779564258 ETH 45
0.9270163324 -32.79747384 10.244683402439316 ERI 46
-145.1277799 14.38982985 55.674833798851687 AND 47
-48.48164864 33.4797451 30.384788296737526 BIH 48
-18.81689664 -65.11812267 18.189845402859639 AGO 49
9.29945666 214.8700677 54.732284963048919 FIN 50
-22.93514297 -38.86874303 14.701467048304272 SDN 51
108.4142245 73.25044341 23.91459467588966 BTN 52
120.8961187 63.99916576 15.265399826618122 MMR 53
115.8024646 116.6942235 25.32358398833653 MNG 54
-30.65778019 -51.29342472 7.6617769706545751 CAF 55
-0.4060708262 -2.527125546 50.153037448770512 ISR 56
140.2370721 47.65708863 21.834333167908213 VNM 57
-134.6476658 -30.81740691 21.024986828440454 MAR 58
19.77624999 14.79668429 24.025912242601439 LBN 59
53.21883451 -33.81291548 52.847246241850243 SAU 60
59.13954972 41.31969829 28.056220970073944 IRN 61
12.35952766 -31.68608329 17.440968232711608 DJI 62
4.384634746 146.536945 47.931358821127766 LTU 63
64.74769573 141.5369472 40.564245478884196 RUS 64
8.789630057 -74.09828627 15.17775087349785 ZWE 65
-104.5316803 -24.07240903 17.542665702391201 MRT 66
-8.587878418 -79.35189722 31.321697741705524 BWA 67
92.88827818 -70.95923367 72.649279079338811 QAT 68
-109.1661828 -33.23758856 11.473301220733907 GMB 69
99.56338153 46.73445753 19.983921199787819 IND 70
-44.66906953 -54.05399658 14.821972892424723 CMR 71
-91.15178373 -56.66638482 8.8470579929565893 LBR 72
-73.91144551 -62.40188546 18.648586388090393 GHA 73
-3.375596988 88.00048385 42.648542531096972 ROU 74
32.21328881 103.4161304 28.340102273155335 UKR 75
-7.706517004 -58.87271942 6.6687208775344793 BDI 76
4.88648725 -46.3850322 16.470525573552042 KEN 77
-92.88716547 -42.28765072 12.260294161296828 GIN 78
9.233803808 -65.39628181 9.43099550868987 MWI 79
-72.40268653 68.44365651 49.068373898398285 SVN 80
17.81698484 -79.24899931 12.792824721861408 LSO 81
-82.43452911 -52.73804503 17.769357073667468 CIV 82
16.59076509 -39.56505044 7.8339732343556454 SOM 83
-17.87082449 -44.54681505 6.8007875770503823 SSD 84
156.2465754 -31.87984559 16.443502543746042 TLS 85
-124.6363977 127.1958873 94.309955086898682 LIE 86
-193.1267569 215.1593247 56.286532574579084 BEL 87
-28.94387114 -60.50574979 13.237032986334555 COG 88
0.7811723761 -55.90577228 12.688106796355417 TZA 89
-77.07221306 143.6627671 48.448153908681213 CZE 90
139.6828125 -4.832623218 40.18976438515535 MYS 91
-39.12811605 101.746969 43.115227406973105 SVK 92
-5.583572702 -50.17237469 11.511997118855765 UGA 93
-176.7193301 172.7335253 71.607282715001318 LUX 94
-66.10327061 -49.51324003 14.364864391320722 BEN 95
-32.7567725 -9.287014114 41.912260815032838 GRC 96
-155.014923 80.51776775 63.678428072855958 CHE 97
-99.87579173 -34.64166969 14.24049093007811 SEN 98
22.66033117 -15.56122705 24.520588322593657 JOR 99
-136.0846001 210.9844914 58.235919987103522 NLD 100
127.5974998 -49.36932382 40.487429579206825 OMN 101
-116.1826568 38.44404251 50.944837559798081 ITA 102
125.0454827 51.61839395 21.588535469851241 LAO 103
26.74470793 59.8467891 28.230043207777054 ARM 104
106.2914521 -18.79743341 61.569306340608151 ARE 105
24.77142997 0.03568924106 19.961654985408391 PSE 106
-10.59213552 180.7093959 57.451717354085211 SWE 107
12.1439523 108.5913568 30.016652724218364 MDA 108
-181.3364516 20.23068821 48.199676602258769 ESP 109
-54.92001798 -49.36866009 17.028105728144482 NGA 110
-58.20824496 -11.31236144 29.25129340492505 ALB 111
25.25231098 -88.86856491 21.56792588475248 SWZ 112
22.46287852 85.26234861 29.808510967279723 GEO 113
-49.47008509 -30.55865223 30.472479065784146 LBY 114
153.3477843 -20.01256317 15.58256192857435 PNG 115
-13.520461 119.1839411 44.735139615417445 POL 116
-74.86578778 105.9613727 56.993184311157663 AUT 117
171.775509 48.82204881 61.583750752851607 HKG 118
27.52398056 183.6529006 48.005527312409534 EST 119
-38.05798393 148.5568396 62.586576065385223 NOR 120
-56.66292452 11.6218357 35.526198311712655 MNE 121
44.74209697 28.30552475 24.593027441482548 IRQ 122
-101.0286589 -43.41418598 10.752989313228532 GNB 123
-83.03560195 -42.36594994 11.35642243900544 MLI 124
55.12494633 115.5533326 38.08767990055555 KAZ 125
