-43.23359091 52.67870771 42.72147279023433 HRV 0
102.6800833 82.77167723 21.895351451295877 UZB 1
22.92455932 55.0239997 37.392440294785203 BGR 2
-34.35536765 -45.12086485 27.039175635771741 GNQ 3
1.299685704 53.63522547 34.030084707942898 SRB 4
-51.38792265 -28.65376657 11.31719461042784 BFA 5
-43.09418347 -37.42584376 11.473301220733907 TGO 6
89.12957519 89.30062957 28.087905024179275 TKM 7
56.73181154 150.5319515 44.575797561067851 LVA 8
-63.58626417 147.166527 57.474934860530666 DEU 9
120.9070683 11.50514937 32.120813266559274 THA 10
74.42498987 77.51112998 29.387805238340881 AZE 11
141.308422 75.48462883 32.560844910971639 CHN 12
-18.49298801 -50.13605754 28.449735573337918 GAB 13
113.0791111 46.22157234 16.738356559039026 PAK 14
9.528868646 -42.32212112 11.589001302538628 RWA 15
61.30586308 18.82154673 15.92135287631193 SYR 16
15.34656247 -49.84209918 13.956598835819326 ZMB 17
-29.53140173 173.1926145 60.468789735477664 DNK 18
119.9284653 52.99922945 15.32355394130915 NPL 19
-40.91716752 -7.036044775 24.934239455649134 TUN 20
-8.33353378 -15.27310405 26.658206494747144 EGY 21
126.6232124 73.69516446 16.631741738198304 KGZ 22
121.6515932 38.93612269 18.214277711256717 BGD 23
-62.14893216 -12.78620792 25.585649443722815 DZA 24
-40.3443951 -23.49971699 8.6436501594719761 NER 25
109.1986549 56.68601904 10.501912139858691 AFG 26
77.54871331 -43.79292635 8.947027923083489 YEM 27
-167.9437136 42.99169614 44.814598185342291 PRT 28
4.727169759 -38.03416051 8.0578460948319055 COD 29
77.0380174 -4.138107723 56.617400976279562 KWT 30
134.9137046 8.106416611 15.724611921192242 KHM 31
141.62272 -28.28086237 26.356215809279057 IDN 32
122.886723 64.20389459 16.604981074463122 TJK 33
-67.66707744 -32.01452091 9.891311536566894 SLE 34
33.62701913 33.46916395 43.362072328976481 TUR 35
75.12288265 125.2028541 33.794035028366793 BLR 36
10.915726 76.37857498 44.565819766301324 HUN 37
0.8359955876 33.94891305 31.05075604439649 MKD 38
170.0699727 -0.09071900498 62.501250086970735 BRN 39
14.00413846 -76.25738153 28.008627685644814 ZAF 40
-22.6856318 -23.27211457 9.0949227014298195 TCD 41
-74.70573777 40.15075498 56.475837590756768 SMR 42
-141.3910898 69.45839458 52.754598197270077 FRA 43
32.92315467 -58.10601136 8.5401296567230958 MOZ 44
21.98655869 -32.34104314 11.966591779564258 ETH 45
25.74316496 -26.82745528 10.244683402439316 ERI 46
-103.9317663 15.90951811 55.674833798851687 AND 47
-18.14645426 51.49200572 30.384788296737526 BIH 48
-0.55402304 -46.70810154 18.189845402859639 AGO 49
62.21353273 183.6060231 54.732284963048919 FIN 50
0.834616813 -26.31236483 14.701467048304272 SDN 51
131.2247988 49.70283083 23.91459467588966 BTN 52
131.5614739 37.27948704 15.265399826618122 MMR 53
133.3459536 91.32164344 25.32358398833653 MNG 54
-9.080825247 -33.028126 7.6617769706545751 CAF 55
15.11378865 -12.10055224 50.153037448770512 ISR 56
147.6471675 21.6257802 21.834333167908213 VNM 57
-107.2941341 -24.12842779 21.024986828440454 MAR 58
52.65275466 7.666178256 24.025912242601439 LBN 59
61.89852378 -33.72444893 52.847246241850243 SAU 60
86.97948523 33.5639806 28.056220970073944 IRN 61
34.50311614 -27.27976745 17.440968232711608 DJI 62
51.05989615 123.3199069 47.931358821127766 LTU 63
106.6237102 139.4382882 40.564245478884196 RUS 64
20.92331548 -57.12268368 15.17775087349785 ZWE 65
-75.51194339 -10.16269223 17.542665702391201 MRT 66
6.105649579 -60.29578994 31.321697741705524 BWA 67
96.84708891 -58.9374402 72.649279079338811 QAT 68
-83.76545404 -13.33340564 11.473301220733907 GMB 69
111.797614 33.02556264 19.983921199787819 IND 70
-22.56371304 -31.6923565 14.821972892424723 CMR 71
-64.1137072 -40.89097965 8.8470579929565893 LBR 72
-51.22442905 -41.41537673 18.648586388090393 GHA 73
36.48190873 81.94011408 42.648542531096972 ROU 74
77.14340759 106.646578 28.340102273155335 UKR 75
9.017591886 -47.77355693 6.6687208775344793 BDI 76
27.68396381 -38.88412106 16.470525573552042 KEN 77
-67.40533284 -25.33491984 12.260294161296828 GIN 78
26.94408044 -52.76676189 9.43099550868987 MWI 79
-37.96670383 86.01415285 49.068373898398285 SVN 80
25.19030663 -68.43368028 12.792824721861408 LSO 81
-59.68187153 -34.25368601 17.769357073667468 CIV 82
41.57560785 -30.13046706 7.8339732343556454 SOM 83
5.364397425 -32.40158312 6.8007875770503823 SSD 84
154.3172678 -30.43194935 16.443502543746042 TLS 85
-81.19123411 87.03411795 94.309955086898682 LIE 86
-143.1301942 140.7036557 56.286532574579084 BEL 87
-8.547563313 -41.71446471 13.237032986334555 COG 88
22.44536248 -45.99399833 12.688106796355417 TZA 89
-15.42984331 120.6183341 48.448153908681213 CZE 90
140.1862486 -7.881472414 40.18976438515535 MYS 91
5.872498246 102.2355335 43.115227406973105 SVK 92
16.66976767 -40.32522678 11.511997118855765 UGA 93
-127.2903007 105.6457396 71.607282715001318 LUX 94
-43.71810126 -29.58902425 14.364864391320722 BEN 95
14.16946285 16.44262557 41.912260815032838 GRC 96
-111.7883779 51.14771282 63.678428072855958 CHE 97
-73.13347817 -19.56342207 14.24049093007811 SEN 98
51.34168823 -7.996725516 24.520588322593657 JOR 99
-98.03556891 142.4450456 58.235919987103522 NLD 100
126.543627 -42.32243659 40.487429579206825 OMN 101
-54.34691346 14.33063048 50.944837559798081 ITA 102
135.1508242 26.81427117 21.588535469851241 LAO 103
63.50303251 63.53677968 28.230043207777054 ARM 104
110.6675923 -15.86153606 61.569306340608151 ARE 105
36.88600943 -4.306980168 19.961654985408391 PSE 106
30.76015078 172.0677224 57.451717354085211 SWE 107
49.19106665 99.60761465 30.016652724218364 MDA 108
-143.6167961 28.39401528 48.199676602258769 ESP 109
-34.0872644 -30.89752437 17.028105728144482 NGA 110
-7.288097747 17.66055026 29.25129340492505 ALB 111
35.75508213 -66.79238487 21.56792588475248 SWZ 112
66.13660711 93.14237777 29.808510967279723 GEO 113
-24.47501158 -9.473477808 30.472479065784146 LBY 114
151.9742114 -20.74995723 15.58256192857435 PNG 115
23.69426677 121.4607668 44.735139615417445 POL 116
-46.78949412 116.5573809 56.993184311157663 AUT 117
162.4057873 41.99850253 61.583750752851607 HKG 118
82.64942274 160.6723534 48.005527312409534 EST 119
3.876861858 147.7644753 62.586576065385223 NOR 120
-23.89459975 27.93878924 35.526198311712655 MNE 121
73.14322709 23.83323688 24.593027441482548 IRQ 122
-74.1044394 -27.02176448 10.752989313228532 GNB 123
-60.29377173 -24.2207217 11.35642243900544 MLI 124
95.63068675 118.4068825 38.08767990055555 KAZ 125
