-2.941023761 1.628327135 0.640624695121877 HRV 0
2.853622048 1.772923315 0.32832910318764 UZB 1
-0.180363432 2.034419713 0.560713830755046 BGR 2
-2.489256013 -2.039772658 0.405462698654266 GNQ 3
-1.186122853 2.067659923 0.510294032886922 SRB 4
-2.569609598 -0.7341089701 0.169705627484771 BFA 5
-2.316807237 -1.417393984 0.172046505340852 TGO 6
2.370216623 2.302871433 0.421188793773055 TKM 7
1.616256898 4.268110556 0.668430998682736 LVA 8
-3.047630069 6.001470046 0.86185845705661 DEU 9
3.680166589 -0.1654109533 0.481663783151691 THA 10
2.119510621 1.541190511 0.440681290730614 AZE 11
4.479275886 1.746550746 0.488262224629347 CHN 12
-1.720573559 -2.112423979 0.42661458015403 GAB 13
2.904157542 0.9818076613 0.250998007960222 PAK 14
-0.870057052 -1.49015328 0.173781471969827 RWA 15
1.098312146 0.5786204038 0.238746727726266 SYR 16
-0.6016735287 -2.084876963 0.209284495364563 ZMB 17
-1.310220512 7.127082166 0.906752446922532 DNK 18
3.345779039 1.049482476 0.229782505861521 NPL 19
-2.887757627 0.6426373225 0.373898381916799 TUN 20
-0.9297522656 -0.5868211094 0.399749921826133 EGY 21
3.813796457 1.911287603 0.249399278266798 KGZ 22
3.722644068 0.741152771 0.273130005674953 BGD 23
-2.743906602 -0.04988347868 0.383666521865016 DZA 24
-2.276966479 -0.7957199095 0.129614813968157 NER 25
3.036458161 1.343224352 0.157480157480236 AFG 26
1.874985843 -2.469776402 0.134164078649987 YEM 27
-6.597956559 1.426291168 0.672011904656458 PRT 28
-1.140291565 -1.449740479 0.120830459735946 COD 29
2.4371124 -0.4668579175 0.848999411071644 KWT 30
4.331383736 -0.3537736553 0.235796522451032 KHM 31
4.100474245 -2.13824632 0.395221456907389 IDN 32
3.380990236 1.678954833 0.248997991959774 TJK 33
-3.328876633 -0.8752605542 0.148323969741913 SLE 34
0.4785612521 1.122377239 0.650230728280355 TUR 35
0.740113047 3.620018355 0.506754378372796 BLR 36
-1.432779181 3.134330385 0.668281377864145 HUN 37
-0.7520142657 1.272993173 0.465617869072911 MKD 38
5.48726546 -0.8288537982 0.937229961108799 BRN 39
-0.367317595 -3.119683908 0.419999999999998 ZAF 40
-1.623680344 -1.096266083 0.136381816969858 TCD 41
-3.948501637 4.503424015 0.846876614389604 SMR 42
-5.123024425 5.46724799 0.791075217662643 FRA 43
-0.05023207471 -2.179419493 0.128062484748657 MOZ 44
-0.2840477642 -1.241355404 0.179443584449264 ETH 45
-0.5209311039 -1.043129731 0.153622914957372 ERI 46
-6.874356567 2.845258578 0.834865258589671 AND 47
-2.077080802 2.166499481 0.45563142999578 BIH 48
-1.034118201 -1.877831044 0.272763633939717 AGO 49
4.335623934 3.711170529 0.820731381147328 FIN 50
-1.162364958 -1.112968882 0.220454076850486 SDN 51
3.819480973 1.320102028 0.358608421540821 BTN 52
4.181374588 0.9045407143 0.228910462845192 MMR 53
4.150616008 2.567365646 0.37973675092095 MNG 54
-1.379357128 -1.339082829 0.11489125293076 CAF 55
0.03537957468 -0.1247741211 0.752063827078525 ISR 56
4.689781176 0.06331964773 0.327414110874897 VNM 57
-3.711825403 0.591523575 0.315277655408689 MAR 58
1.056684147 0.0208626446 0.360277670693037 LBN 59
1.319547197 -1.731859767 0.792464510246356 SAU 60
2.295648024 0.759782421 0.420713679359253 IRN 61
0.09928057917 -1.092902312 0.26153393661244 DJI 62
1.181446607 5.482452321 0.718748913042654 LTU 63
2.401996666 3.275954125 0.608276253029821 RUS 64
-0.3369186233 -2.391805624 0.227596133534821 ZWE 65
-3.310033443 0.1849668041 0.263058928759318 MRT 66
-1.008688762 -2.570693777 0.469680742632695 BWA 67
1.603871418 -3.589511718 1.08940350651171 QAT 68
-3.676354926 -0.2902793212 0.172046505340852 GMB 69
3.217033201 0.5756175381 0.299666481275434 IND 70
-1.737782556 -1.434828602 0.222261107708928 CMR 71
-3.249753752 -1.123582279 0.132664991614216 LBR 72
-2.734379084 -1.45350748 0.279642629082191 GHA 73
-0.215890521 3.146937616 0.639531078212779 ROU 74
1.391787282 3.051490669 0.424970587217514 UKR 75
-0.7147813035 -1.6919565 0.1 BDI 76
-0.07936531455 -1.580689157 0.246981780704569 KEN 77
-3.170231513 -0.6109459369 0.183847763108502 GIN 78
-0.2319735668 -1.991706581 0.141421356237309 MWI 79
-2.780357109 3.018389662 0.735798885565886 SVN 80
0.2364261401 -3.220718264 0.191833260932508 LSO 81
-2.909569335 -0.9773630021 0.266458251889484 CIV 82
0.2425205581 -1.424576182 0.117473401244707 SOM 83
-0.863696545 -1.233185532 0.101980390271856 SSD 84
4.626159349 -2.488585839 0.246576560118759 TLS 85
-7.589539284 4.857529202 1.41421356237309 LIE 86
-4.433141306 6.954780601 0.844037913840366 BEL 87
-1.398482577 -1.629791448 0.198494332412792 COG 88
-0.4511628332 -1.746134565 0.190262975904404 TZA 89
-1.343501318 5.567289444 0.726498451478047 CZE 90
4.074711335 -1.143136615 0.602660766932775 MYS 91
-0.9317073174 4.253624549 0.646529195009783 SVK 92
-0.5550419352 -1.423997261 0.17262676501632 UGA 93
-6.280999757 6.873516832 1.07377837564369 LUX 94
-2.470738605 -1.077384016 0.21540659228538 BEN 95
-1.165085307 0.3441327343 0.628490254498827 GRC 96
-5.505728674 3.892234431 0.954882191686491 CHE 97
-3.298675065 -0.256989592 0.213541565040626 SEN 98
1.277140842 -0.6175076658 0.367695526217004 JOR 99
-2.897734976 7.73354902 0.873269717784832 NLD 100
3.176775658 -3.441455205 0.607124369466422 OMN 101
-4.17477452 3.013241007 0.76393717019137 ITA 102
4.18203765 0.3900314311 0.323728281124774 LAO 103
1.472587605 1.066238649 0.423320209770335 ARM 104
2.878231337 -2.050981945 0.923255111006701 ARE 105
0.6777340684 -0.9050662354 0.299332590941915 PSE 106
4.79234454 5.340372225 0.861510301737592 SWE 107
0.6620650927 2.598986973 0.450111097397074 MDA 108
-5.45032347 2.21147009 0.722772439983706 ESP 109
-2.034880563 -1.10540245 0.255342906696074 NGA 110
-2.151036376 0.4591231836 0.438634243989227 ALB 111
0.1418490496 -2.611673356 0.323419232575925 SWZ 112
1.322928071 1.923591033 0.44698993277254 GEO 113
-1.775452633 -0.4946117167 0.456946386351833 LBY 114
4.67152694 -1.932635834 0.233666428910958 PNG 115
0.2465205701 4.594566889 0.670820393249936 POL 116
-2.372271609 4.437444553 0.854634424768858 AUT 117
5.563696441 0.9336921977 0.923471710449215 HKG 118
2.372091238 6.095369072 0.719861097712607 EST 119
3.040325585 4.706602994 0.938509456532003 NOR 120
-1.801443639 1.28950995 0.532728824074688 MNE 121
1.647247992 0.3499202914 0.368781778291714 IRQ 122
-3.486896681 -0.5492522962 0.161245154965971 GNB 123
-2.833706995 -0.5569780807 0.170293863659264 MLI 124
3.271179016 2.499784663 0.571139212451744 KAZ 125
