-95.37909878 52.14365266 20.9631592371708 HRV 0
92.36375339 57.16727906 10.7439118796545 UZB 1
-5.766052021 69.66678253 18.3482363544631 BGR 2
-82.22601952 -67.82358653 13.2679542036782 GNQ 3
-37.76177501 65.04700537 16.6983495182799 SRB 4
-82.6947656 -22.76098029 5.55327654318794 BFA 5
-76.20507467 -46.11752836 5.62987707954794 TGO 6
76.39843056 75.19319998 13.7825591489205 TKM 7
54.25255694 139.8938617 21.873064793079 LVA 8
-68.0153325 230.5441837 28.2025907099051 DEU 9
118.4395348 -6.122462185 15.7614819751306 THA 10
69.13336198 50.21229153 14.4204120458864 AZE 11
148.1859349 58.6191761 15.9774027481925 CHN 12
-57.19689512 -70.09737369 13.9601071341252 GAB 13
94.86135786 31.86293417 8.21340677177888 PAK 14
-28.42719796 -48.80120621 5.68665038534044 RWA 15
35.99794068 20.28309056 7.81250817957777 SYR 16
-20.98048063 -67.50599236 6.84841567239865 ZMB 17
-13.3661344 260.6856003 29.6716565537877 DNK 18
109.6206786 34.93603448 7.51917198473715 NPL 19
-95.69797556 21.44165162 12.2350751982035 TUN 20
-29.57199565 -20.3133081 13.0810150312634 EGY 21
125.9088531 61.78155098 8.16109154666245 KGZ 22
121.0059834 24.01244149 8.9376320410566 BGD 23
-90.30874667 -1.652769478 12.5547180011499 DZA 24
-73.72047966 -25.53742008 4.24138501903024 NER 25
99.46179515 43.63166917 5.15322253901695 AFG 26
61.41928506 -66.78656691 4.39025058831508 YEM 27
-222.8579001 95.0683391 21.9902427643812 PRT 28
-37.04869622 -46.61075709 3.95393463198182 COD 29
78.82621693 -13.20816663 27.7818042015585 KWT 30
139.34449 -11.72182549 7.7159686246121 KHM 31
133.0204465 -70.26550716 12.9328300925396 IDN 32
108.8827206 51.60063598 8.14796025650474 TJK 33
-107.5829712 -27.81484474 4.85360464569272 SLE 34
13.34557074 38.53208407 21.27749742031 TUR 35
28.52741513 115.2410708 16.5825214183187 BLR 36
-44.64288254 100.2288872 21.8681687516538 HUN 37
-21.58677332 40.32874663 15.2364115953891 MKD 38
181.5262378 -46.76975818 30.6689721238943 BRN 39
-24.06102374 -109.7483801 13.7436582552233 ZAF 40
-53.4691837 -35.64043618 4.46282163014323 TCD 41
-124.2652812 141.8883961 27.7123399345507 SMR 42
-190.7745702 174.7340122 25.8863510612662 FRA 43
-1.459973436 -71.06292794 4.19058815642927 MOZ 44
-9.166236948 -41.31800301 5.87193166848331 ETH 45
-9.74058074 -31.27934404 5.02700200796515 ERI 46
-144.8348275 46.32027844 27.3192923886074 AND 47
-66.66606051 68.63775877 14.9096253909541 BIH 48
-34.41712858 -61.76060636 8.92564326028646 AGO 49
91.32680812 220.5421125 26.856789575777 FIN 50
-39.47295734 -36.19492576 7.21391784096148 SDN 51
125.5909922 43.42288548 11.7347418883384 BTN 52
136.5570036 29.48938984 7.49063612473647 MMR 53
140.7032134 85.81765186 12.4261241228724 MNG 54
-45.41031419 -44.38139217 3.75958599236857 CAF 55
1.544196063 -2.092146663 24.6097814892444 ISR 56
151.7096712 2.500458114 10.7139705900057 VNM 57
-125.1769702 11.21474921 10.3168294082026 MAR 58
34.86241374 1.751921011 11.7893647214119 LBN 59
32.94720234 -62.70855587 25.9318128767116 SAU 60
74.99699523 24.88223275 13.7670119819314 IRN 61
3.206541116 -36.19475709 8.55817392129673 DJI 62
41.1453485 179.6136427 23.5196176956464 LTU 63
76.59013686 106.8485397 19.9046213009753 RUS 64
-11.55067441 -76.76589328 7.44762733217323 ZWE 65
-108.1571798 6.770378096 8.60807623298384 MRT 66
-33.3583695 -84.55076749 15.3693609900078 BWA 67
54.5859717 -116.1093557 35.6485464179497 QAT 68
-118.914489 -6.16116746 5.62987707954794 GMB 69
104.5377317 18.32777759 9.8059850218925 IND 70
-56.68600346 -46.31672104 7.27304930423548 CMR 71
-106.5626358 -36.24673905 4.34119596947108 LBR 72
-90.07462389 -48.56354203 9.15074458975671 GHA 73
-4.8290716 106.1108891 20.9273728155975 ROU 74
46.15587431 93.20343539 13.9063107600931 UKR 75
-22.61560793 -55.28614727 3.27229958457699 BDI 76
-2.019639509 -52.27597431 8.08198378397647 KEN 77
-102.6903004 -19.02506613 6.01604958845361 GIN 78
-7.237538399 -65.3169716 4.62773045265662 MWI 79
-88.91334004 96.9106899 24.0775438756946 SVN 80
0.3817479291 -81.01938666 6.27735900057497 LSO 81
-95.31655444 -31.95487749 8.7193122696507 CIV 82
7.877379358 -46.82993192 3.84408162091901 SOM 83
-28.28254552 -40.17567903 3.33710388721592 SSD 84
151.307598 -76.76496967 8.06872375243038 TLS 85
-133.9789532 210.3900175 46.2773045265662 LIE 86
-155.9447647 286.1375019 27.6194491482706 BEL 87
-46.26082591 -53.83543386 6.49532921495266 COG 88
-14.13877789 -57.52591821 6.22597457012364 TZA 89
-49.54229613 184.3898574 23.7732058096744 CZE 90
132.8310748 -37.12683511 19.7208657727497 MYS 91
-27.31962581 137.8069712 21.1563721624741 SVK 92
-18.08520027 -47.31236619 5.64886491449775 UGA 93
-201.5633023 243.2865659 35.137245325466 LUX 94
-80.88280065 -34.24761462 7.04874902450594 BEN 95
-37.93772909 11.56490551 20.566083987072 GRC 96
-176.1595957 124.0310042 31.2466059917567 CHE 97
-107.3491981 -7.616770047 6.98771974572361 SEN 98
45.75518262 -29.39199462 12.0320991769072 JOR 99
-103.9264389 273.3667279 28.5760013473097 NLD 100
105.6087377 -109.6168758 19.8669282199154 OMN 101
-134.1734133 93.54862406 24.9983128466014 ITA 102
134.6746522 12.29518379 10.5933591984042 LAO 103
45.73318283 38.42656615 13.8523054657451 ARM 104
93.23528762 -64.72899664 30.2116731620581 ARE 105
28.56808549 -18.84580931 9.79505912989583 PSE 106
42.3118642 234.4292222 28.1911980248472 SWE 107
22.11780109 82.12804116 14.7289835702594 MDA 108
-183.2539625 73.66531813 23.6512795510238 ESP 109
-66.75144352 -36.02058102 8.35558487506244 NGA 110
-70.10716752 12.74601828 14.3534265438719 ALB 111
3.061082669 -96.60988664 10.5832462040241 SWZ 112
45.24952823 66.28710884 14.6268497132168 GEO 113
-57.64385658 -16.57375509 14.9526547023306 LBY 114
147.9406253 -58.12056092 7.64626558254917 PNG 115
10.88688118 149.0685677 21.9512529415754 POL 116
-72.92818876 142.7534074 27.9661987313633 AUT 117
188.8225189 9.301083264 30.2187609447157 HKG 118
95.86589234 146.0501817 23.556011709981 EST 119
-3.087551774 204.0734304 30.7108410473125 NOR 120
-58.58767999 39.94783243 17.4324830971179 MNE 121
53.44666294 14.71445687 12.0676445990354 IRQ 122
-113.0144216 -17.42436849 5.27642453610199 GNB 123
-91.9752966 -18.38201946 5.5725253930822 MLI 124
107.3459792 80.76798213 18.6893860764147 KAZ 125
