-97.41789562 52.46053317 20.9631592371708 HRV 0
92.06540634 57.43040723 10.7439118796545 UZB 1
-5.616067987 69.94478874 18.3482363544631 BGR 2
-82.56550206 -68.07760252 13.2679542036782 GNQ 3
-38.45307986 67.18678199 16.6983495182799 SRB 4
-83.89619233 -23.9897069 5.55327654318794 BFA 5
-75.99430851 -46.25777938 5.62987707954794 TGO 6
76.6821457 75.40196785 13.7825591489205 TKM 7
55.03329058 139.9760274 21.873064793079 LVA 8
-65.03313444 233.0758385 28.2025907099051 DEU 9
120.4206665 -6.369029637 15.7614819751306 THA 10
69.28309955 49.93989073 14.4204120458864 AZE 11
148.2203864 58.63866781 15.9774027481925 CHN 12
-57.02266021 -69.89628138 13.9601071341252 GAB 13
95.08542525 31.86805526 8.21340677177888 PAK 14
-28.55317659 -49.17629577 5.68665038534044 RWA 15
35.77132198 19.17614206 7.81250817957777 SYR 16
-20.58834505 -67.90409435 6.84841567239865 ZMB 17
-15.10684691 264.161147 29.6716565537877 DNK 18
109.5681264 35.00104143 7.51917198473715 NPL 19
-95.24331822 21.32466285 12.2350751982035 TUN 20
-31.37387404 -18.75110354 13.0810150312634 EGY 21
125.8476465 62.45349941 8.16109154666245 KGZ 22
121.167428 24.19650664 8.9376320410566 BGD 23
-90.71219723 -1.618717623 12.5547180011499 DZA 24
-74.89675514 -26.12182516 4.24138501903024 NER 25
99.29371304 43.71481112 5.15322253901695 AFG 26
60.65089879 -67.84224049 4.39025058831508 YEM 27
-222.8579001 95.0683391 21.9902427643812 PRT 28
-37.38700388 -47.14792715 3.95393463198182 COD 29
80.31339279 -14.57301645 27.7818042015585 KWT 30
141.756515 -12.02437155 7.7159686246121 KHM 31
133.6793986 -70.26688582 12.9328300925396 IDN 32
108.920613 51.82951832 8.14796025650474 TJK 33
-108.2219242 -28.5887311 4.85360464569272 SLE 34
12.95761536 37.56220889 21.27749742031 TUR 35
27.24442401 116.8476209 16.5825214183187 BLR 36
-46.73498112 103.670837 21.8681687516538 HUN 37
-21.07077258 42.41059285 15.2364115953891 MKD 38
182.8700045 -46.44909374 30.6689721238943 BRN 39
-23.83437989 -110.1639865 13.7436582552233 ZAF 40
-53.83455996 -35.55832238 4.46282163014323 TCD 41
-127.5067692 145.2767616 27.7123399345507 SMR 42
-190.6345542 179.5362149 25.8863510612662 FRA 43
-1.447665223 -71.13783014 4.19058815642927 MOZ 44
-8.978463578 -41.11460389 5.87193166848331 ETH 45
-9.774135985 -30.89877194 5.02700200796515 ERI 46
-144.4282999 47.91783349 27.3192923886074 AND 47
-67.91934266 71.04986599 14.9096253909541 BIH 48
-34.09741569 -61.78537385 8.92564326028646 AGO 49
94.5044744 219.9257209 26.856789575777 FIN 50
-38.59868416 -36.56878585 7.21391784096148 SDN 51
125.7727909 43.74041089 11.7347418883384 BTN 52
137.2696217 29.79311983 7.49063612473647 MMR 53
140.7032134 85.81765186 12.4261241228724 MNG 54
-45.47632263 -44.29082821 3.75958599236857 CAF 55
0.7915202984 -3.832475886 24.6097814892444 ISR 56
153.0291633 2.128471169 10.7139705900057 VNM 57
-125.6743155 12.3195664 10.3168294082026 MAR 58
34.88537696 0.7653897504 11.7893647214119 LBN 59
32.415933 -63.6366217 25.9318128767116 SAU 60
75.71073846 24.22866699 13.7670119819314 IRN 61
3.577636381 -35.97017447 8.55817392129673 DJI 62
40.83548734 180.2218421 23.5196176956464 LTU 63
78.75315529 108.0933931 19.9046213009753 RUS 64
-11.54564557 -77.84788158 7.44762733217323 ZWE 65
-108.7517827 6.814298995 8.60807623298384 MRT 66
-33.7097464 -84.63661557 15.3693609900078 BWA 67
52.50472091 -117.9478806 35.6485464179497 QAT 68
-119.7173982 -6.022718702 5.62987707954794 GMB 69
104.6996271 17.91921811 9.8059850218925 IND 70
-57.10622919 -46.82892769 7.27304930423548 CMR 71
-106.5939238 -37.09108455 4.34119596947108 LBR 72
-89.88050158 -48.30126472 9.15074458975671 GHA 73
-6.576450006 106.8577158 20.9273728155975 ROU 74
47.11039454 96.1806953 13.9063107600931 UKR 75
-22.83714911 -55.36606591 3.27229958457699 BDI 76
-1.73591931 -52.22812073 8.08198378397647 KEN 77
-103.7059566 -19.41840809 6.01604958845361 GIN 78
-7.283010691 -65.24855129 4.62773045265662 MWI 79
-90.05169435 100.2678633 24.0775438756946 SVN 80
0.9333694104 -81.13113802 6.27735900057497 LSO 81
-95.51097708 -31.70031143 8.7193122696507 CIV 82
8.042696148 -46.74150868 3.84408162091901 SOM 83
-28.28254552 -40.17567903 3.33710388721592 SSD 84
152.1387224 -77.27503345 8.06872375243038 TLS 85
-132.5996427 214.678271 46.2773045265662 LIE 86
-156.5675068 280.0328028 27.6194491482706 BEL 87
-46.26371395 -53.90000442 6.49532921495266 COG 88
-14.14549883 -57.4311546 6.22597457012364 TZA 89
-47.21846019 186.7045067 23.7732058096744 CZE 90
132.859394 -37.32238546 19.7208657727497 MYS 91
-29.36242604 140.2869283 21.1563721624741 SVK 92
-18.13759587 -46.91972686 5.64886491449775 UGA 93
-205.2162645 239.0894569 35.137245325466 LUX 94
-81.17638709 -35.52212526 7.04874902450594 BEN 95
-38.05673884 13.33542775 20.566083987072 GRC 96
-179.811237 126.9236925 31.2466059917567 CHE 97
-108.0088651 -7.945164561 6.98771974572361 SEN 98
46.43905772 -30.49959475 12.0320991769072 JOR 99
-100.3426384 279.7595189 28.5760013473097 NLD 100
104.5307642 -113.6729015 19.8669282199154 OMN 101
-136.026991 96.38206074 24.9983128466014 ITA 102
136.0803625 12.83288925 10.5933591984042 LAO 103
45.98272678 37.14778095 13.8523054657451 ARM 104
93.18207493 -67.96274464 30.2116731620581 ARE 105
28.64200545 -20.28302194 9.79505912989583 PSE 106
46.04767452 238.1030378 28.1911980248472 SWE 107
21.94895774 84.43632506 14.7289835702594 MDA 108
-185.3522858 73.86963405 23.6512795510238 ESP 109
-66.68417067 -35.67363192 8.35558487506244 NGA 110
-70.87817053 14.08499748 14.3534265438719 ALB 111
3.18823319 -96.82163982 10.5832462040241 SWZ 112
45.24952823 66.28710884 14.6268497132168 GEO 113
-57.78246744 -15.64959213 14.9526547023306 LBY 114
148.6854798 -57.80864192 7.64626558254917 PNG 115
10.22542664 149.0009068 21.9512529415754 POL 116
-75.15548268 146.8748745 27.9661987313633 AUT 117
190.4730883 11.03089189 30.2187609447157 HKG 118
97.05549752 147.6138105 23.556011709981 EST 119
-1.161709368 209.1311333 30.7108410473125 NOR 120
-59.66428768 41.78508831 17.4324830971179 MNE 121
53.57259345 13.47660054 12.0676445990354 IRQ 122
-114.2457307 -18.13821816 5.27642453610199 GNB 123
-92.84149884 -18.52771472 5.5725253930822 MLI 124
106.8615473 81.43975834 18.6893860764147 KAZ 125
