-79.57515118 45.38498809 20.963159237170824 HRV 0
85.316711 57.22409136 10.743911879654492 UZB 1
11.12699511 68.42677761 18.348236354463126 BGR 2
-79.98761952 -65.24576178 13.267954203678181 GNQ 3
-17.7475462 57.68929966 16.69834951827993 SRB 4
-80.97418294 -24.32993609 5.5532765431879429 BFA 5
-75.85865073 -45.73708597 5.6298770795479403 TGO 6
77.04286263 77.20929873 13.782559148920457 TKM 7
84.31061467 147.642163 21.873064793078978 LVA 8
-53.30122886 216.1135808 28.202590709905067 DEU 9
115.6423095 -11.73918793 15.761481975130609 THA 10
62.39081048 57.231153 14.420412045886389 AZE 11
142.914494 60.96227215 15.977402748192512 CHN 12
-56.07663873 -64.63638548 13.960107134125208 GAB 13
95.88150673 36.41969833 8.2134067717788781 PAK 14
-27.12385056 -47.1265372 5.6866503853404433 RWA 15
36.83129816 27.75706325 7.8125081795777671 SYR 16
-19.99620562 -65.2364952 6.8484156723986542 ZMB 17
-5.043787756 232.1117907 29.671656553787692 DNK 18
109.6515553 35.24052938 7.519171984737147 NPL 19
-85.85428925 16.90570372 12.235075198203468 TUN 20
-22.47038749 -25.55255385 13.081015031263401 EGY 21
121.7132675 61.34629867 8.1610915466624512 KGZ 22
120.9895849 26.14250017 8.9376320410565953 BGD 23
-87.93489389 -4.771498738 12.554718001149944 DZA 24
-72.64431834 -26.68303677 4.2413850190302425 NER 25
96.26147381 48.55039449 5.1532225390169542 AFG 26
64.28951182 -63.32403988 4.3902505883150784 YEM 27
-204.262876 98.52777476 21.990242764381161 PRT 28
-35.59028781 -46.92375105 3.9539346319818152 COD 29
67.20094757 -10.8802915 27.781804201558501 KWT 30
136.1800603 -13.62324316 7.7159686246120982 KHM 31
129.5055109 -66.09611258 12.932830092539639 IDN 32
108.462468 52.20420008 8.147960256504744 TJK 33
-103.8718944 -26.23168457 4.8536046456927231 SLE 34
11.96023955 33.6271514 21.277497420309953 TUR 35
55.04394436 123.7201712 16.582521418318731 BLR 36
-31.00779601 89.52575458 21.868168751653776 HUN 37
-19.87659685 29.71680954 15.236411595389137 MKD 38
177.4922025 -45.0332991 30.668972123894271 BRN 39
-27.83432604 -104.8792365 13.743658255223345 ZAF 40
-49.89970724 -35.80722649 4.4628216301432282 TCD 41
-107.4778772 111.1840572 27.712339934550698 SMR 42
-168.1297056 160.688762 25.8863510612662 FRA 43
-1.77566483 -71.30784302 4.1905881564292686 MOZ 44
-12.11393419 -38.59069651 5.8719316684833078 ETH 45
-7.293882882 -30.31822089 5.0270020079651463 ERI 46
-148.4446915 34.31276182 27.319292388607426 AND 47
-45.48165977 60.64144506 14.909625390954115 BIH 48
-33.12179433 -58.47686434 8.9256432602864564 AGO 49
84.38601561 231.8910066 26.856789575776968 FIN 50
-38.47013965 -33.41737892 7.2139178409614848 SDN 51
124.1053134 44.03308104 11.734741888338412 BTN 52
135.3050635 31.39210446 7.490636124736473 MMR 53
140.7032134 85.81765186 12.426124122872409 MNG 54
-42.51542463 -42.16729121 3.7595859923685735 CAF 55
4.198537465 -5.92864984 24.609781489244412 ISR 56
150.4382406 5.765706518 10.713970590005722 VNM 57
-136.9099751 3.328345851 10.316829408202592 MAR 58
30.96126055 11.56903744 11.789364721411875 LBN 59
38.21413771 -57.88449166 25.931812876711621 SAU 60
73.64434836 30.48838642 13.767011981931377 IRN 61
3.720837589 -35.06143447 8.5581739212967278 DJI 62
48.70208861 165.5993278 23.519617695646449 LTU 63
84.47503084 110.8923387 19.904621300975325 RUS 64
-12.16176332 -75.05165631 7.4476273321732265 ZWE 65
-107.7509449 5.961073991 8.6080762329838372 MRT 66
-32.96274542 -79.8241013 15.369360990007788 BWA 67
64.96140139 -104.9572272 35.648546417949674 QAT 68
-115.792706 -5.202035434 5.6298770795479403 GMB 69
105.5928482 20.30697137 9.8059850218924982 IND 70
-54.86899128 -44.91492015 7.2730493042354825 CMR 71
-104.8196762 -34.25402504 4.3411959694710847 LBR 72
-88.71326576 -47.59032728 9.1507445897567088 GHA 73
4.364112593 102.2595484 20.927372815597501 ROU 74
57.06933975 91.09071442 13.906310760093143 UKR 75
-22.07780137 -55.11767578 3.2722995845769871 BDI 76
-3.442019998 -47.80391167 8.0819837839764688 KEN 77
-99.74110499 -17.62287498 6.0160495884536056 GIN 78
-7.360915841 -65.01363523 4.6277304526566194 MWI 79
-70.99041823 84.00885459 24.077543875694587 SVN 80
-1.590127895 -80.8489604 6.2773590005749718 LSO 81
-93.46238077 -32.62781266 8.7193122696507039 CIV 82
6.782146812 -45.51743359 3.8440816209190136 SOM 83
-28.35039941 -39.01459239 3.3371038872159238 SSD 84
146.8130987 -72.48466659 8.0687237524303761 TLS 85
-106.6578865 176.1766445 46.277304526566198 LIE 86
-134.8127594 271.571489 27.619449148270615 BEL 87
-44.40230852 -50.97599742 6.4953292149526582 COG 88
-12.38968227 -56.63105284 6.2259745701236406 TZA 89
-45.32646545 171.1563425 23.773205809674369 CZE 90
133.85258 -37.61631628 19.720865772749665 MYS 91
-18.74153986 131.1182897 21.156372162474117 SVK 92
-17.16869479 -47.35854066 5.6488649144977527 UGA 93
-160.7814946 222.9276456 35.137245325465962 LUX 94
-79.88072244 -35.34914857 7.0487490245059377 BEN 95
-34.69208514 1.972871901 20.566083987071952 GRC 96
-159.2708187 111.2877347 31.246605991756731 CHE 97
-104.9384708 -7.447412305 6.9877197457236075 SEN 98
29.63629466 -25.65672235 12.032099176907211 JOR 99
-91.06964415 248.6916887 28.576001347309681 NLD 100
114.514325 -93.16633867 19.866928219915362 OMN 101
-114.6266231 65.43450068 24.998312846601426 ITA 102
134.463879 15.52118403 10.593359198404164 LAO 103
39.61727108 47.32081957 13.852305465745085 ARM 104
93.39894572 -54.57297462 30.211673162058148 ARE 105
34.39984967 -7.080347107 9.7950591298958258 PSE 106
40.99128776 210.5523327 28.191198024847228 SWE 107
35.62418878 104.2389726 14.728983570259432 MDA 108
-178.8269152 67.20308669 23.651279551023766 ESP 109
-66.55637824 -37.71118022 8.3555848750624353 NGA 110
-65.0672739 6.254053744 14.353426543871855 ALB 111
2.776837823 -95.00190647 10.583246204024059 SWZ 112
39.76291046 72.94762963 14.626849713216783 GEO 113
-57.45043533 -19.37211329 14.952654702330632 LBY 114
145.8811977 -58.43787112 7.646265582549173 PNG 115
23.10486492 134.93365 21.951252941575394 POL 116
-61.83142718 128.8003673 27.966198731363324 AUT 117
186.3321879 7.906644528 30.218760944715676 HKG 118
83.72187515 187.594176 23.556011709980986 EST 119
2.265282875 176.2355613 30.710841047312545 NOR 120
-48.45053192 32.38574518 17.432483097117885 MNE 121
52.97947979 21.10688893 12.067644599035431 IRQ 122
-109.6552842 -17.28368523 5.2764245361019873 GNB 123
-89.99228429 -20.56209029 5.5725253930821967 MLI 124
105.574708 78.57669763 18.689386076414738 KAZ 125
