16.21001881 44.47055168 42.72147279023433 HRV 0
63.73831323 41.21463072 21.895351451295877 UZB 1
24.98484182 43.4007092 37.392440294785203 BGR 2
10.11635918 2.413396227 27.039175635771741 GNQ 3
21.08359968 44.00313789 34.030084707942898 SRB 4
-2.281852883 12.44747745 11.31719461042784 BFA 5
1.183740732 8.150704451 11.473301220733907 TGO 6
59.80345574 39.59582075 28.087905024179275 TKM 7
25.22936642 56.68155573 44.575797561067851 LVA 8
8.555404909 51.34911277 57.474934860530666 DEU 9
100.3136303 15.09015207 32.120813266559274 THA 10
47.25685911 40.61959553 29.387805238340881 AZE 11
104.7142713 34.98088796 32.560844910971639 CHN 12
11.42044604 -0.6203210695 28.449735573337918 GAB 13
69.63334138 30.30928887 16.738356559039026 PAK 14
30.04589523 -1.902717255 11.589001302538628 RWA 15
38.1707471 34.71632835 15.92135287631193 SYR 16
29.9807512 -14.8028901 13.956598835819326 ZMB 17
10.49815892 56.83110307 60.468789735477664 DNK 18
84.03582479 27.56865121 15.32355394130915 NPL 19
9.14366462 33.47729214 24.934239455649134 TUN 20
30.36171161 27.01954058 26.658206494747144 EGY 21
75.04680969 40.74991471 16.631741738198304 KGZ 22
90.46995657 24.50462873 18.214277711256717 BGD 23
2.473438878 28.05093935 25.585649443722815 DZA 24
7.656742404 15.74282956 8.6436501594719761 NER 25
64.68124715 32.54850901 10.501912139858691 AFG 26
48.46933541 15.08382671 8.947027923083489 YEM 27
-7.563498582 39.6100159 44.814598185342291 PRT 28
24.77626121 0.08652280749 8.0578460948319055 COD 29
47.7764764 28.59994538 56.617400976279562 KWT 30
104.9025311 12.82668198 15.724611921192242 KHM 31
120.0460154 -4.951596517 26.356215809279057 IDN 32
70.98095905 38.93137333 16.604981074463122 TJK 33
-11.72067089 8.669495526 9.891311536566894 SLE 34
35.27652717 39.57020574 43.362072328976481 TUR 35
28.2489959 52.842526 33.794035028366793 BLR 36
20.25896509 46.82875957 44.565819766301324 HUN 37
22.03472296 42.03049036 31.05075604439649 MKD 38
114.5428829 4.338826524 62.501250086970735 BRN 39
23.61085216 -28.73542482 28.008627685644814 ZAF 40
18.70976643 15.07356666 9.0949227014298195 TCD 41
11.92926065 44.39446221 56.475837590756768 SMR 42
2.174935894 46.45194655 52.754598197270077 FRA 43
34.69030557 -17.93692914 8.5401296567230958 MOZ 44
37.70530445 7.504166384 11.966591779564258 ETH 45
39.05558762 15.35297827 10.244683402439316 ERI 46
1.432812715 42.33815229 55.674833798851687 AND 47
17.85447141 43.73976008 30.384788296737526 BIH 48
18.83657539 -12.0368591 18.189845402859639 AGO 49
25.93058676 64.24752172 54.732284963048919 FIN 50
29.76102301 14.96052839 14.701467048304272 SDN 51
90.60318645 27.54134671 23.91459467588966 BTN 52
97.56040066 22.086879 15.265399826618122 MMR 53
105.5630805 46.24040093 25.32358398833653 MNG 54
20.93319321 7.455068961 7.6617769706545751 CAF 55
34.33523046 31.45417116 50.153037448770512 ISR 56
106.0138001 15.86173068 21.834333167908213 VNM 57
-4.461333929 32.684471 21.024986828440454 MAR 58
35.4595834 33.67444495 24.025912242601439 LBN 59
45.35607207 24.94234592 52.847246241850243 SAU 60
52.39852712 32.03935409 28.056220970073944 IRN 61
42.96913385 11.02589962 17.440968232711608 DJI 62
23.55708442 55.37396413 47.931358821127766 LTU 63
99.45896066 60.62461003 40.564245478884196 RUS 64
29.96645329 -20.05354326 15.17775087349785 ZWE 65
-12.02701161 20.15832753 17.542665702391201 MRT 66
24.06299157 -21.85317999 31.321697741705524 BWA 67
51.26622342 25.51490676 72.649279079338811 QAT 68
-17.19748552 13.91585594 11.473301220733907 GMB 69
76.58235667 20.28153201 19.983921199787819 IND 70
12.3249511 5.875044254 14.821972892424723 CMR 71
-9.524604898 6.585878721 8.8470579929565893 LBR 72
-2.085584258 8.014699086 18.648586388090393 GHA 73
25.15789489 45.97387535 42.648542531096972 ROU 74
31.69043686 49.30020799 28.340102273155335 UKR 75
30.00574626 -4.023581387 6.6687208775344793 BDI 76
37.84626414 0.5896069028 16.470525573552042 KEN 77
-9.725036792 11.62928535 12.260294161296828 GIN 78
33.87537232 -13.85427156 9.43099550868987 MWI 79
15.34488309 46.4020938 49.068373898398285 SVN 80
28.11539906 -29.43749773 12.792824721861408 LSO 81
-4.891629782 7.920636785 17.769357073667468 CIV 82
49.24514728 10.15614597 7.8339732343556454 SOM 83
29.64684642 8.127488849 6.8007875770503823 SSD 84
125.8076894 -8.00473607 16.443502543746042 TLS 85
10.17915647 47.56235161 94.309955086898682 LIE 86
3.28182451 50.83084008 56.286532574579084 BEL 87
14.93759428 -0.5343338061 13.237032986334555 COG 88
34.66281079 -6.481956371 12.688106796355417 TZA 89
15.42566466 49.94924661 48.448153908681213 CZE 90
112.6897327 2.719696248 40.18976438515535 MYS 91
19.28011596 48.94696256 43.115227406973105 SVK 92
32.10092325 0.7247129091 11.511997118855765 UGA 93
6.024461536 49.78435206 71.607282715001318 LUX 94
1.779684651 9.31978403 14.364864391320722 BEN 95
22.17520918 38.81743188 41.912260815032838 GRC 96
6.633802851 46.72594701 63.678428072855958 CHE 97
-13.9718705 14.23783037 14.24049093007811 SEN 98
36.77783397 30.76079179 24.520588322593657 JOR 99
5.978714768 52.78427447 58.235919987103522 NLD 100
56.21666342 21.01084566 40.487429579206825 OMN 101
12.51575159 41.97033921 50.944837559798081 ITA 102
104.6618913 17.93024275 21.588535469851241 LAO 103
44.84196916 40.19126481 28.230043207777054 ARM 104
53.92568854 23.80576838 61.569306340608151 ARE 105
35.60403884 32.6566862 19.961654985408391 PSE 106
14.75021255 61.81225043 57.451717354085211 SWE 107
29.00711544 47.51941257 30.016652724218364 MDA 108
-4.613609713 40.41243895 48.199676602258769 ESP 109
7.614359969 10.05508965 17.028105728144482 NGA 110
19.72526476 40.80456499 29.25129340492505 ALB 111
31.07430349 -26.45468265 21.56792588475248 SWZ 112
43.36657201 42.38744721 29.808510967279723 GEO 113
16.26478401 24.82333089 30.472479065784146 LBY 114
146.6425032 -6.346737035 15.58256192857435 PNG 115
20.00756392 52.38938635 44.735139615417445 POL 116
13.60414131 48.13152653 56.993184311157663 AUT 117
113.9965484 22.02174219 61.583750752851607 HKG 118
26.47587547 58.64628661 48.005527312409534 EST 119
9.891981824 61.64594475 62.586576065385223 NOR 120
18.66626212 42.1821543 35.526198311712655 MNE 121
43.87837114 33.0273381 24.593027441482548 IRQ 122
-14.73992284 11.9585746 10.752989313228532 GNB 123
-3.790458446 16.5677463 11.35642243900544 MLI 124
68.33328156 47.966342 38.08767990055555 KAZ 125
