-2.941023761 1.628327135 0.640624695121877 HRV 0
2.853359216 1.773204045 0.32832910318764 UZB 1
-0.1800613514 2.033601885 0.560713830755046 BGR 2
-2.489471986 -2.040302371 0.405462698654266 GNQ 3
-1.185522846 2.068199952 0.510294032886922 SRB 4
-2.569662445 -0.7339578254 0.169705627484771 BFA 5
-2.316807237 -1.417393984 0.172046505340852 TGO 6
2.370216623 2.302871433 0.421188793773055 TKM 7
1.611315768 4.268726335 0.668430998682736 LVA 8
-3.047630069 6.001470046 0.86185845705661 DEU 9
3.680166589 -0.1654109533 0.481663783151691 THA 10
2.11955842 1.541508804 0.440681290730614 AZE 11
4.479754421 1.747368609 0.488262224629347 CHN 12
-1.720288381 -2.112500039 0.42661458015403 GAB 13
2.903832175 0.9817786522 0.250998007960222 PAK 14
-0.8698540803 -1.490259943 0.173781471969827 RWA 15
1.099107064 0.5782683017 0.238746727726266 SYR 16
-0.601607523 -2.084928829 0.209284495364563 ZMB 17
-1.310220512 7.127082166 0.906752446922532 DNK 18
3.345057146 1.049612108 0.229782505861521 NPL 19
-2.887757627 0.6426373225 0.373898381916799 TUN 20
-0.930262608 -0.5859176485 0.399749921826133 EGY 21
3.813796457 1.911287603 0.249399278266798 KGZ 22
3.722644068 0.741152771 0.273130005674953 BGD 23
-2.743906602 -0.04988347868 0.383666521865016 DZA 24
-2.277022459 -0.7967266515 0.129614813968157 NER 25
3.036458161 1.343224352 0.157480157480236 AFG 26
1.874985843 -2.469776402 0.134164078649987 YEM 27
-6.597956559 1.426291168 0.672011904656458 PRT 28
-1.14037115 -1.4497226 0.120830459735946 COD 29
2.43725433 -0.4664624564 0.848999411071644 KWT 30
4.331383736 -0.3537736553 0.235796522451032 KHM 31
4.100474245 -2.13824632 0.395221456907389 IDN 32
3.381082811 1.678968044 0.248997991959774 TJK 33
-3.329028569 -0.8751675919 0.148323969741913 SLE 34
0.4781402477 1.122015503 0.650230728280355 TUR 35
0.7365524782 3.61648835 0.506754378372796 BLR 36
-1.432943384 3.134360907 0.668281377864145 HUN 37
-0.7525761115 1.271778748 0.465617869072911 MKD 38
5.48726546 -0.8288537982 0.937229961108799 BRN 39
-0.367317595 -3.119683908 0.419999999999998 ZAF 40
-1.63130874 -1.092242274 0.136381816969858 TCD 41
-3.948725752 4.502186604 0.846876614389604 SMR 42
-5.123388504 5.468065949 0.791075217662643 FRA 43
-0.05023207471 -2.179419493 0.128062484748657 MOZ 44
-0.2838807358 -1.241572452 0.179443584449264 ETH 45
-0.5210871919 -1.043130978 0.153622914957372 ERI 46
-6.874356567 2.845258578 0.834865258589671 AND 47
-2.076986487 2.166474008 0.45563142999578 BIH 48
-1.034118201 -1.877831044 0.272763633939717 AGO 49
4.325748001 3.724161204 0.820731381147328 FIN 50
-1.16218556 -1.113046633 0.220454076850486 SDN 51
3.819703542 1.320077014 0.358608421540821 BTN 52
4.181374588 0.9045407143 0.228910462845192 MMR 53
4.151004802 2.567117631 0.37973675092095 MNG 54
-1.379357128 -1.339082829 0.11489125293076 CAF 55
0.03422879024 -0.1238832841 0.752063827078525 ISR 56
4.69035214 0.06346138753 0.327414110874897 VNM 57
-3.711825403 0.591523575 0.315277655408689 MAR 58
1.056754056 0.02133278628 0.360277670693037 LBN 59
1.318316288 -1.731815694 0.792464510246356 SAU 60
2.295648024 0.759782421 0.420713679359253 IRN 61
0.09928057917 -1.092902312 0.26153393661244 DJI 62
1.181554348 5.48288656 0.718748913042654 LTU 63
2.396891525 3.291695917 0.608276253029821 RUS 64
-0.336515583 -2.391957381 0.227596133534821 ZWE 65
-3.310122722 0.1853259881 0.263058928759318 MRT 66
-1.008688762 -2.570693777 0.469680742632695 BWA 67
1.603871418 -3.589511718 1.08940350651171 QAT 68
-3.676354926 -0.2902793212 0.172046505340852 GMB 69
3.217071929 0.5749926315 0.299666481275434 IND 70
-1.737519284 -1.434792507 0.222261107708928 CMR 71
-3.249681981 -1.123703515 0.132664991614216 LBR 72
-2.734972637 -1.453486905 0.279642629082191 GHA 73
-0.2187514837 3.14734097 0.639531078212779 ROU 74
1.391787282 3.051490669 0.424970587217514 UKR 75
-0.7149270121 -1.6919451 0.1 BDI 76
-0.07936531455 -1.580689157 0.246981780704569 KEN 77
-3.170191987 -0.610806832 0.183847763108502 GIN 78
-0.2319735668 -1.991706581 0.141421356237309 MWI 79
-2.782016602 3.018887277 0.735798885565886 SVN 80
0.2364261401 -3.220718264 0.191833260932508 LSO 81
-2.909329894 -0.9771179085 0.266458251889484 CIV 82
0.2425205581 -1.424576182 0.117473401244707 SOM 83
-0.863696545 -1.233185532 0.101980390271856 SSD 84
4.626159349 -2.488585839 0.246576560118759 TLS 85
-7.589539284 4.857529202 1.41421356237309 LIE 86
-4.433141306 6.954780601 0.844037913840366 BEL 87
-1.398504876 -1.629471169 0.198494332412792 COG 88
-0.4508957369 -1.745957817 0.190262975904404 TZA 89
-1.343501318 5.567289444 0.726498451478047 CZE 90
4.074711335 -1.143136615 0.602660766932775 MYS 91
-0.9317073174 4.253624549 0.646529195009783 SVK 92
-0.5551215051 -1.424028584 0.17262676501632 UGA 93
-6.280999757 6.873516832 1.07377837564369 LUX 94
-2.470507213 -1.077546983 0.21540659228538 BEN 95
-1.165486938 0.343637746 0.628490254498827 GRC 96
-5.506584433 3.892596813 0.954882191686491 CHE 97
-3.298316004 -0.2570272813 0.213541565040626 SEN 98
1.276963278 -0.6178140768 0.367695526217004 JOR 99
-2.897734976 7.73354902 0.873269717784832 NLD 100
3.176775658 -3.441455205 0.607124369466422 OMN 101
-4.174590993 3.013256196 0.76393717019137 ITA 102
4.181710807 0.3902741965 0.323728281124774 LAO 103
1.473343722 1.066201679 0.423320209770335 ARM 104
2.878908699 -2.05161626 0.923255111006701 ARE 105
0.6777340684 -0.9050662354 0.299332590941915 PSE 106
4.79234454 5.340372225 0.861510301737592 SWE 107
0.6620650927 2.598986973 0.450111097397074 MDA 108
-5.45032347 2.21147009 0.722772439983706 ESP 109
-2.034294882 -1.105254864 0.255342906696074 NGA 110
-2.15103555 0.4587401718 0.438634243989227 ALB 111
0.1418490496 -2.611673356 0.323419232575925 SWZ 112
1.322928071 1.923591033 0.44698993277254 GEO 113
-1.775452633 -0.4946117167 0.456946386351833 LBY 114
4.67152694 -1.932635834 0.233666428910958 PNG 115
0.2459890787 4.594472553 0.670820393249936 POL 116
-2.370155525 4.43696094 0.854634424768858 AUT 117
5.563696441 0.9336921977 0.923471710449215 HKG 118
2.367514554 6.111004728 0.719861097712607 EST 119
3.032694573 4.722246442 0.938509456532003 NOR 120
-1.801112104 1.289982107 0.532728824074688 MNE 121
1.648414233 0.3504209464 0.368781778291714 IRQ 122
-3.487001721 -0.5494089547 0.161245154965971 GNB 123
-2.833706995 -0.5569780807 0.170293863659264 MLI 124
3.270715142 2.499731247 0.571139212451744 KAZ 125
