-2.941023761 1.628327135 0.640624695121877 HRV 0
2.853445859 1.773068637 0.32832910318764 UZB 1
-0.1796242794 2.033818976 0.560713830755046 BGR 2
-2.489294144 -2.040296843 0.405462698654266 GNQ 3
-1.185628977 2.068005783 0.510294032886922 SRB 4
-2.569655222 -0.7340079352 0.169705627484771 BFA 5
-2.316807237 -1.417393984 0.172046505340852 TGO 6
2.370216623 2.302871433 0.421188793773055 TKM 7
1.611735297 4.2689404 0.668430998682736 LVA 8
-3.047630069 6.001470046 0.86185845705661 DEU 9
3.680166589 -0.1654109533 0.481663783151691 THA 10
2.119510621 1.541190511 0.440681290730614 AZE 11
4.479869699 1.74725614 0.488262224629347 CHN 12
-1.720259704 -2.112683461 0.42661458015403 GAB 13
2.904141226 0.9818324476 0.250998007960222 PAK 14
-0.8697887222 -1.490116678 0.173781471969827 RWA 15
1.098804089 0.5783331052 0.238746727726266 SYR 16
-0.6016581247 -2.084897147 0.209284495364563 ZMB 17
-1.310220512 7.127082166 0.906752446922532 DNK 18
3.345255459 1.049729152 0.229782505861521 NPL 19
-2.887757627 0.6426373225 0.373898381916799 TUN 20
-0.9301725537 -0.5858612991 0.399749921826133 EGY 21
3.813796457 1.911287603 0.249399278266798 KGZ 22
3.722644068 0.741152771 0.273130005674953 BGD 23
-2.743906602 -0.04988347868 0.383666521865016 DZA 24
-2.276929373 -0.7964427133 0.129614813968157 NER 25
3.036458161 1.343224352 0.157480157480236 AFG 26
1.874985843 -2.469776402 0.134164078649987 YEM 27
-6.597956559 1.426291168 0.672011904656458 PRT 28
-1.140284615 -1.44975074 0.120830459735946 COD 29
2.437099819 -0.4665152959 0.848999411071644 KWT 30
4.331383736 -0.3537736553 0.235796522451032 KHM 31
4.100474245 -2.13824632 0.395221456907389 IDN 32
3.381053371 1.678964803 0.248997991959774 TJK 33
-3.328932065 -0.8751216596 0.148323969741913 SLE 34
0.4780629957 1.122166494 0.650230728280355 TUR 35
0.7368838371 3.617149401 0.506754378372796 BLR 36
-1.432779181 3.134330385 0.668281377864145 HUN 37
-0.7523124564 1.272402889 0.465617869072911 MKD 38
5.48726546 -0.8288537982 0.937229961108799 BRN 39
-0.367317595 -3.119683908 0.419999999999998 ZAF 40
-1.629611891 -1.092850074 0.136381816969858 TCD 41
-3.948717166 4.501680453 0.846876614389604 SMR 42
-5.123410856 5.467329743 0.791075217662643 FRA 43
-0.05023207471 -2.179419493 0.128062484748657 MOZ 44
-0.2839227484 -1.241546002 0.179443584449264 ETH 45
-0.5210854754 -1.043140052 0.153622914957372 ERI 46
-6.874356567 2.845258578 0.834865258589671 AND 47
-2.077073637 2.166523633 0.45563142999578 BIH 48
-1.034118201 -1.877831044 0.272763633939717 AGO 49
4.328045326 3.723481935 0.820731381147328 FIN 50
-1.16218556 -1.113046633 0.220454076850486 SDN 51
3.819694064 1.320393236 0.358608421540821 BTN 52
4.181374588 0.9045407143 0.228910462845192 MMR 53
4.150953706 2.567073779 0.37973675092095 MNG 54
-1.379357128 -1.339082829 0.11489125293076 CAF 55
0.03438916039 -0.1244580008 0.752063827078525 ISR 56
4.690313332 0.0634858899 0.327414110874897 VNM 57
-3.711825403 0.591523575 0.315277655408689 MAR 58
1.056686172 0.02101699104 0.360277670693037 LBN 59
1.318439988 -1.731674602 0.792464510246356 SAU 60
2.295648024 0.759782421 0.420713679359253 IRN 61
0.09928057917 -1.092902312 0.26153393661244 DJI 62
1.182027441 5.48284872 0.718748913042654 LTU 63
2.397120577 3.29177647 0.608276253029821 RUS 64
-0.3366311144 -2.391877362 0.227596133534821 ZWE 65
-3.310113321 0.1852970148 0.263058928759318 MRT 66
-1.008688762 -2.570693777 0.469680742632695 BWA 67
1.603871418 -3.589511718 1.08940350651171 QAT 68
-3.676354926 -0.2902793212 0.172046505340852 GMB 69
3.217153681 0.5752266851 0.299666481275434 IND 70
-1.737747429 -1.434826574 0.222261107708928 CMR 71
-3.249697517 -1.123640022 0.132664991614216 LBR 72
-2.734894922 -1.453521912 0.279642629082191 GHA 73
-0.2179273151 3.147345527 0.639531078212779 ROU 74
1.391787282 3.051490669 0.424970587217514 UKR 75
-0.7149224661 -1.691950464 0.1 BDI 76
-0.07936531455 -1.580689157 0.246981780704569 KEN 77
-3.170227475 -0.6107398599 0.183847763108502 GIN 78
-0.2319735668 -1.991706581 0.141421356237309 MWI 79
-2.781955966 3.018853895 0.735798885565886 SVN 80
0.2364261401 -3.220718264 0.191833260932508 LSO 81
-2.909374533 -0.9771567434 0.266458251889484 CIV 82
0.2425205581 -1.424576182 0.117473401244707 SOM 83
-0.863696545 -1.233185532 0.101980390271856 SSD 84
4.626159349 -2.488585839 0.246576560118759 TLS 85
-7.589539284 4.857529202 1.41421356237309 LIE 86
-4.433141306 6.954780601 0.844037913840366 BEL 87
-1.398606459 -1.629597256 0.198494332412792 COG 88
-0.4509363543 -1.74599441 0.190262975904404 TZA 89
-1.343501318 5.567289444 0.726498451478047 CZE 90
4.074711335 -1.143136615 0.602660766932775 MYS 91
-0.9317073174 4.253624549 0.646529195009783 SVK 92
-0.5550700204 -1.424016284 0.17262676501632 UGA 93
-6.280999757 6.873516832 1.07377837564369 LUX 94
-2.470621465 -1.077530479 0.21540659228538 BEN 95
-1.165085307 0.3441327343 0.628490254498827 GRC 96
-5.506243859 3.892029595 0.954882191686491 CHE 97
-3.298396215 -0.2569890257 0.213541565040626 SEN 98
1.276996494 -0.6178674241 0.367695526217004 JOR 99
-2.897734976 7.73354902 0.873269717784832 NLD 100
3.176775658 -3.441455205 0.607124369466422 OMN 101
-4.174500633 3.013119041 0.76393717019137 ITA 102
4.181759924 0.3902261248 0.323728281124774 LAO 103
1.473156224 1.066295979 0.423320209770335 ARM 104
2.878729743 -2.051360387 0.923255111006701 ARE 105
0.6777340684 -0.9050662354 0.299332590941915 PSE 106
4.79234454 5.340372225 0.861510301737592 SWE 107
0.6620650927 2.598986973 0.450111097397074 MDA 108
-5.45032347 2.21147009 0.722772439983706 ESP 109
-2.034458273 -1.105382559 0.255342906696074 NGA 110
-2.151081535 0.4586616872 0.438634243989227 ALB 111
0.1418490496 -2.611673356 0.323419232575925 SWZ 112
1.322928071 1.923591033 0.44698993277254 GEO 113
-1.775452633 -0.4946117167 0.456946386351833 LBY 114
4.67152694 -1.932635834 0.233666428910958 PNG 115
0.2461963444 4.594520867 0.670820393249936 POL 116
-2.370453758 4.437087886 0.854634424768858 AUT 117
5.563696441 0.9336921977 0.923471710449215 HKG 118
2.369013786 6.108141262 0.719861097712607 EST 119
3.033854336 4.719597579 0.938509456532003 NOR 120
-1.801223856 1.289754432 0.532728824074688 MNE 121
1.648031771 0.3501869261 0.368781778291714 IRQ 122
-3.486984255 -0.5493599511 0.161245154965971 GNB 123
-2.833706995 -0.5569780807 0.170293863659264 MLI 124
3.270792747 2.499752236 0.571139212451744 KAZ 125
