-97.46588747 52.61607355 20.9631592371708 HRV 0
92.26898661 57.9041227 10.7439118796545 UZB 1
-5.926399899 68.84309166 18.3482363544631 BGR 2
-82.58607921 -68.1050508 13.2679542036782 GNQ 3
-38.89489334 67.543798 16.6983495182799 SRB 4
-83.88511773 -23.9747025 5.55327654318794 BFA 5
-75.98921713 -46.28230684 5.62987707954794 TGO 6
76.78877826 75.46654606 13.7825591489205 TKM 7
53.96717263 139.6476602 21.873064793079 LVA 8
-64.95638463 230.9683978 28.2025907099051 DEU 9
120.5267556 -6.337269372 15.7614819751306 THA 10
70.01325862 49.80067026 14.4204120458864 AZE 11
148.2232932 58.63656544 15.9774027481925 CHN 12
-57.00316794 -69.89107325 13.9601071341252 GAB 13
95.03989077 31.87081052 8.21340677177888 PAK 14
-28.57902801 -49.10547529 5.68665038534044 RWA 15
35.68894914 19.2328835 7.81250817957777 SYR 16
-20.44994264 -67.94237224 6.84841567239865 ZMB 17
-14.87801016 264.8716408 29.6716565537877 DNK 18
109.5681264 35.00104143 7.51917198473715 NPL 19
-95.36454213 21.43993471 12.2350751982035 TUN 20
-31.19599013 -18.84747317 13.0810150312634 EGY 21
125.8285964 62.55831516 8.16109154666245 KGZ 22
121.2134274 24.20007705 8.9376320410566 BGD 23
-90.88336844 -1.556516564 12.5547180011499 DZA 24
-74.81288901 -26.24550244 4.24138501903024 NER 25
99.30425097 43.7161319 5.15322253901695 AFG 26
60.53977943 -67.95274546 4.39025058831508 YEM 27
-223.043048 95.13754339 21.9902427643812 PRT 28
-37.44979347 -47.16692026 3.95393463198182 COD 29
80.43159248 -14.91722918 27.7818042015585 KWT 30
141.9115016 -11.96390098 7.7159686246121 KHM 31
133.7438548 -70.08853101 12.9328300925396 IDN 32
109.0105894 51.91287225 8.14796025650474 TJK 33
-108.2417477 -28.60718439 4.85360464569272 SLE 34
14.16502411 37.42061795 21.27749742031 TUR 35
25.44847277 117.3545544 16.5825214183187 BLR 36
-48.14409503 104.083816 21.8681687516538 HUN 37
-22.83820898 42.13437481 15.2364115953891 MKD 38
182.9580846 -46.4129097 30.6689721238943 BRN 39
-23.74863338 -110.2265029 13.7436582552233 ZAF 40
-53.91782487 -35.81529678 4.46282163014323 TCD 41
-128.4511952 146.0193795 27.7123399345507 SMR 42
-191.33746 180.0793065 25.8863510612662 FRA 43
-1.446590525 -71.14686749 4.19058815642927 MOZ 44
-8.945549697 -41.12561583 5.87193166848331 ETH 45
-9.784210442 -30.87951138 5.02700200796515 ERI 46
-145.0650381 48.41717589 27.3192923886074 AND 47
-68.38358896 71.47802338 14.9096253909541 BIH 48
-33.95751128 -61.77887822 8.92564326028646 AGO 49
94.89710358 219.3153053 26.856789575777 FIN 50
-38.56911958 -36.56678297 7.21391784096148 SDN 51
125.8895961 43.8311408 11.7347418883384 BTN 52
137.4093024 29.86882291 7.49063612473647 MMR 53
140.7032134 85.81765186 12.4261241228724 MNG 54
-45.51939602 -44.23395294 3.75958599236857 CAF 55
0.8827160114 -3.676413183 24.6097814892444 ISR 56
153.1003801 1.986177883 10.7139705900057 VNM 57
-125.9227262 12.32610897 10.3168294082026 MAR 58
34.87790467 0.7257624594 11.7893647214119 LBN 59
32.34528206 -63.51899121 25.9318128767116 SAU 60
75.85087861 23.92018373 13.7670119819314 IRN 61
3.616404759 -35.93741478 8.55817392129673 DJI 62
40.25234994 180.1110705 23.5196176956464 LTU 63
77.36943798 108.044084 19.9046213009753 RUS 64
-11.58733718 -78.06709888 7.44762733217323 ZWE 65
-109.0405146 6.64464055 8.60807623298384 MRT 66
-33.60002344 -84.64295202 15.3693609900078 BWA 67
52.40595686 -118.0125546 35.6485464179497 QAT 68
-119.8136965 -6.031537194 5.62987707954794 GMB 69
104.7123204 17.9249142 9.8059850218925 IND 70
-57.17346403 -47.09075781 7.27304930423548 CMR 71
-106.6167008 -37.10756596 4.34119596947108 LBR 72
-89.88946611 -48.29297371 9.15074458975671 GHA 73
-7.898864783 105.7573213 20.9273728155975 ROU 74
45.48074014 96.80688679 13.9063107600931 UKR 75
-22.88631729 -55.3637756 3.27229958457699 BDI 76
-1.70979061 -52.20230297 8.08198378397647 KEN 77
-103.7019734 -19.43875105 6.01604958845361 GIN 78
-7.299110206 -65.25350218 4.62773045265662 MWI 79
-91.21477515 100.205974 24.0775438756946 SVN 80
0.984980981 -81.10046888 6.27735900057497 LSO 81
-95.57052318 -31.71290234 8.7193122696507 CIV 82
8.097100486 -46.7251878 3.84408162091901 SOM 83
-28.28254552 -40.17567903 3.33710388721592 SSD 84
152.1499004 -77.30564779 8.06872375243038 TLS 85
-133.3420269 215.5523352 46.2773045265662 LIE 86
-157.4935118 281.7768004 27.6194491482706 BEL 87
-46.14173531 -53.89057393 6.49532921495266 COG 88
-14.16176824 -57.35539243 6.22597457012364 TZA 89
-46.64416163 185.6023367 23.7732058096744 CZE 90
132.910666 -37.37783883 19.7208657727497 MYS 91
-30.24159651 140.5085759 21.1563721624741 SVK 92
-18.13291418 -46.89941591 5.64886491449775 UGA 93
-206.2426208 239.1637143 35.137245325466 LUX 94
-81.22982667 -35.53499584 7.04874902450594 BEN 95
-38.52005018 12.30550496 20.566083987072 GRC 96
-180.7148129 127.3641206 31.2466059917567 CHE 97
-108.1049229 -8.017982078 6.98771974572361 SEN 98
46.43160375 -30.68015828 12.0320991769072 JOR 99
-100.3426384 279.7595189 28.5760013473097 NLD 100
104.485192 -113.7518254 19.8669282199154 OMN 101
-137.298929 97.06603941 24.9983128466014 ITA 102
136.2432596 12.87613277 10.5933591984042 LAO 103
47.20341059 36.0950175 13.8523054657451 ARM 104
93.1151908 -68.00860584 30.2116731620581 ARE 105
28.60455221 -20.41369433 9.79505912989583 PSE 106
46.6627459 238.2363533 28.1911980248472 SWE 107
21.25290807 84.99817511 14.7289835702594 MDA 108
-185.5989324 74.07938767 23.6512795510238 ESP 109
-66.73589963 -35.91235333 8.35558487506244 NGA 110
-71.31272402 14.51887671 14.3534265438719 ALB 111
3.144594331 -96.83881774 10.5832462040241 SWZ 112
45.24952823 66.28710884 14.6268497132168 GEO 113
-57.99242622 -15.79171876 14.9526547023306 LBY 114
148.7153305 -57.77976287 7.64626558254917 PNG 115
9.252582281 149.806268 21.9512529415754 POL 116
-76.05122141 146.7857152 27.9661987313633 AUT 117
190.5670361 11.0745164 30.2187609447157 HKG 118
96.06979472 147.7412697 23.556011709981 EST 119
-1.360946048 209.669286 30.7108410473125 NOR 120
-59.99875438 42.21466535 17.4324830971179 MNE 121
53.9123916 12.63901921 12.0676445990354 IRQ 122
-114.2636506 -18.14491636 5.27642453610199 GNB 123
-92.82693066 -18.51478898 5.5725253930822 MLI 124
106.8444759 81.54632501 18.6893860764147 KAZ 125
