-2.941130179 1.628142971 0.6406246951218770 HRV 0
2.853354652 1.773249083 0.3283291031876400 UZB 1
-0.180488257 2.033577681 0.5607138307550460 BGR 2
-2.489626428 -2.040452839 0.4054626986542660 GNQ 3
-1.185418424 2.068187723 0.5102940328869220 SRB 4
-2.569677802 -0.73386499 0.1697056274847710 BFA 5
-2.316807237 -1.402947606 0.1720465053408520 TGO 6
2.370216623 2.302871433 0.4211887937730550 TKM 7
1.610892439 4.269243135 0.6684309986827360 LVA 8
-3.047630069 5.946302371 0.8618584570566100 DEU 9
3.657013284 -0.149975409 0.4816637831516910 THA 10
2.119710415 1.541581991 0.4406812907306140 AZE 11
4.479923315 1.747356053 0.4882622246293470 CHN 12
-1.720241781 -2.112540063 0.4266145801540300 GAB 13
2.903684062 0.98172877 0.2509980079602220 PAK 14
-0.869838588 -1.490315028 0.1737814719698270 RWA 15
1.099145823 0.578215818 0.2387467277262660 SYR 16
-0.601598442 -2.084895538 0.2092844953645630 ZMB 17
-1.398410233 7.055316744 0.9067524469225320 DNK 18
3.344967498 1.049515702 0.2297825058615210 NPL 19
-2.887757627 0.642637323 0.3738983819167990 TUN 20
-0.930424741 -0.585792116 0.3997499218261330 EGY 21
3.813796457 1.911287603 0.2493992782667980 KGZ 22
3.722644068 0.741152771 0.2731300056749530 BGD 23
-2.731083497 -0.049883479 0.3836665218650160 DZA 24
-2.277200868 -0.797501861 0.1296148139681570 NER 25
3.049901154 1.359619086 0.1574801574802360 AFG 26
2.021613508 -2.531377802 0.1341640786499870 YEM 27
-6.510949036 1.463579834 0.6720119046564580 PRT 28
-1.140414301 -1.449816291 0.1208304597359460 COD 29
2.437071175 -0.46631219 0.8489994110716440 KWT 30
4.370391400 -0.123911501 0.2357965224510320 KHM 31
4.796152731 -1.85301716 0.3952214569073890 IDN 32
3.381104716 1.678949172 0.2489979919597740 TJK 33
-3.535616180 -0.836637425 0.1483239697419130 SLE 34
0.478041573 1.122080296 0.6502307282803550 TUR 35
0.736440809 3.616363988 0.5067543783727960 BLR 36
-1.433762027 3.134574605 0.6682813778641450 HUN 37
-0.753016873 1.271649989 0.4656178690729110 MKD 38
5.415034644 -0.436661076 0.9372299611087990 BRN 39
-0.357686673 -3.110052989 0.4199999999999980 ZAF 40
-1.636386074 -1.092208156 0.1363818169698580 TCD 41
-3.948790410 4.502504095 0.8468766143896040 SMR 42
-5.123594307 5.468617334 0.7910752176626430 FRA 43
-0.050232075 -2.179419493 0.1280624847486570 MOZ 44
-0.283809745 -1.241548703 0.1794435844492640 ETH 45
-0.489469604 -1.008344266 0.1536229149573720 ERI 46
-6.842197715 2.829179391 0.8348652585896710 AND 47
-2.077018590 2.166394978 0.4556314299957800 BIH 48
-1.034118201 -1.877831044 0.2727636339397170 AGO 49
4.046865363 3.686683087 0.8207313811473280 FIN 50
-1.162189467 -1.113026792 0.2204540768504860 SDN 51
3.819699131 1.320024448 0.3586084215408210 BTN 52
4.181374588 0.904540714 0.2289104628451920 MMR 53
4.164524862 2.553569073 0.3797367509209500 MNG 54
-1.379394382 -1.339030699 0.1148912529307600 CAF 55
0.034046551 -0.123381575 0.7520638270785250 ISR 56
4.677450320 0.737392412 0.3274141108748970 VNM 57
-3.657647642 0.595581251 0.3152776554086890 MAR 58
1.056799898 0.021246939 0.3602776706930370 LBN 59
1.318274015 -1.731661345 0.7924645102463560 SAU 60
2.295648024 0.759782421 0.4207136793592530 IRN 61
0.099280579 -1.092902312 0.2615339366124400 DJI 62
1.181391065 5.48370291 0.7187489130426540 LTU 63
2.406352322 3.29193916 0.6082762530298210 RUS 64
-0.336468919 -2.392030996 0.2275961335348210 ZWE 65
-3.310011461 0.185427378 0.2630589287593180 MRT 66
-1.008688762 -2.570693777 0.4696807426326950 BWA 67
1.603871418 -3.589511718 1.0894035065117100 QAT 68
-3.676354926 -0.300983838 0.1720465053408520 GMB 69
3.217216927 0.574752638 0.2996664812754340 IND 70
-1.737517883 -1.434811882 0.2222611077089280 CMR 71
-3.278570930 -0.89258649 0.1326649916142160 LBR 72
-2.735131035 -1.453433636 0.2796426290821910 GHA 73
-0.219237045 3.147460653 0.6395310782127790 ROU 74
1.391721763 3.051373842 0.4249705872175140 UKR 75
-0.714960520 -1.691936354 0.1000000000000000 BDI 76
-0.079365315 -1.580689157 0.2469817807045690 KEN 77
-3.170145358 -0.610794488 0.1838477631085020 GIN 78
-0.263303214 -2.007162781 0.1414213562373090 MWI 79
-2.782018009 3.019131726 0.7357988855658860 SVN 80
0.242698292 -3.17648828 0.1918332609325080 LSO 81
-2.909291928 -0.977078766 0.2664582518894840 CIV 82
0.229736345 -1.424576182 0.1174734012447070 SOM 83
-0.863696545 -1.233185532 0.1019803902718560 SSD 84
5.254055181 -2.290242085 0.2465765601187590 TLS 85
-7.527391667 4.883953133 1.4142135623730900 LIE 86
-4.470429972 6.880203269 0.8440379138403660 BEL 87
-1.398432767 -1.629423815 0.1984943324127920 COG 88
-0.450813427 -1.745886599 0.1902629759044040 TZA 89
-1.377978313 5.530000778 0.7264984514780470 CZE 90
4.113718999 -1.130468005 0.6026607669327750 MYS 91
-0.931707317 4.253624549 0.6465291950097830 SVK 92
-0.555034799 -1.424119461 0.1726267650163200 UGA 93
-6.280999757 6.84865788 1.0737783756436901 LUX 94
-2.470538896 -1.077466447 0.2154065922853800 BEN 95
-1.165823781 0.343287912 0.6284902544988270 GRC 96
-5.506869207 3.892601933 0.9548821916864910 CHE 97
-3.298321372 -0.256999213 0.2135415650406260 SEN 98
1.276972037 -0.617932933 0.3676955262170040 JOR 99
-2.947453118 7.671401403 0.8732697177848320 NLD 100
3.176775658 -3.441455205 0.6071243694664220 OMN 101
-4.174714703 3.01318525 0.7639371701913700 ITA 102
4.181541067 0.38999212 0.3237282811247740 LAO 103
1.473384442 1.066164672 0.4233202097703350 ARM 104
2.879253534 -2.051554336 0.9232551110067010 ARE 105
0.677734068 -0.905066235 0.2993325909419150 PSE 106
5.597252339 4.338979861 0.8615103017375920 SWE 107
0.699353759 2.597422232 0.4501110973970740 MDA 108
-5.294484980 2.139297567 0.7227724399837060 ESP 109
-2.034236263 -1.105159732 0.2553429066960740 NGA 110
-2.151056290 0.458758862 0.4386342439892270 ALB 111
0.154838735 -2.576063157 0.3234192325759250 SWZ 112
1.301106572 1.879948035 0.4469899327725400 GEO 113
-1.775452633 -0.494611717 0.4569463863518330 LBY 114
5.422640354 -1.876397302 0.2336664289109580 PNG 115
0.246023429 4.594428246 0.6708203932499360 POL 116
-2.369978262 4.437399227 0.8546344247688580 AUT 117
5.797742423 1.271758359 0.9234717104492151 HKG 118
2.875785157 4.526358136 0.7198610977126070 EST 119
4.213301127 5.34451071 0.9385094565320030 NOR 120
-1.801073169 1.290145817 0.5327288240746880 MNE 121
1.648450312 0.350350812 0.3687817782917140 IRQ 122
-3.487025984 -0.549427524 0.1612451549659710 GNB 123
-2.833706995 -0.556978081 0.1702938636592640 MLI 124
3.270626058 2.499683984 0.5711392124517440 KAZ 125