-2.941130179 1.628142971 0.640624695121877 HRV 0
2.853354652 1.773249083 0.32832910318764 UZB 1
-0.1804882566 2.033577681 0.560713830755046 BGR 2
-2.489626428 -2.040452839 0.405462698654266 GNQ 3
-1.185418424 2.068187723 0.510294032886922 SRB 4
-2.569677802 -0.7338649904 0.169705627484771 BFA 5
-2.316807237 -1.417393984 0.172046505340852 TGO 6
2.370216623 2.302871433 0.421188793773055 TKM 7
1.610892439 4.269243135 0.668430998682736 LVA 8
-3.047630069 6.001470046 0.86185845705661 DEU 9
3.680166589 -0.1654109533 0.481663783151691 THA 10
2.119710415 1.541581991 0.440681290730614 AZE 11
4.479923315 1.747356053 0.488262224629347 CHN 12
-1.720241781 -2.112540063 0.42661458015403 GAB 13
2.903684062 0.9817287702 0.250998007960222 PAK 14
-0.8698385881 -1.490315028 0.173781471969827 RWA 15
1.099145823 0.5782158176 0.238746727726266 SYR 16
-0.6015984423 -2.084895538 0.209284495364563 ZMB 17
-1.310220512 7.127082166 0.906752446922532 DNK 18
3.344967498 1.049515702 0.229782505861521 NPL 19
-2.887757627 0.6426373225 0.373898381916799 TUN 20
-0.9304247413 -0.5857921162 0.399749921826133 EGY 21
3.813796457 1.911287603 0.249399278266798 KGZ 22
3.722644068 0.741152771 0.273130005674953 BGD 23
-2.743906602 -0.04988347868 0.383666521865016 DZA 24
-2.277200868 -0.7975018606 0.129614813968157 NER 25
3.036458161 1.343224352 0.157480157480236 AFG 26
1.874985843 -2.469776402 0.134164078649987 YEM 27
-6.597956559 1.426291168 0.672011904656458 PRT 28
-1.140414301 -1.449816291 0.120830459735946 COD 29
2.437071175 -0.4663121904 0.848999411071644 KWT 30
4.331383736 -0.3537736553 0.235796522451032 KHM 31
4.1005403 -2.138145158 0.395221456907389 IDN 32
3.381104716 1.678949172 0.248997991959774 TJK 33
-3.329072496 -0.8751610987 0.148323969741913 SLE 34
0.4780415726 1.122080296 0.650230728280355 TUR 35
0.7364408086 3.616363988 0.506754378372796 BLR 36
-1.433762027 3.134574605 0.668281377864145 HUN 37
-0.7530168732 1.271649989 0.465617869072911 MKD 38
5.48726546 -0.8288537982 0.937229961108799 BRN 39
-0.367317595 -3.119683908 0.419999999999998 ZAF 40
-1.631570615 -1.092208156 0.136381816969858 TCD 41
-3.94879041 4.502504095 0.846876614389604 SMR 42
-5.123594307 5.468617334 0.791075217662643 FRA 43
-0.05023207471 -2.179419493 0.128062484748657 MOZ 44
-0.2838097454 -1.241548703 0.179443584449264 ETH 45
-0.5210850396 -1.043121311 0.153622914957372 ERI 46
-6.874356567 2.845258578 0.834865258589671 AND 47
-2.07701859 2.166394978 0.45563142999578 BIH 48
-1.034118201 -1.877831044 0.272763633939717 AGO 49
4.325100084 3.723971992 0.820731381147328 FIN 50
-1.162189467 -1.113026792 0.220454076850486 SDN 51
3.819699131 1.320024448 0.358608421540821 BTN 52
4.181374588 0.9045407143 0.228910462845192 MMR 53
4.151081869 2.567012066 0.37973675092095 MNG 54
-1.379394382 -1.339030699 0.11489125293076 CAF 55
0.03404655149 -0.1233815751 0.752063827078525 ISR 56
4.690452716 0.06343956427 0.327414110874897 VNM 57
-3.711825403 0.591523575 0.315277655408689 MAR 58
1.056799898 0.02124693864 0.360277670693037 LBN 59
1.318274015 -1.731661345 0.792464510246356 SAU 60
2.295648024 0.759782421 0.420713679359253 IRN 61
0.09928057917 -1.092902312 0.26153393661244 DJI 62
1.181391065 5.48370291 0.718748913042654 LTU 63
2.396734517 3.29193916 0.608276253029821 RUS 64
-0.336468919 -2.392030996 0.227596133534821 ZWE 65
-3.310011461 0.1854273784 0.263058928759318 MRT 66
-1.008688762 -2.570693777 0.469680742632695 BWA 67
1.603871418 -3.589511718 1.08940350651171 QAT 68
-3.676354926 -0.2902793212 0.172046505340852 GMB 69
3.217216927 0.5747526377 0.299666481275434 IND 70
-1.737517883 -1.434811882 0.222261107708928 CMR 71
-3.249677936 -1.123728653 0.132664991614216 LBR 72
-2.735131035 -1.453433636 0.279642629082191 GHA 73
-0.2192370447 3.147460653 0.639531078212779 ROU 74
1.391721763 3.051373842 0.424970587217514 UKR 75
-0.7149605196 -1.691936354 0.1 BDI 76
-0.07936531455 -1.580689157 0.246981780704569 KEN 77
-3.170145358 -0.6107944881 0.183847763108502 GIN 78
-0.2319735668 -1.991706581 0.141421356237309 MWI 79
-2.782018009 3.019131726 0.735798885565886 SVN 80
0.2364261401 -3.220718264 0.191833260932508 LSO 81
-2.909291928 -0.9770787658 0.266458251889484 CIV 82
0.2425205581 -1.424576182 0.117473401244707 SOM 83
-0.863696545 -1.233185532 0.101980390271856 SSD 84
4.626159349 -2.488585839 0.246576560118759 TLS 85
-7.589539284 4.857529202 1.41421356237309 LIE 86
-4.433141306 6.954780601 0.844037913840366 BEL 87
-1.398432767 -1.629423815 0.198494332412792 COG 88
-0.4508134265 -1.745886599 0.190262975904404 TZA 89
-1.343501318 5.567289444 0.726498451478047 CZE 90
4.074711335 -1.143136615 0.602660766932775 MYS 91
-0.9317073174 4.253624549 0.646529195009783 SVK 92
-0.5550347991 -1.424119461 0.17262676501632 UGA 93
-6.280999757 6.873516832 1.07377837564369 LUX 94
-2.470538896 -1.077466447 0.21540659228538 BEN 95
-1.165823781 0.3432879122 0.628490254498827 GRC 96
-5.506869207 3.892601933 0.954882191686491 CHE 97
-3.298321372 -0.2569992134 0.213541565040626 SEN 98
1.276972037 -0.6179329326 0.367695526217004 JOR 99
-2.897734976 7.73354902 0.873269717784832 NLD 100
3.176775658 -3.441455205 0.607124369466422 OMN 101
-4.174714703 3.01318525 0.76393717019137 ITA 102
4.181541067 0.3899921195 0.323728281124774 LAO 103
1.473384442 1.066164672 0.423320209770335 ARM 104
2.879253534 -2.051554336 0.923255111006701 ARE 105
0.6777340684 -0.9050662354 0.299332590941915 PSE 106
4.79234454 5.340372225 0.861510301737592 SWE 107
0.6620650927 2.598986973 0.450111097397074 MDA 108
-5.45032347 2.21147009 0.722772439983706 ESP 109
-2.034236263 -1.105159732 0.255342906696074 NGA 110
-2.15105629 0.4587588616 0.438634243989227 ALB 111
0.1418490496 -2.611673356 0.323419232575925 SWZ 112
1.322928071 1.923591033 0.44698993277254 GEO 113
-1.775452633 -0.4946117167 0.456946386351833 LBY 114
4.67152694 -1.932635834 0.233666428910958 PNG 115
0.2460234288 4.594428246 0.670820393249936 POL 116
-2.369978262 4.437399227 0.854634424768858 AUT 117
5.563696441 0.9336921977 0.923471710449215 HKG 118
2.367738768 6.112645158 0.719861097712607 EST 119
3.032494013 4.723033106 0.938509456532003 NOR 120
-1.801073169 1.290145817 0.532728824074688 MNE 121
1.648450312 0.3503508123 0.368781778291714 IRQ 122
-3.487025984 -0.5494275238 0.161245154965971 GNB 123
-2.833706995 -0.5569780807 0.170293863659264 MLI 124
3.270626058 2.499683984 0.571139212451744 KAZ 125
