-77.46146475 34.56233771 42.72147279023433 HRV 0
68.22037938 83.8469651 21.895351451295877 UZB 1
-5.400649669 56.95326364 37.392440294785203 BGR 2
-60.7891717 -71.25234731 27.039175635771741 GNQ 3
-27.68518811 42.49568169 34.030084707942898 SRB 4
-74.30839109 -45.37858084 11.31719461042784 BFA 5
-63.23774587 -57.95888528 11.473301220733907 TGO 6
53.05912574 94.85632988 28.087905024179275 TKM 7
36.62402616 155.7461139 44.575797561067851 LVA 8
-93.49797849 179.2928288 57.474934860530666 DEU 9
116.2091056 16.89216778 32.120813266559274 THA 10
43.19913783 78.31326893 29.387805238340881 AZE 11
114.8163359 95.27298799 32.560844910971639 CHN 12
-42.65531371 -76.99338509 28.449735573337918 GAB 13
89.10924361 59.6685275 16.738356559039026 PAK 14
-12.84373088 -53.21991132 11.589001302538628 RWA 15
31.42621655 22.12490787 15.92135287631193 SYR 16
-0.8653211465 -65.54924041 13.956598835819326 ZMB 17
-56.47440064 220.7891109 60.468789735477664 DNK 18
100.1503097 61.65854826 15.32355394130915 NPL 19
-78.06473626 -7.281461541 24.934239455649134 TUN 20
-11.52136475 -28.05055947 26.658206494747144 EGY 21
97.88904473 90.0588088 16.631741738198304 KGZ 22
110.9302514 56.76997097 18.214277711256717 BGD 23
-88.08631503 -25.14681205 25.585649443722815 DZA 24
-63.13229839 -41.62527445 8.6436501594719761 NER 25
82.06808765 70.36494347 10.501912139858691 AFG 26
78.87262301 -45.91727178 8.947027923083489 YEM 27
-217.1521622 43.82171605 44.814598185342291 PRT 28
-19.50750487 -54.93308654 8.0578460948319055 COD 29
71.10468456 4.233200279 56.617400976279562 KWT 30
134.7500553 16.246905 15.724611921192242 KHM 31
141.2869477 -29.03171507 26.356215809279057 IDN 32
94.80629098 78.58712985 16.604981074463122 TJK 33
-92.29182725 -49.86340568 9.891311536566894 SLE 34
3.487780465 30.4051547 43.362072328976481 TUR 35
32.18578474 127.913922 33.794035028366793 BLR 36
-30.76022176 70.65260292 44.565819766301324 HUN 37
-24.8693174 18.70367503 31.05075604439649 MKD 38
175.8528916 -0.9253038403 62.501250086970735 BRN 39
-3.94754989 -99.94475446 28.008627685644814 ZAF 40
-45.54580536 -43.92540213 9.0949227014298195 TCD 41
-110.1937412 84.61293646 56.475837590756768 SMR 42
-183.2968617 117.2002803 52.754598197270077 FRA 43
15.71423107 -69.38156918 8.5401296567230958 MOZ 44
-2.70575439 -39.66866235 11.966591779564258 ETH 45
0.9832164146 -32.86175522 10.244683402439316 ERI 46
-143.0240505 22.30347578 55.674833798851687 AND 47
-49.25698151 36.64252522 30.384788296737526 BIH 48
-18.52866441 -65.77455416 18.189845402859639 AGO 49
10.79835822 220.2365505 54.732284963048919 FIN 50
-22.81503864 -38.61839366 14.701467048304272 SDN 51
108.5647923 73.02710043 23.91459467588966 BTN 52
120.9243557 63.70851894 15.265399826618122 MMR 53
116.0424527 116.4555786 25.32358398833653 MNG 54
-30.89199475 -51.36646337 7.6617769706545751 CAF 55
0.810186338 -4.261573387 50.153037448770512 ISR 56
140.3348846 47.36828754 21.834333167908213 VNM 57
-134.4616226 -29.22921056 21.024986828440454 MAR 58
20.09817612 13.05130973 24.025912242601439 LBN 59
53.02189815 -33.93786282 52.847246241850243 SAU 60
59.97120423 40.00443509 28.056220970073944 IRN 61
12.28863928 -31.83707896 17.440968232711608 DJI 62
5.60049376 147.4075022 47.931358821127766 LTU 63
66.22983315 143.5820372 40.564245478884196 RUS 64
8.523006919 -74.04111527 15.17775087349785 ZWE 65
-104.4557642 -24.10983934 17.542665702391201 MRT 66
-8.071939093 -79.71135495 31.321697741705524 BWA 67
93.09955122 -70.70330978 72.649279079338811 QAT 68
-109.2189168 -32.97452032 11.473301220733907 GMB 69
99.65938079 46.52939159 19.983921199787819 IND 70
-44.44094912 -54.19707484 14.821972892424723 CMR 71
-91.17590352 -56.28216656 8.8470579929565893 LBR 72
-73.30214346 -61.21998904 18.648586388090393 GHA 73
-6.855824527 89.24535106 42.648542531096972 ROU 74
32.88188831 105.526398 28.340102273155335 UKR 75
-7.827699443 -58.85672959 6.6687208775344793 BDI 76
4.777473324 -46.37430225 16.470525573552042 KEN 77
-92.87276998 -42.16669795 12.260294161296828 GIN 78
8.980017962 -65.22007799 9.43099550868987 MWI 79
-73.85382974 68.69823469 49.068373898398285 SVN 80
17.84018031 -79.4480925 12.792824721861408 LSO 81
-82.71806608 -52.40501595 17.769357073667468 CIV 82
16.54103668 -39.55477179 7.8339732343556454 SOM 83
-18.26289673 -44.58172994 6.8007875770503823 SSD 84
156.1806146 -32.20143623 16.443502543746042 TLS 85
-122.3126029 136.1508015 94.309955086898682 LIE 86
-190.6635711 218.1202834 56.286532574579084 BEL 87
-29.01358574 -60.76672552 13.237032986334555 COG 88
1.007026734 -56.42209265 12.688106796355417 TZA 89
-73.10645846 144.1704201 48.448153908681213 CZE 90
139.8173863 -4.976281833 40.18976438515535 MYS 91
-37.63234898 102.1806504 43.115227406973105 SVK 92
-5.196689278 -50.714096 11.511997118855765 UGA 93
-177.1388359 175.6989079 71.607282715001318 LUX 94
-65.61804917 -49.27973975 14.364864391320722 BEN 95
-31.0380828 -9.260385578 41.912260815032838 GRC 96
-151.5784135 90.1680157 63.678428072855958 CHE 97
-99.82626468 -34.53906342 14.24049093007811 SEN 98
23.54570824 -16.85415124 24.520588322593657 JOR 99
-134.5052292 212.0913298 58.235919987103522 NLD 100
127.4955949 -49.63189876 40.487429579206825 OMN 101
-116.0919333 47.64877434 50.944837559798081 ITA 102
125.0531767 51.60892702 21.588535469851241 LAO 103
26.49881444 58.81087713 28.230043207777054 ARM 104
106.2525294 -19.01621128 61.569306340608151 ARE 105
25.31288565 -1.319798521 19.961654985408391 PSE 106
-8.304871684 186.7523778 57.451717354085211 SWE 107
11.77647752 106.2764158 30.016652724218364 MDA 108
-179.7002033 22.12333872 48.199676602258769 ESP 109
-54.58851923 -49.65477041 17.028105728144482 NGA 110
-55.33659227 -10.51905368 29.25129340492505 ALB 111
25.07654787 -88.87919693 21.56792588475248 SWZ 112
24.52317549 86.89711573 29.808510967279723 GEO 113
-49.68928614 -30.72783759 30.472479065784146 LBY 114
153.296616 -20.33181694 15.58256192857435 PNG 115
-12.07286657 120.077267 44.735139615417445 POL 116
-76.60235881 106.1985882 56.993184311157663 AUT 117
171.8756529 48.46831841 61.583750752851607 HKG 118
27.89966215 188.4398011 48.005527312409534 EST 119
-34.65279698 154.7347529 62.586576065385223 NOR 120
-53.44321558 13.16784215 35.526198311712655 MNE 121
45.16725058 27.1239974 24.593027441482548 IRQ 122
-101.1212863 -43.15991764 10.752989313228532 GNB 123
-82.71724861 -42.30467475 11.35642243900544 MLI 124
55.3088557 117.0125094 38.08767990055555 KAZ 125
