-96.42006613 52.32016728 20.9631592371708 HRV 0
92.1411434 57.21334915 10.7439118796545 UZB 1
-5.936347931 69.88591102 18.3482363544631 BGR 2
-82.32533376 -67.85819517 13.2679542036782 GNQ 3
-38.26635058 65.09440956 16.6983495182799 SRB 4
-82.81115819 -22.95366622 5.55327654318794 BFA 5
-76.20507467 -46.11752836 5.62987707954794 TGO 6
77.10541717 75.36831843 13.7825591489205 TKM 7
55.3790532 139.537907 21.873064793079 LVA 8
-67.21733518 231.2315067 28.2025907099051 DEU 9
119.3214477 -6.089235405 15.7614819751306 THA 10
69.37742524 50.2282542 14.4204120458864 AZE 11
148.1859349 58.6191761 15.9774027481925 CHN 12
-57.02849997 -70.05314412 13.9601071341252 GAB 13
94.93208858 31.97256551 8.21340677177888 PAK 14
-28.48703235 -49.01982057 5.68665038534044 RWA 15
35.85656058 19.57972319 7.81250817957777 SYR 16
-20.81782376 -67.7763247 6.84841567239865 ZMB 17
-13.3661344 260.6856003 29.6716565537877 DNK 18
109.6163019 34.9369588 7.51917198473715 NPL 19
-95.27751039 21.36285372 12.2350751982035 TUN 20
-29.49617756 -19.91459685 13.0810150312634 EGY 21
125.9025136 62.0897903 8.16109154666245 KGZ 22
120.9649356 24.18823321 8.9376320410566 BGD 23
-90.53544131 -1.966608089 12.5547180011499 DZA 24
-74.09132415 -25.70249228 4.24138501903024 NER 25
99.44768396 43.61033186 5.15322253901695 AFG 26
61.09110494 -67.17667485 4.39025058831508 YEM 27
-222.8579001 95.0683391 21.9902427643812 PRT 28
-37.14398901 -46.58892684 3.95393463198182 COD 29
79.46838435 -13.87739149 27.7818042015585 KWT 30
140.4986621 -11.80273811 7.7159686246121 KHM 31
133.3681219 -70.25962621 12.9328300925396 IDN 32
108.8975311 51.77137458 8.14796025650474 TJK 33
-107.8189762 -28.00801644 4.85360464569272 SLE 34
13.78347968 38.63386919 21.27749742031 TUR 35
28.6785067 115.5964716 16.5825214183187 BLR 36
-44.63622381 101.0481574 21.8681687516538 HUN 37
-21.22267296 40.55314007 15.2364115953891 MKD 38
182.008579 -46.6762574 30.6689721238943 BRN 39
-23.91446287 -109.8696308 13.7436582552233 ZAF 40
-53.78446352 -35.40855406 4.46282163014323 TCD 41
-125.8962957 145.4390431 27.7123399345507 SMR 42
-190.8146503 177.1031534 25.8863510612662 FRA 43
-1.45269771 -71.10754547 4.19058815642927 MOZ 44
-9.088613918 -41.35336161 5.87193166848331 ETH 45
-9.785763608 -31.21334881 5.02700200796515 ERI 46
-143.5441745 49.00494081 27.3192923886074 AND 47
-67.45869401 69.17913368 14.9096253909541 BIH 48
-34.24513385 -61.76786625 8.92564326028646 AGO 49
93.06693203 220.3029263 26.856789575777 FIN 50
-39.33391168 -36.08325223 7.21391784096148 SDN 51
125.5120458 43.53963174 11.7347418883384 BTN 52
136.597919 29.44893058 7.49063612473647 MMR 53
140.7032134 85.81765186 12.4261241228724 MNG 54
-45.46647587 -44.278354 3.75958599236857 CAF 55
1.789692532 -2.443804502 24.6097814892444 ISR 56
152.1131522 2.150009404 10.7139705900057 VNM 57
-125.1422757 12.0360459 10.3168294082026 MAR 58
35.53930235 1.198620977 11.7893647214119 LBN 59
32.64276652 -63.05491043 25.9318128767116 SAU 60
75.50998408 24.66707773 13.7670119819314 IRN 61
3.314921205 -36.13376563 8.55817392129673 DJI 62
42.64367495 179.9085597 23.5196176956464 LTU 63
77.61849115 107.015612 19.9046213009753 RUS 64
-11.60713124 -77.41501276 7.44762733217323 ZWE 65
-108.2947346 6.765866873 8.60807623298384 MRT 66
-33.3340925 -84.40624695 15.3693609900078 BWA 67
53.3479575 -116.6202275 35.6485464179497 QAT 68
-119.4623584 -6.173790056 5.62987707954794 GMB 69
104.5466732 18.18960583 9.8059850218925 IND 70
-56.92610301 -46.7161675 7.27304930423548 CMR 71
-106.7111528 -36.51088921 4.34119596947108 LBR 72
-90.10793254 -48.45316566 9.15074458975671 GHA 73
-5.099322453 106.503375 20.9273728155975 ROU 74
46.61200162 93.53258893 13.9063107600931 UKR 75
-22.65040622 -55.27289523 3.27229958457699 BDI 76
-1.893723532 -52.19786431 8.08198378397647 KEN 77
-103.1193339 -19.02665233 6.01604958845361 GIN 78
-7.269177561 -65.2940367 4.62773045265662 MWI 79
-87.67840959 99.39625358 24.0775438756946 SVN 80
0.6412689969 -81.13038499 6.27735900057497 LSO 81
-95.43551371 -31.816471 8.7193122696507 CIV 82
7.877379358 -46.82993192 3.84408162091901 SOM 83
-28.28254552 -40.17567903 3.33710388721592 SSD 84
151.763179 -76.98311392 8.06872375243038 TLS 85
-134.4840785 213.924638 46.2773045265662 LIE 86
-155.9447647 286.1375019 27.6194491482706 BEL 87
-46.22676821 -53.81456609 6.49532921495266 COG 88
-14.10120204 -57.60042345 6.22597457012364 TZA 89
-48.09626377 186.6901554 23.7732058096744 CZE 90
132.8310748 -37.12683511 19.7208657727497 MYS 91
-27.72732247 138.5840436 21.1563721624741 SVK 92
-18.06350477 -47.25947672 5.64886491449775 UGA 93
-204.0119498 244.7133792 35.137245325466 LUX 94
-81.00249677 -34.63015518 7.04874902450594 BEN 95
-37.92292652 11.62084582 20.566083987072 GRC 96
-177.2455269 125.579887 31.2466059917567 CHE 97
-107.7893368 -7.835039383 6.98771974572361 SEN 98
46.19086161 -30.34526437 12.0320991769072 JOR 99
-102.0937315 275.825667 28.5760013473097 NLD 100
104.9250739 -111.5050353 19.8669282199154 OMN 101
-133.3729477 96.83261562 24.9983128466014 ITA 102
135.23668 12.63940035 10.5933591984042 LAO 103
46.50859373 37.1057403 13.8523054657451 ARM 104
93.34334663 -66.15216544 30.2116731620581 ARE 105
28.97161332 -19.49003905 9.79505912989583 PSE 106
44.39258923 236.6177157 28.1911980248472 SWE 107
22.21772654 82.66792475 14.7289835702594 MDA 108
-183.750468 74.50967432 23.6512795510238 ESP 109
-66.69297529 -35.8979881 8.35558487506244 NGA 110
-70.45452484 13.0893696 14.3534265438719 ALB 111
3.106256674 -96.66329049 10.5832462040241 SWZ 112
45.24952823 66.28710884 14.6268497132168 GEO 113
-57.63789674 -16.13750303 14.9526547023306 LBY 114
148.1093142 -57.9710814 7.64626558254917 PNG 115
11.03905273 149.2263125 21.9512529415754 POL 116
-73.94245286 145.9461642 27.9661987313633 AUT 117
189.4612333 10.04012948 30.2187609447157 HKG 118
97.28328728 145.7731161 23.556011709981 EST 119
-0.928932859 205.5813785 30.7108410473125 NOR 120
-58.72132793 40.31135027 17.4324830971179 MNE 121
53.71858816 14.02429941 12.0676445990354 IRQ 122
-113.5848656 -17.80194211 5.27642453610199 GNB 123
-92.31499868 -18.77950213 5.5725253930822 MLI 124
106.9164752 81.07618574 18.6893860764147 KAZ 125
