-80.57967366 34.45743247 42.72147279023433 HRV 0
64.98080095 81.45610566 21.895351451295877 UZB 1
-9.696226737 58.46308688 37.392440294785203 BGR 2
-60.91792016 -71.86115529 27.039175635771741 GNQ 3
-30.93324547 43.33233624 34.030084707942898 SRB 4
-74.47946011 -45.59424594 11.31719461042784 BFA 5
-64.03985785 -58.31215311 11.473301220733907 TGO 6
50.62366419 91.78401806 28.087905024179275 TKM 7
33.96172817 152.2501071 44.575797561067851 LVA 8
-102.166643 174.5078994 57.474934860530666 DEU 9
116.202603 16.93684194 32.120813266559274 THA 10
38.3586284 75.560093 29.387805238340881 AZE 11
115.0530523 95.44858694 32.560844910971639 CHN 12
-41.54872415 -75.1331988 28.449735573337918 GAB 13
88.98779885 59.72958155 16.738356559039026 PAK 14
-13.35673383 -52.26562086 11.589001302538628 RWA 15
31.19412002 22.66802226 15.92135287631193 SYR 16
-1.193519785 -65.46024994 13.956598835819326 ZMB 17
-56.55927659 220.7673836 60.468789735477664 DNK 18
100.1471435 61.79647037 15.32355394130915 NPL 19
-78.90211377 -6.993629257 24.934239455649134 TUN 20
-11.52509575 -29.08472421 26.658206494747144 EGY 21
97.85517521 90.062272 16.631741738198304 KGZ 22
110.9107619 56.78681644 18.214277711256717 BGD 23
-89.27528264 -22.87728888 25.585649443722815 DZA 24
-63.2532957 -41.72399312 8.6436501594719761 NER 25
81.31488157 70.81520298 10.501912139858691 AFG 26
78.91070369 -45.82455621 8.947027923083489 YEM 27
-217.1689929 43.73823088 44.814598185342291 PRT 28
-19.75620514 -54.98912319 8.0578460948319055 COD 29
71.10305189 4.260535438 56.617400976279562 KWT 30
134.7437994 16.29870708 15.724611921192242 KHM 31
141.2960706 -29.00569613 26.356215809279057 IDN 32
94.75170511 78.61838119 16.604981074463122 TJK 33
-92.47708011 -49.95662485 9.891311536566894 SLE 34
-0.6663145246 31.33776089 43.362072328976481 TUR 35
27.79983131 125.2157214 33.794035028366793 BLR 36
-35.8663693 70.95800946 44.565819766301324 HUN 37
-25.95508464 16.45285748 31.05075604439649 MKD 38
175.8972705 -0.8476833452 62.501250086970735 BRN 39
-4.266865206 -100.0079132 28.008627685644814 ZAF 40
-45.66305482 -44.01176073 9.0949227014298195 TCD 41
-110.1826731 76.66944817 56.475837590756768 SMR 42
-189.1419089 106.7895912 52.754598197270077 FRA 43
15.86237447 -69.54384615 8.5401296567230958 MOZ 44
-2.730752839 -39.72227878 11.966591779564258 ETH 45
1.092582686 -32.78038824 10.244683402439316 ERI 46
-146.0916492 15.78426015 55.674833798851687 AND 47
-51.92591532 34.43189587 30.384788296737526 BIH 48
-18.89607398 -64.97790101 18.189845402859639 AGO 49
6.397560915 214.9359971 54.732284963048919 FIN 50
-22.91441142 -38.8321424 14.701467048304272 SDN 51
108.5367097 73.06883166 23.91459467588966 BTN 52
121.1502928 63.79114566 15.265399826618122 MMR 53
115.997674 116.5001813 25.32358398833653 MNG 54
-30.67532017 -51.49285598 7.6617769706545751 CAF 55
-1.285505267 -3.894148604 50.153037448770512 ISR 56
140.2043599 47.38844101 21.834333167908213 VNM 57
-135.4945836 -28.87941401 21.024986828440454 MAR 58
19.5477827 14.64494407 24.025912242601439 LBN 59
52.91358829 -33.7995876 52.847246241850243 SAU 60
57.99863005 41.09535469 28.056220970073944 IRN 61
12.21318056 -31.70232799 17.440968232711608 DJI 62
1.730534904 146.4177958 47.931358821127766 LTU 63
62.10037476 141.3262065 40.564245478884196 RUS 64
8.50226454 -74.20424046 15.17775087349785 ZWE 65
-104.5032817 -23.96587292 17.542665702391201 MRT 66
-9.229989866 -79.60162146 31.321697741705524 BWA 67
93.20121289 -70.93332811 72.649279079338811 QAT 68
-109.2198551 -33.09379149 11.473301220733907 GMB 69
99.64148568 46.56770119 19.983921199787819 IND 70
-44.76972503 -53.97729557 14.821972892424723 CMR 71
-91.30531953 -56.51536937 8.8470579929565893 LBR 72
-74.23608332 -62.68610669 18.648586388090393 GHA 73
-6.082144749 88.50803746 42.648542531096972 ROU 74
29.47439394 103.2938878 28.340102273155335 UKR 75
-7.805071995 -58.85973452 6.6687208775344793 BDI 76
4.825070532 -46.39503591 16.470525573552042 KEN 77
-93.05665055 -42.13644474 12.260294161296828 GIN 78
9.067080129 -65.50990496 9.43099550868987 MWI 79
-73.86642867 67.91596784 49.068373898398285 SVN 80
17.73668218 -79.36599168 12.792824721861408 LSO 81
-82.60863656 -52.88362473 17.769357073667468 CIV 82
16.56526742 -39.52268575 7.8339732343556454 SOM 83
-17.9545581 -44.62682448 6.8007875770503823 SSD 84
156.1929826 -32.14139181 16.443502543746042 TLS 85
-127.5239322 127.1583878 94.309955086898682 LIE 86
-192.7996507 215.7214013 56.286532574579084 BEL 87
-29.01158472 -60.34533686 13.237032986334555 COG 88
0.9429490529 -56.27238697 12.688106796355417 TZA 89
-79.97305212 144.2341832 48.448153908681213 CZE 90
139.7590529 -4.787665974 40.18976438515535 MYS 91
-41.93856761 101.37565 43.115227406973105 SVK 92
-5.327664638 -50.43591084 11.511997118855765 UGA 93
-176.4298887 173.02915 71.607282715001318 LUX 94
-66.23521757 -49.42661216 14.364864391320722 BEN 95
-35.00896878 -8.876237343 41.912260815032838 GRC 96
-157.6739542 80.07171616 63.678428072855958 CHE 97
-99.78646943 -34.58145578 14.24049093007811 SEN 98
22.49928869 -15.6258939 24.520588322593657 JOR 99
-135.7311752 211.212031 58.235919987103522 NLD 100
127.514666 -49.58288071 40.487429579206825 OMN 101
-116.4644259 39.16620164 50.944837559798081 ITA 102
125.0530277 51.34270558 21.588535469851241 LAO 103
26.44614091 58.97312622 28.230043207777054 ARM 104
106.2598322 -18.97536217 61.569306340608151 ARE 105
24.84440966 0.001623761134 19.961654985408391 PSE 106
-13.39349206 180.5157874 57.451717354085211 SWE 107
9.413433095 109.0426456 30.016652724218364 MDA 108
-182.3140594 22.10391606 48.199676602258769 ESP 109
-55.07894474 -49.27928112 17.028105728144482 NGA 110
-60.11952815 -10.88927666 29.25129340492505 ALB 111
25.19221225 -88.97783576 21.56792588475248 SWZ 112
19.74028015 85.16877819 29.808510967279723 GEO 113
-49.8350587 -30.63570562 30.472479065784146 LBY 114
153.312403 -20.2870685 15.58256192857435 PNG 115
-16.34496613 119.0043304 44.735139615417445 POL 116
-77.70026288 105.2638055 56.993184311157663 AUT 117
171.8570071 48.53439067 61.583750752851607 HKG 118
25.22434601 183.8113344 48.005527312409534 EST 119
-40.82800178 148.0383775 62.586576065385223 NOR 120
-58.24176789 11.9701956 35.526198311712655 MNE 121
44.37217668 28.32770719 24.593027441482548 IRQ 122
-101.1252297 -43.35612257 10.752989313228532 GNB 123
-83.2198298 -42.55338036 11.35642243900544 MLI 124
52.70075422 115.125224 38.08767990055555 KAZ 125
