-80.64196434 33.88202224 19.264420471400086 HRV 0
64.95729705 81.71304666 9.8732845376824923 UZB 1
-10.51327939 58.73272125 16.861396511946289 BGR 2
-61.95612697 -74.59605765 12.192792397518055 GNQ 3
-30.62495028 41.86606195 15.345207402143455 SRB 4
-74.69894887 -45.58146901 5.1032696508951281 BFA 5
-62.35404561 -60.26228274 5.1736629024121594 TGO 6
50.15708425 92.63571325 12.665696597197595 TKM 7
34.2116247 152.8777935 20.100592301226026 LVA 8
-102.8308569 176.5149795 25.917208359274831 DEU 9
116.202603 16.93684194 14.484258435766579 THA 10
40.03143641 74.05892617 13.251861414581803 AZE 11
115.3415252 95.25741626 14.682682180666569 CHN 12
-41.543768 -75.13583011 12.828857073256442 GAB 13
88.30219876 59.74111701 7.5478376023416258 PAK 14
-13.42810631 -51.98395541 5.2258356127352705 RWA 15
31.3078199 23.50157392 7.1794256201981899 SYR 16
-1.119229086 -65.71895719 6.2934578506697987 ZMB 17
-56.55927659 220.7673836 27.267229212360071 DNK 18
99.95421143 61.62318161 6.9098597721808614 NPL 19
-79.66615399 -6.580273122 11.243612208004224 TUN 20
-11.98991019 -29.24143733 12.021001744247231 EGY 21
97.84362292 90.12670028 7.4997617144329087 KGZ 22
111.1909051 56.49389776 8.2133756515226999 BGD 23
-88.72796553 -23.01185711 11.537352921746415 DZA 24
-66.00822326 -43.23599779 3.8976865778329643 NER 25
81.30370878 70.79915967 4.7356338160276499 AFG 26
78.91112382 -45.81372274 4.0344889027102369 YEM 27
-217.1689929 43.73823088 20.208274816233033 PRT 28
-20.13325173 -54.69590328 3.6335295842177717 COD 29
69.13961345 4.810854801 25.530520067983936 KWT 30
134.7437994 16.29870708 7.0907090981349121 KHM 31
140.8248099 -29.26049083 11.884824895385567 IDN 32
94.74303731 78.28817523 7.4876945115810853 TJK 33
-92.54941051 -49.92447139 4.4602953037141759 SLE 34
0.06029855084 31.03905106 19.553286422457251 TUR 35
19.50060793 127.3091033 15.238765372351526 BLR 36
-38.62195935 69.7647156 20.096093007985285 HUN 37
-25.91742923 16.74875092 14.00173686265933 MKD 38
177.8399495 -0.6713278865 28.183727831095947 BRN 39
-3.778883696 -101.2411593 12.629948017300075 ZAF 40
-40.32634661 -46.27380467 4.1011791877005876 TCD 41
-110.3951283 76.85958113 25.466684801923318 SMR 42
-189.4665899 106.2092205 23.788663992508425 FRA 43
15.86237447 -69.54384615 3.8510060127186216 MOZ 44
-3.030998164 -40.2628083 5.396102722933799 ETH 45
1.192151595 -32.87995749 4.6196415004231435 ERI 46
-145.9197181 12.822173 25.105487660565103 AND 47
-53.55802057 36.01193426 13.701431609273353 BIH 48
-18.68979178 -64.28654296 8.2023583754011753 AGO 49
8.562407335 220.4569499 24.68046352394677 FIN 50
-23.59470451 -39.16798413 6.6293417400559864 SDN 51
108.7607828 73.08361926 10.78382314911099 BTN 52
121.1447019 64.00703628 6.8836363008354153 MMR 53
115.9541894 116.5196353 11.419179581881027 MNG 54
-30.67532017 -51.49285598 3.4549298860904307 CAF 55
-0.8511968071 -3.305970387 22.615540575460816 ISR 56
140.3994015 47.24053424 9.8457695249535355 VNM 57
-135.6246403 -28.65453549 9.4808104733999681 MAR 58
19.1601187 15.24721439 10.834019649159535 LBN 59
52.91358829 -33.7995876 23.83044183325396 SAU 60
58.91269402 42.10740145 12.651409286843837 IRN 61
12.15887053 -31.44059132 7.8646667242261312 DJI 62
0.166160992 150.3086276 21.613717640999241 LTU 63
46.39684451 120.9028076 18.291660609344568 RUS 64
8.408375471 -74.51538182 6.8441127035316036 ZWE 65
-104.5597095 -23.76820321 7.9105252278972173 MRT 66
-10.06765503 -80.35543375 14.123912771851986 BWA 67
92.62878935 -72.5124868 32.759784897874447 QAT 68
-109.2993507 -33.33018101 5.1736629024121594 GMB 69
99.64148568 46.56770119 9.0113620977046587 IND 70
-44.60470627 -54.35991311 6.6836815157888152 CMR 71
-91.59576248 -56.76526514 3.9894093995311866 LBR 72
-74.37143263 -63.29935487 8.409218735069528 GHA 73
-11.09653471 88.19332942 19.23153398398874 ROU 74
29.04194076 100.7779279 12.779420060568356 UKR 75
-7.805071995 -58.85973452 3.007130480309542 BDI 76
5.530471691 -46.25174309 7.4270644083783761 KEN 77
-92.9776836 -41.78790622 5.5285421218030555 GIN 78
9.041280369 -65.40093701 4.2527247090792732 MWI 79
-72.88681824 66.71519054 22.126432561629684 SVN 80
17.56391675 -79.19511057 5.7686764608732073 LSO 81
-82.62931647 -52.76352473 8.012747309868665 CIV 82
16.56725643 -39.61640312 3.5325784550859218 SOM 83
-17.88807686 -44.70978177 3.0666833998035994 SSD 84
156.3325907 -32.0613234 7.4148788966299843 TLS 85
-131.5666891 128.7275193 42.527247090792734 LIE 86
-193.6089522 215.8819146 25.381321372462484 BEL 87
-29.60965154 -60.53162079 5.9689835716720125 COG 88
1.302485705 -56.2263058 5.7214559411653463 TZA 89
-81.22974382 144.1418492 21.846756373373175 CZE 90
140.2208256 -3.83618355 18.12279561530271 MYS 91
-42.82589307 101.7784289 19.441976487239145 SVK 92
-5.159439535 -50.06563261 5.191112067978108 UGA 93
-175.4083314 172.5336324 32.289916824954069 LUX 94
-66.47353791 -51.71084368 6.4775572932097685 BEN 95
-34.28790644 -9.604006664 18.899522008809228 GRC 96
-157.1150345 76.50675193 28.714553437252313 CHE 97
-99.77163175 -34.44339451 6.4214734904666955 SEN 98
23.32901861 -16.45483754 11.057084243606111 JOR 99
-135.7311752 211.212031 26.260359858820799 NLD 100
127.7358882 -50.1545022 18.257021967611877 OMN 101
-115.6520402 37.70513717 22.972587495238901 ITA 102
124.8729686 50.98045403 9.7349318150852078 LAO 103
26.5672867 57.67841498 12.729791057314021 ARM 104
105.8157514 -18.67862903 27.763485854098267 ARE 105
25.0891649 -0.1532658706 9.0013215797146149 PSE 106
-14.54896746 186.2499494 25.906738874557885 SWE 107
8.402475361 106.6261584 13.53542800508324 MDA 108
-182.9777764 21.92313236 21.734710346027015 ESP 109
-55.11530716 -49.13012268 7.6784943765659976 NGA 110
-60.37475282 -11.57888602 13.190304048075344 ALB 111
25.13661945 -89.30102957 9.7256383219738343 SWZ 112
19.5797634 81.57493376 13.441570512318185 GEO 113
-49.85340549 -31.20393732 13.740974062659014 LBY 114
153.3455559 -20.27749456 7.0266544060322582 PNG 115
-15.67407945 120.0147988 20.172444513551184 POL 116
-79.77492556 105.2607932 25.699972282442506 AUT 117
171.8570071 48.53439067 27.769999281954238 HKG 118
24.43182429 185.4616888 21.647162485206668 EST 119
-40.93298553 150.8356078 28.22220392796136 NOR 120
-58.34377291 12.26744297 16.019850846144543 MNE 121
45.52071976 28.04774446 11.089749260837733 IRQ 122
-101.2578488 -43.50379525 4.8488522030040686 GNB 123
-83.28063075 -42.03137623 5.1209586801945024 MLI 124
77.67563373 104.2387428 17.174901342636304 KAZ 125
