-2.978513579 1.607923486 0.6406246951218773 HRV 0
2.819698632 1.769523884 0.3283291031876400 UZB 1
-0.181108109 2.103813843 0.5607138307550461 BGR 2
-2.523793347 -2.081259648 0.4054626986542660 GNQ 3
-1.188610405 2.064108015 0.5102940328869215 SRB 4
-2.563491379 -0.732656099 0.1697056274847711 BFA 5
-2.322196216 -1.414366431 0.1720465053408523 TGO 6
2.346630444 2.306223624 0.4211887937730546 TKM 7
1.649212465 4.267569536 0.6684309986827361 LVA 8
-3.073705460 6.04499207 0.8618584570566098 DEU 9
3.683243312 -0.193664095 0.4816637831516911 THA 10
2.139573618 1.521886031 0.4406812907306140 AZE 11
4.529637014 1.791907004 0.4882622246293473 CHN 12
-1.741991113 -2.135839688 0.4266145801540302 GAB 13
2.904376214 0.973957601 0.2509980079602225 PAK 14
-0.873362211 -1.500641186 0.1737814719698274 RWA 15
1.090638195 0.587748249 0.2387467277262663 SYR 16
-0.624941027 -2.076288264 0.2092844953645631 ZMB 17
-1.267556170 7.131652313 0.9067524469225318 DNK 18
3.348352544 1.069616046 0.2297825058615210 NPL 19
-2.914297413 0.655194739 0.3738983819167990 TUN 20
-0.953335394 -0.575970283 0.3997499218261332 EGY 21
3.832871941 1.917950525 0.2493992782667982 KGZ 22
3.704227693 0.739543444 0.2731300056749532 BGD 23
-2.777354765 -0.047566444 0.3836665218650159 DZA 24
-2.286248159 -0.802050722 0.1296148139681570 NER 25
3.034693139 1.335945282 0.1574801574802359 AFG 26
1.874359523 -2.470911209 0.1341640786499873 YEM 27
-6.599709148 1.409633994 0.6720119046564582 PRT 28
-1.144448804 -1.441399818 0.1208304597359457 COD 29
2.457953204 -0.455863798 0.8489994110716441 KWT 30
4.336751509 -0.36561142 0.2357965224510317 KHM 31
4.087151905 -2.141873909 0.3952214569073885 IDN 32
3.374690672 1.685579622 0.2489979919597743 TJK 33
-3.314441562 -0.874222658 0.1483239697419130 SLE 34
0.432876751 1.143557214 0.6502307282803551 TUR 35
0.777693854 3.586302274 0.5067543783727956 BLR 36
-1.471261839 3.180754491 0.6682813778641450 HUN 37
-0.697925370 1.287607498 0.4656178690729110 MKD 38
5.499059828 -0.85650973 0.9372299611087985 BRN 39
-0.360009360 -3.163001433 0.4199999999999982 ZAF 40
-1.647704419 -1.094499322 0.1363818169698585 TCD 41
-3.933530912 4.543487958 0.8468766143896044 SMR 42
-5.143739649 5.528266016 0.7910752176626434 FRA 43
-0.044207154 -2.174216194 0.1280624847486569 MOZ 44
-0.273371966 -1.256780278 0.1794435844492635 ETH 45
-0.519276194 -1.050654701 0.1536229149573721 ERI 46
-6.912689213 2.823428115 0.8348652585896705 AND 47
-2.089771648 2.184336169 0.4556314299957797 BIH 48
-1.037726235 -1.887934666 0.2727636339397170 AGO 49
4.588811843 3.696751638 0.8207313811473278 FIN 50
-1.178654906 -1.117464402 0.2204540768504857 SDN 51
3.840932801 1.339459902 0.3586084215408214 BTN 52
4.199166331 0.912777762 0.2289104628451916 MMR 53
4.161985541 2.553628138 0.3797367509209498 MNG 54
-1.391052220 -1.351769659 0.1148912529307604 CAF 55
0.026975403 -0.112349529 0.7520638270785255 ISR 56
4.678678591 0.060696701 0.3274141108748970 VNM 57
-3.720495056 0.590423156 0.3152776554086889 MAR 58
1.065853042 0.022178974 0.3602776706930368 LBN 59
1.257197653 -1.775293162 0.7924645102463564 SAU 60
2.317968653 0.73099003 0.4207136793592529 IRN 61
0.110515699 -1.098231193 0.2615339366124402 DJI 62
1.230093667 5.504113112 0.7187489130426541 LTU 63
2.364375143 3.301778496 0.6082762530298206 RUS 64
-0.354103800 -2.385695345 0.2275961335348207 ZWE 65
-3.332228966 0.203057219 0.2630589287593179 MRT 66
-1.026801568 -2.586650453 0.4696807426326950 BWA 67
1.601502415 -3.606410463 1.0894035065117056 QAT 68
-3.674697891 -0.283662688 0.1720465053408523 GMB 69
3.199961302 0.547777297 0.2996664812754337 IND 70
-1.747195284 -1.439072328 0.2222611077089284 CMR 71
-3.258158309 -1.133990486 0.1326649916142157 LBR 72
-2.746981558 -1.475811504 0.2796426290821911 GHA 73
-0.241385747 3.231896059 0.6395310782127787 ROU 74
1.389870914 2.958374815 0.4249705872175139 UKR 75
-0.703591288 -1.696087831 0.1000000000000000 BDI 76
-0.052250430 -1.595278844 0.2469817807045692 KEN 77
-3.169085553 -0.594039468 0.1838477631085023 GIN 78
-0.223057517 -1.994117607 0.1414213562373094 MWI 79
-2.787482405 3.062249388 0.7357988855658858 SVN 80
0.243790327 -3.222198457 0.1918332609325085 LSO 81
-2.920592101 -0.969131998 0.2664582518894842 CIV 82
0.247443740 -1.427900673 0.1174734012447071 SOM 83
-0.864301840 -1.227750638 0.1019803902718555 SSD 84
4.623539354 -2.492682157 0.2465765601187589 TLS 85
-7.692597925 4.862063069 1.4142135623730938 LIE 86
-4.436083925 7.036591584 0.8440379138403663 BEL 87
-1.410070628 -1.646871643 0.1984943324127919 COG 88
-0.432777253 -1.752754934 0.1902629759044043 TZA 89
-1.306754325 5.579017733 0.7264984514780471 CZE 90
4.061690031 -1.142249903 0.6026607669327750 MYS 91
-0.924169555 4.293878732 0.6465291950097833 SVK 92
-0.554133682 -1.433225006 0.1726267650163204 UGA 93
-6.319429937 6.923514279 1.0737783756436894 LUX 94
-2.482346881 -1.085933452 0.2154065922853800 BEN 95
-1.177155367 0.376050684 0.6284902544988274 GRC 96
-5.522563208 3.892190104 0.9548821916864909 CHE 97
-3.303637705 -0.245025917 0.2135415650406261 SEN 98
1.278580800 -0.630885463 0.3676955262170040 JOR 99
-2.823569765 7.762134809 0.8732697177848316 NLD 100
3.193020361 -3.4762045 0.6071243694664221 OMN 101
-4.195793370 2.966294402 0.7639371701913696 ITA 102
4.163532589 0.393488812 0.3237282811247737 LAO 103
1.442514946 1.103047461 0.4233202097703346 ARM 104
2.845558250 -2.078312333 0.9232551110067009 ARE 105
0.681813468 -0.914925393 0.2993325909419151 PSE 106
4.792486775 5.354291957 0.8615103017375921 SWE 107
0.649479289 2.59750591 0.4501110973970745 MDA 108
-5.463744651 2.211813927 0.7227724399837064 ESP 109
-2.039419005 -1.097465327 0.2553429066960740 NGA 110
-2.179284695 0.443690326 0.4386342439892271 ALB 111
0.141300974 -2.626487757 0.3234192325759255 SWZ 112
1.334084107 1.928262011 0.4469899327725402 GEO 113
-1.772222400 -0.482587806 0.4569463863518330 LBY 114
4.681156644 -1.93546132 0.2336664289109581 PNG 115
0.282754743 4.57801201 0.6708203932499365 POL 116
-2.324091039 4.485705279 0.8546344247688583 AUT 117
5.566756702 0.921124434 0.9234717104492154 HKG 118
2.492008156 6.030667015 0.7198610977126070 EST 119
3.165791768 4.60691038 0.9385094565320029 NOR 120
-1.833534884 1.290061141 0.5327288240746880 MNE 121
1.647538381 0.386242729 0.3687817782917142 IRQ 122
-3.491845647 -0.554500463 0.1612451549659709 GNB 123
-2.836749150 -0.565803604 0.1702938636592640 MLI 124
3.265119013 2.492018927 0.5711392124517436 KAZ 125