-42.90177313 106.012813 10.532315746579343 NLD 0
70.49700474 30.68246657 19.704158506512048 UZB 1
-22.44745489 46.2493255 8.5995997963332851 ITA 2
-42.43608778 59.20305812 14.260822935827107 FRA 3
-8.839685825 90.87818169 26.852241757564315 DEU 4
199.0649285 -480.0907196 84.587020497083273 THA 5
359.339936 -101.9044194 288.66360039565484 CHN 6
22.05926243 -170.4547322 21.064631493158686 PAK 7
40.64719462 249.7226807 10.532315746579343 SWE 8
56.99235892 252.6942478 6.0808353314777177 FIN 9
-59.59503923 35.61045295 12.899399694499925 ESP 10
165.6108903 -362.9022012 37.73059097932456 MMR 11
16.82718028 -94.6346887 55.231929733671151 NPL 12
9.533041818 122.6862761 6.0808353314777177 DNK 13
-41.63328644 89.18429648 6.0808353314777177 BEL 14
123.5363622 -312.0727742 28.521645871654215 BGD 15
25.71450305 74.78928335 11.376201217889788 CZE 16
-10.03351991 -166.673418 11.376201217889788 IRN 17
120.7749224 155.4963969 63.776338999195076 RUS 18
341.6751536 -520.4551185 53.532077023616864 MYS 19
44.2954689 107.6708629 26.505746702223028 POL 20
-22.45560982 -302.6682176 118.38122995863657 IND 21
269.235684 -566.5610985 27.194322322333289 KHM 22
559.4338661 -640.1540146 162.37082893258423 IDN 23
-22.20904919 60.88420272 6.0808353314777177 CHE 24
-46.46653385 -152.4858138 27.865888195058528 TUR 25
94.06303135 69.87888673 25.79879938899985 KAZ 26
