-0.7205318343 1.738177752 0.173205080756887 NLD 0
1.115331225 0.4834439177 0.324037034920392 UZB 1
-0.244296103 0.8963756154 0.14142135623731 ITA 2
-0.7580765498 1.07921678 0.234520787991171 FRA 3
-0.1499148371 1.517119092 0.441588043316392 DEU 4
3.297961285 -7.927987314 1.39104277432436 THA 5
5.901261261 -1.617037082 4.74710438056717 CHN 6
0.4497038897 -2.85285366 0.346410161513776 PAK 7
0.8303293408 3.300252258 0.173205080756887 SWE 8
1.098723575 3.349595494 0.1 FIN 9
-1.07339472 0.764078506 0.212132034355964 ESP 10
2.819987213 -5.985123783 0.620483682299543 MMR 11
0.2819659968 -1.596509973 0.908295106229248 NPL 12
-0.04293820763 2.045383041 0.1 DNK 13
-0.693290291 1.466208149 0.1 BEL 14
2.118938905 -5.160376922 0.469041575982343 BGD 15
0.3408528444 1.127155405 0.187082869338697 CZE 16
-0.07803095088 -2.790234621 0.187082869338697 IRN 17
1.919404687 2.542186503 1.04880884817015 RUS 18
5.499465663 -8.478237371 0.880340843082951 MYS 19
0.7224180675 1.619745155 0.435889894354067 POL 20
-0.277595224 -5.021061295 1.94679223339319 IND 21
4.48787953 -9.325104797 0.447213595499958 KHM 22
8.001895744 -10.98689877 2.67020598456373 IDN 23
-0.4253131517 1.054857018 0.1 CHE 24
-0.6796606158 -2.556506326 0.458257569495583 TUR 25
1.482047337 1.134521444 0.424264068711928 KAZ 26
