-43.23084896 105.7847238 10.5323157465793 NLD 0
68.82607311 27.96001428 19.704158506512 UZB 1
-22.32521833 45.9252552 8.59959979633329 ITA 2
-43.17046509 58.6405753 14.2608229358271 FRA 3
-9.163474939 90.4633208 26.8522417575643 DEU 4
200.7893998 -477.3389263 84.5870204970833 THA 5
359.1608385 -97.21994284 288.663600395655 CHN 6
20.23682999 -170.6516491 21.0646314931587 PAK 7
34.11537398 247.7459622 10.5323157465793 SWE 8
50.46054603 250.7178238 6.08083533147772 FIN 9
-59.55755098 35.67311566 12.8993996944999 ESP 10
166.8806276 -359.815416 37.7305909793246 MMR 11
16.25252977 -94.6763914 55.2319297336712 NPL 12
9.662078689 122.6761813 6.08083533147772 DNK 13
-42.06048691 89.17867675 6.08083533147772 BEL 14
124.0442553 -309.2744205 28.5216458716542 BGD 15
22.99157922 69.83224125 11.3762012178898 CZE 16
-11.89361487 -166.8718122 11.3762012178898 IRN 17
115.3230459 155.8640118 63.7763389991951 RUS 18
341.1275469 -520.8142065 53.5320770236169 MYS 19
42.87148576 101.9974939 26.505746702223 POL 20
-22.32357157 -303.2611787 118.381229958637 IND 21
269.3176243 -565.5320569 27.1943223223333 KHM 22
558.7602389 -640.7420763 162.370828932584 IDN 23
-22.93719763 60.58836808 6.08083533147772 CHE 24
-48.42874966 -152.6796059 27.8658881950585 TUR 25
91.40129838 67.46794794 25.7987993889998 KAZ 26
