-0.7210138324 1.738795669 0.173205080756887 NLD 0
1.120773082 0.4833835192 0.324037034920392 UZB 1
-0.2439001022 0.8949708789 0.14142135623731 ITA 2
-0.756794654 1.079345497 0.234520787991171 FRA 3
-0.1494323706 1.51681676 0.441588043316392 DEU 4
3.297388255 -7.931826682 1.39104277432436 THA 5
5.918379904 -1.620533391 4.74710438056717 CHN 6
0.449773377 -2.852731615 0.346410161513776 PAK 7
0.8081640017 3.326082696 0.173205080756887 SWE 8
1.075963248 3.378112689 0.1 FIN 9
-1.072625398 0.7635163837 0.212132034355964 ESP 10
2.818578052 -5.986492103 0.620483682299543 MMR 11
0.2798953081 -1.592807624 0.908295106229248 NPL 12
-0.04374971156 2.045710999 0.1 DNK 13
-0.6926560687 1.466838369 0.1 BEL 14
2.117407168 -5.158901503 0.469041575982343 BGD 15
0.3434501404 1.125458696 0.187082869338697 CZE 16
-0.07775345475 -2.790664147 0.187082869338697 IRN 17
1.924115024 2.543708987 1.04880884817015 RUS 18
5.503157719 -8.480994591 0.880340843082951 MYS 19
0.7191922734 1.620023 0.435889894354067 POL 20
-0.2839998958 -5.025382639 1.94679223339319 IND 21
4.484278643 -9.326265823 0.447213595499958 KHM 22
8.006323096 -10.9894716 2.67020598456373 IDN 23
-0.4247816189 1.053242375 0.1 CHE 24
-0.6779381658 -2.561407501 0.458257569495583 TUR 25
1.4853215 1.134918832 0.424264068711928 KAZ 26
