-46.58721319 98.51421206 11.174339447219777 NLD 0
77.4556873 39.86330371 20.905274867504659 UZB 1
-19.44256232 38.82066228 9.1238099527807641 ITA 2
-45.16046135 54.17946705 15.130127135942006 FRA 3
-7.26098011 96.45931495 28.48908744644163 DEU 4
191.9710929 -445.6550698 89.74323430916192 THA 5
427.1753515 -53.58910712 306.2598135576464 CHN 6
10.86857175 -154.6639115 22.348678894439555 PAK 7
72.74270609 255.20388 11.174339447219777 SWE 8
93.03564165 248.8073944 6.4515078878685932 FIN 9
-64.37420736 21.90923576 13.685714929171148 ESP 10
167.0640075 -278.4212563 40.030553706492505 MMR 11
67.6224723 -97.76422596 58.598730423504321 NPL 12
18.52695696 121.2237917 6.4515078878685932 DNK 13
-50.19414635 81.255705 6.4515078878685932 BEL 14
106.8089581 -209.3978313 30.260254271884012 BGD 15
31.68409547 106.7486986 12.069666072236936 CZE 16
-23.17987835 -125.5212787 12.069666072236936 IRN 17
159.4428928 203.6139156 67.66398556836107 RUS 18
352.5129407 -513.1848837 56.795258931625426 MYS 19
51.12555398 141.60686 28.121470916674731 POL 20
11.31870674 -331.2088672 125.59745449777407 IND 21
275.4297788 -560.8227838 28.852020389300527 KHM 22
572.727241 -628.2778301 172.26854971646875 IDN 23
-23.64200831 54.38307187 6.4515078878685932 CHE 24
-71.77450791 -101.4710026 29.564523242762501 TUR 25
89.1131155 101.7021762 27.371429858342296 KAZ 26
