-0.712151373 1.738855886 0.1732050807568870 NLD 0
1.133208072 0.481536013 0.3240370349203922 UZB 1
-0.263893962 0.804753541 0.1414213562373096 ITA 2
-0.747563334 1.091735773 0.2345207879911713 FRA 3
-0.153466882 1.485730087 0.4415880433163920 DEU 4
3.310076860 -7.887051093 1.3910427743243556 THA 5
5.880639325 -1.617461331 4.7471043805671700 CHN 6
0.472546347 -2.856726825 0.3464101615137756 PAK 7
0.804382380 3.327901489 0.1732050807568870 SWE 8
1.078037073 3.376749912 0.1000000000000000 FIN 9
-1.064236265 0.777461579 0.2121320343559638 ESP 10
2.746301398 -5.956114671 0.6204836822995434 MMR 11
0.225832885 -1.560949192 0.9082951062292480 NPL 12
-0.051354010 2.017423176 0.1000000000000000 DNK 13
-0.694522663 1.466186206 0.1000000000000000 BEL 14
2.033130022 -5.132436619 0.4690415759823426 BGD 15
0.361789043 1.128376403 0.1870828693386973 CZE 16
-0.057558626 -2.794641778 0.1870828693386973 IRN 17
1.882010731 2.555488418 1.0488088481701516 RUS 18
5.501707761 -8.482866657 0.8803408430829508 MYS 19
0.711739691 1.641825741 0.4358898943540668 POL 20
-0.375423485 -4.989397788 1.9467922333931853 IND 21
4.467579627 -9.311654164 0.4472135954999580 KHM 22
8.006323096 -10.989471604 2.6702059845637334 IDN 23
-0.429017927 0.980971314 0.1000000000000000 CHE 24
-0.668806709 -2.58813238 0.4582575694955834 TUR 25
1.504466875 1.1312424 0.4242640687119276 KAZ 26