-0.721013832 1.738795669 0.1732050807568870 NLD 0
1.115303164 0.483383519 0.3240370349203920 UZB 1
-0.244406292 0.896036454 0.1414213562373100 ITA 2
-0.756975663 1.079458348 0.2345207879911710 FRA 3
-0.149563119 1.517187154 0.4415880433163920 DEU 4
3.297388255 -7.931826682 1.3910427743243601 THA 5
5.910034890 -1.616756648 4.7471043805671700 CHN 6
0.449025137 -2.852752098 0.3464101615137760 PAK 7
0.830727399 3.298818578 0.1732050807568870 SWE 8
1.099035014 3.349400178 0.1000000000000000 FIN 9
-1.072625398 0.763516384 0.2121320343559640 ESP 10
2.819699457 -5.98670734 0.6204836822995430 MMR 11
0.279895308 -1.592807624 0.9082951062292480 NPL 12
-0.043749712 2.045710999 0.1000000000000000 DNK 13
-0.692656069 1.466838369 0.1000000000000000 BEL 14
2.118690782 -5.159790453 0.4690415759823430 BGD 15
0.341843527 1.125458696 0.1870828693386970 CZE 16
-0.078229829 -2.79072396 0.1870828693386970 IRN 17
1.917493364 2.543717232 1.0488088481701501 RUS 18
5.503157719 -8.480994591 0.8803408430829510 MYS 19
0.722405440 1.620023 0.4358898943540670 POL 20
-0.280957636 -5.026309321 1.9467922333931900 IND 21
4.489613020 -9.327539932 0.4472135954999580 KHM 22
8.013440845 -10.990075276 2.6702059845637298 IDN 23
-0.425140337 1.054209295 0.1000000000000000 CHE 24
-0.678078286 -2.557158388 0.4582575694955830 TUR 25
1.485321500 1.134918832 0.4242640687119280 KAZ 26
