-47.76498322 89.03785603 11.174339447219777 NLD 0
70.1875849 21.59639578 20.905274867504659 UZB 1
-23.01400949 40.45612807 9.1238099527807641 ITA 2
-52.22416043 42.9960625 15.130127135942006 FRA 3
-5.89313856 80.95329742 28.48908744644163 DEU 4
172.0958718 -437.0161753 89.74323430916192 THA 5
425.626913 -90.8504101 306.2598135576464 CHN 6
-24.90648191 -116.9500429 22.348678894439555 PAK 7
73.82782543 260.663968 11.174339447219777 SWE 8
94.80299432 251.6411655 6.4515078878685932 FIN 9
-63.95233264 13.33010911 13.685714929171148 ESP 10
129.2830776 -269.9403623 40.030553706492505 MMR 11
55.85951639 -91.22854282 58.598730423504321 NPL 12
22.53589488 118.7500602 6.4515078878685932 DNK 13
-51.99177074 71.39258235 6.4515078878685932 BEL 14
66.53452911 -196.586197 30.260254271884012 BGD 15
42.00990446 82.3886667 12.069666072236936 CZE 16
-68.18870498 -98.23306012 12.069666072236936 IRN 17
173.855991 187.8358946 67.66398556836107 RUS 18
358.3284986 -512.9152744 56.795258931625426 MYS 19
61.84813603 118.8413576 28.121470916674731 POL 20
-28.53256765 -320.1057482 125.59745449777407 IND 21
277.8430919 -559.5897399 28.852020389300527 KHM 22
573.594835 -625.0373339 172.26854971646875 IDN 23
-33.98580426 55.34671635 6.4515078878685932 CHE 24
-124.3905893 -88.52062901 29.564523242762501 TUR 25
101.7815949 79.77626924 27.371429858342296 KAZ 26
