-46.84346259 96.27704056 11.174339447219777 NLD 0
73.21645475 29.19291092 20.905274867504659 UZB 1
-21.25227749 40.31562356 9.1238099527807641 ITA 2
-48.25681327 48.16845951 15.130127135942006 FRA 3
-8.064637849 86.66243964 28.48908744644163 DEU 4
178.1512802 -442.5522411 89.74323430916192 THA 5
428.444223 -65.39713021 306.2598135576464 CHN 6
1.189999988 -134.4504643 22.348678894439555 PAK 7
71.33106058 255.3036587 11.174339447219777 SWE 8
91.89111988 246.1257648 6.4515078878685932 FIN 9
-65.43210756 14.64438955 13.685714929171148 ESP 10
156.4399735 -273.1423234 40.030553706492505 MMR 11
68.82136299 -91.72326351 58.598730423504321 NPL 12
19.804403 116.7885121 6.4515078878685932 DNK 13
-51.41591509 74.8186792 6.4515078878685932 BEL 14
95.85652841 -203.2442501 30.260254271884012 BGD 15
32.08310358 90.2330949 12.069666072236936 CZE 16
-38.18052258 -111.9921261 12.069666072236936 IRN 17
162.2418394 191.5303305 67.66398556836107 RUS 18
353.3362321 -511.1707863 56.795258931625426 MYS 19
53.36049123 128.5970284 28.121470916674731 POL 20
1.012881422 -324.6154622 125.59745449777407 IND 21
276.5956438 -559.1771241 28.852020389300527 KHM 22
572.0808363 -628.4455271 172.26854971646875 IDN 23
-27.32415861 55.70201503 6.4515078878685932 CHE 24
-89.59789197 -93.19228557 29.564523242762501 TUR 25
92.20644902 89.37904083 27.371429858342296 KAZ 26
