-0.7199619158 1.741392777 0.173205080756887 NLD 0
1.132475972 0.4828684588 0.324037034920392 UZB 1
-0.2380747435 0.8885387966 0.14142135623731 ITA 2
-0.749330703 1.085156629 0.234520787991171 FRA 3
-0.1518054963 1.514588239 0.441588043316392 DEU 4
3.297449155 -7.927810933 1.39104277432436 THA 5
5.969133173 -1.574676957 4.74710438056717 CHN 6
0.4548918111 -2.85694828 0.346410161513776 PAK 7
0.8081640017 3.326082696 0.173205080756887 SWE 8
1.077567551 3.376181807 0.1 FIN 9
-1.06514694 0.7693397121 0.212132034355964 ESP 10
2.804116094 -5.986360373 0.620483682299543 MMR 11
0.2327970087 -1.56439733 0.908295106229248 NPL 12
-0.04614012403 2.042873062 0.1 DNK 13
-0.694522663 1.466186206 0.1 BEL 14
2.168513885 -5.106974872 0.469041575982343 BGD 15
0.3618966413 1.128391872 0.187082869338697 CZE 16
-0.07225732031 -2.794930472 0.187082869338697 IRN 17
1.932330744 2.541623445 1.04880884817015 RUS 18
5.503157719 -8.480994591 0.880340843082951 MYS 19
0.7120671069 1.641792584 0.435889894354067 POL 20
-0.2337606347 -5.044464813 1.94679223339319 IND 21
4.483392492 -9.322356952 0.447213595499958 KHM 22
8.006323096 -10.9894716 2.67020598456373 IDN 23
-0.4188053445 1.046675693 0.1 CHE 24
-0.6787959372 -2.582611242 0.458257569495583 TUR 25
1.503591236 1.132321725 0.424264068711928 KAZ 26
