-8.765221237 117.6408152 11.174339447219777 NLD 0
63.72265296 66.39089873 20.905274867504659 UZB 1
5.947359288 68.80494782 9.1238099527807641 ITA 2
-18.77192831 77.91832676 15.130127135942006 FRA 3
14.19416744 101.208493 28.48908744644163 DEU 4
87.99452887 -407.3759204 89.74323430916192 THA 5
385.5800104 -63.92455474 306.2598135576464 CHN 6
-38.06815574 -58.25744027 22.348678894439555 PAK 7
47.88017867 199.9085426 11.174339447219777 SWE 8
68.56565132 209.7804786 6.4515078878685932 FIN 9
-37.91816672 46.19733137 13.685714929171148 ESP 10
146.8996201 -266.7320972 40.030553706492505 MMR 11
37.19846103 -61.01011881 58.598730423504321 NPL 12
8.294077798 146.5900093 6.4515078878685932 DNK 13
-19.11700836 102.1320194 6.4515078878685932 BEL 14
89.97379092 -197.8292629 30.260254271884012 BGD 15
41.93064678 118.2127296 12.069666072236936 CZE 16
-72.57670701 -33.05304416 12.069666072236936 IRN 17
141.1443867 149.7760251 67.66398556836107 RUS 18
254.144031 -479.0969878 56.795258931625426 MYS 19
68.56159127 140.9769015 28.121470916674731 POL 20
-36.3792991 -219.578751 125.59745449777407 IND 21
142.8461185 -490.6451255 28.852020389300527 KHM 22
486.7908774 -559.9738672 172.26854971646875 IDN 23
-6.19568878 83.89065595 6.4515078878685932 CHE 24
-114.9355623 -9.081436896 29.564523242762501 TUR 25
80.56526151 98.50008602 27.371429858342296 KAZ 26
