-0.7084018219 1.736998995 0.173205080756887 NLD 0
1.130948395 0.4814400423 0.324037034920392 UZB 1
-0.2523298514 0.8209716771 0.14142135623731 ITA 2
-0.7439833313 1.085747341 0.234520787991171 FRA 3
-0.1564289156 1.481328214 0.441588043316392 DEU 4
3.308701193 -7.868900133 1.39104277432436 THA 5
5.864649725 -1.627280646 4.74710438056717 CHN 6
0.4630026664 -2.860792438 0.346410161513776 PAK 7
0.8106523402 3.327595793 0.173205080756887 SWE 8
1.077236523 3.375809934 0.1 FIN 9
-1.058171899 0.7718923265 0.212132034355964 ESP 10
2.758546648 -5.935560845 0.620483682299543 MMR 11
0.267955031 -1.58188092 0.908295106229248 NPL 12
-0.05489607384 2.012537107 0.1 DNK 13
-0.696678276 1.462815342 0.1 BEL 14
2.032401237 -5.137396222 0.469041575982343 BGD 15
0.3603261266 1.13514656 0.187082869338697 CZE 16
-0.06190703083 -2.799349575 0.187082869338697 IRN 17
1.89211142 2.547157581 1.04880884817015 RUS 18
5.489790291 -8.494741264 0.880340843082951 MYS 19
0.7218126925 1.634371188 0.435889894354067 POL 20
-0.3536344395 -4.983679989 1.94679223339319 IND 21
4.45691585 -9.306542514 0.447213595499958 KHM 22
7.996875423 -11.00672552 2.67020598456373 IDN 23
-0.4291227352 0.9819682202 0.1 CHE 24
-0.6596368824 -2.56690444 0.458257569495583 TUR 25
1.50104643 1.129447526 0.424264068711928 KAZ 26
