-46.7087832 96.19092739 11.174339447219777 NLD 0
73.26029243 29.05794372 20.905274867504659 UZB 1
-21.2875898 40.38153176 9.1238099527807641 ITA 2
-48.29425958 48.25420424 15.130127135942006 FRA 3
-8.023132645 86.76233397 28.48908744644163 DEU 4
178.5707968 -442.5278546 89.74323430916192 THA 5
428.444082 -64.93813554 306.2598135576464 CHN 6
1.297606047 -134.6798881 22.348678894439555 PAK 7
71.34187036 255.4115716 11.174339447219777 SWE 8
92.03609786 246.1025443 6.4515078878685932 FIN 9
-65.36762201 14.83859732 13.685714929171148 ESP 10
156.6449744 -273.0276588 40.030553706492505 MMR 11
68.76992688 -91.65844562 58.598730423504321 NPL 12
19.85818699 116.9413304 6.4515078878685932 DNK 13
-51.27062069 74.89459715 6.4515078878685932 BEL 14
95.95363912 -203.1271191 30.260254271884012 BGD 15
31.99920763 90.4162583 12.069666072236936 CZE 16
-37.98033076 -112.053724 12.069666072236936 IRN 17
162.332814 191.5962052 67.66398556836107 RUS 18
353.281198 -511.0600909 56.795258931625426 MYS 19
53.41635567 128.9282742 28.121470916674731 POL 20
1.281917934 -324.6750057 125.59745449777407 IND 21
276.6081705 -559.4275838 28.852020389300527 KHM 22
572.0575488 -628.5881756 172.26854971646875 IDN 23
-27.24892081 55.83994169 6.4515078878685932 CHE 24
-89.50742289 -93.32740101 29.564523242762501 TUR 25
92.14920921 89.40389145 27.371429858342296 KAZ 26
