-47.43647043 95.18907426 11.174339447219777 NLD 0
73.89787155 29.9301809 20.905274867504659 UZB 1
-20.73182841 41.0833683 9.1238099527807641 ITA 2
-49.59079512 48.87191018 15.130127135942006 FRA 3
-8.159204266 88.150262 28.48908744644163 DEU 4
182.5824417 -441.2714359 89.74323430916192 THA 5
429.2491603 -62.08823587 306.2598135576464 CHN 6
3.786690362 -137.4669884 22.348678894439555 PAK 7
70.6271069 254.625894 11.174339447219777 SWE 8
91.2042143 247.1557178 6.4515078878685932 FIN 9
-66.36638096 15.18288302 13.685714929171148 ESP 10
159.5135392 -273.1706147 40.030553706492505 MMR 11
69.59435979 -91.85962119 58.598730423504321 NPL 12
19.04507646 116.7441301 6.4515078878685932 DNK 13
-52.09808813 75.48950711 6.4515078878685932 BEL 14
98.90950214 -203.37286 30.260254271884012 BGD 15
31.82908997 92.26289432 12.069666072236936 CZE 16
-34.89890232 -115.538134 12.069666072236936 IRN 17
161.8424185 193.4879289 67.66398556836107 RUS 18
352.4709595 -511.2396385 56.795258931625426 MYS 19
52.99767849 130.1893643 28.121470916674731 POL 20
4.009347451 -324.9535816 125.59745449777407 IND 21
275.7155423 -559.7117964 28.852020389300527 KHM 22
571.8818126 -628.5267126 172.26854971646875 IDN 23
-26.47525222 55.48336509 6.4515078878685932 CHE 24
-86.2716144 -96.91751475 29.564523242762501 TUR 25
91.12599548 90.59156629 27.371429858342296 KAZ 26
