-43.10409804 105.7425872 10.5323157465793 NLD 0
69.9302188 29.4966896 19.704158506512 UZB 1
-22.35704796 45.96843484 8.59959979633329 ITA 2
-42.93006484 58.91650301 14.2608229358271 FRA 3
-8.96967047 90.53353489 26.8522417575643 DEU 4
198.7018959 -469.814649 84.5870204970833 THA 5
362.6043665 -95.36363819 288.663600395655 CHN 6
21.77134209 -170.7569766 21.0646314931587 PAK 7
36.3041961 248.2241396 10.5323157465793 SWE 8
52.64454 251.1641853 6.08083533147772 FIN 9
-59.55755098 35.67311566 12.8993996944999 ESP 10
164.3320161 -352.7037204 37.7305909793246 MMR 11
18.99744901 -94.53918708 55.2319297336712 NPL 12
9.662078689 122.6761813 6.08083533147772 DNK 13
-41.84685216 89.19935719 6.08083533147772 BEL 14
123.1215023 -300.9084426 28.5216458716542 BGD 15
23.65745215 70.73996961 11.3762012178898 CZE 16
-10.29204491 -166.9411971 11.3762012178898 IRN 17
116.4279092 155.5606223 63.7763389991951 RUS 18
341.1275469 -520.8142065 53.5320770236169 MYS 19
43.04906254 103.2068511 26.505746702223 POL 20
-22.97724328 -302.8221884 118.381229958637 IND 21
261.9160905 -561.8631439 27.1943223223333 KHM 22
558.7602389 -640.7420763 162.370828932584 IDN 23
-22.68372768 60.64412415 6.08083533147772 CHE 24
-46.81294125 -152.6898736 27.8658881950585 TUR 25
92.50221828 68.87398682 25.7987993889998 KAZ 26
