-55.17662612 106.999938 11.174339447219777 NLD 0
77.94001602 48.08020339 20.905274867504659 UZB 1
-27.54390017 49.39488843 9.1238099527807641 ITA 2
-50.20884333 66.36823444 15.130127135942006 FRA 3
-18.15318232 101.8061215 28.48908744644163 DEU 4
202.4559694 -435.7191715 89.74323430916192 THA 5
394.5036031 -33.01455791 306.2598135576464 CHN 6
40.28751663 -180.3700063 22.348678894439555 PAK 7
63.23397636 255.4954483 11.174339447219777 SWE 8
77.79331624 247.492807 6.4515078878685932 FIN 9
-60.28284914 34.27029918 13.685714929171148 ESP 10
187.032153 -284.9989822 40.030553706492505 MMR 11
58.48466458 -106.2726302 58.598730423504321 NPL 12
7.814885803 123.2824459 6.4515078878685932 DNK 13
-57.35541127 90.52852449 6.4515078878685932 BEL 14
137.8022306 -219.3425805 30.260254271884012 BGD 15
19.88833491 105.595421 12.069666072236936 CZE 16
10.0774147 -153.8756865 12.069666072236936 IRN 17
130.1164952 200.0586025 67.66398556836107 RUS 18
352.5021599 -513.1838542 56.795258931625426 MYS 19
35.80442957 139.9727143 28.121470916674731 POL 20
30.29429817 -319.4624635 125.59745449777407 IND 21
272.6628855 -555.0563579 28.852020389300527 KHM 22
572.7204264 -628.2950948 172.26854971646875 IDN 23
-30.02095198 63.86561531 6.4515078878685932 CHE 24
-28.7713967 -124.6627345 29.564523242762501 TUR 25
74.06664923 104.3052277 27.371429858342296 KAZ 26
