-0.7100273518 1.736404879 0.173205080756887 NLD 0
1.129748858 0.4798060642 0.324037034920392 UZB 1
-0.2521385222 0.8225774651 0.14142135623731 ITA 2
-0.7447838607 1.082137304 0.234520787991171 FRA 3
-0.1596566064 1.478595835 0.441588043316392 DEU 4
3.316080189 -7.866293063 1.39104277432436 THA 5
5.875777437 -1.631310533 4.74710438056717 CHN 6
0.4624018592 -2.861030464 0.346410161513776 PAK 7
0.8111811907 3.326808274 0.173205080756887 SWE 8
1.077687994 3.375298766 0.1 FIN 9
-1.05768747 0.7687669806 0.212132034355964 ESP 10
2.763593653 -5.931993082 0.620483682299543 MMR 11
0.2759553098 -1.592239507 0.908295106229248 NPL 12
-0.05603862047 2.012202224 0.1 DNK 13
-0.6977609868 1.461914203 0.1 BEL 14
2.03147372 -5.140340605 0.469041575982343 BGD 15
0.3589664397 1.135247671 0.187082869338697 CZE 16
-0.063663687 -2.798942248 0.187082869338697 IRN 17
1.90000634 2.541616584 1.04880884817015 RUS 18
5.492453618 -8.500165318 0.880340843082951 MYS 19
0.723416156 1.633465075 0.435889894354067 POL 20
-0.3537540309 -4.997793857 1.94679223339319 IND 21
4.456269785 -9.305520743 0.447213595499958 KHM 22
8.000753802 -11.01149151 2.67020598456373 IDN 23
-0.4292316641 0.9827705893 0.1 CHE 24
-0.6583048479 -2.56792426 0.458257569495583 TUR 25
1.499743522 1.123878567 0.424264068711928 KAZ 26
