-42.80486807 106.0367613 10.532315746579343 NLD 0
70.49700474 30.68246657 19.704158506512048 UZB 1
-22.43635149 46.26552545 8.5995997963332851 ITA 2
-42.43608778 59.20305812 14.260822935827107 FRA 3
-8.795726945 90.86640698 26.852241757564315 DEU 4
198.4252245 -453.2747445 84.587020497083273 THA 5
373.03546 -87.56566099 288.66360039565484 CHN 6
24.8693788 -170.7507798 21.064631493158686 PAK 7
40.64878114 249.7225139 10.532315746579343 SWE 8
56.9932292 252.6941018 6.0808353314777177 FIN 9
-59.59503923 35.61045295 12.899399694499925 ESP 10
155.9494026 -339.4192747 37.73059097932456 MMR 11
27.33304212 -94.94498628 55.231929733671151 NPL 12
9.533041818 122.6862761 6.0808353314777177 DNK 13
-41.55554523 89.14330161 6.0808353314777177 BEL 14
124.6683067 -281.5070511 28.521645871654215 BGD 15
25.72316166 74.78845968 11.376201217889788 CZE 16
-7.139332807 -166.9851373 11.376201217889788 IRN 17
120.8626976 155.3512915 63.776338999195076 RUS 18
341.6751536 -520.4551185 53.532077023616864 MYS 19
44.19576982 107.6905644 26.505746702223028 POL 20
-19.70642111 -302.8572181 118.38122995863657 IND 21
260.8396612 -560.5521233 27.194322322333289 KHM 22
559.4338661 -640.1540146 162.37082893258423 IDN 23
-22.17628186 60.91313859 6.0808353314777177 CHE 24
-43.47751197 -152.8499103 27.865888195058528 TUR 25
94.06303135 69.87888673 25.79879938899985 KAZ 26
