-0.721013832 1.738795669 0.173205080756887 NLD 0
1.113589724 0.4839304337 0.324037034920392 UZB 1
-0.244406292 0.896036454 0.14142135623731 ITA 2
-0.756975663 1.079458348 0.234520787991171 FRA 3
-0.149563119 1.517187154 0.441588043316392 DEU 4
3.297388255 -7.931826682 1.39104277432436 THA 5
5.91003489 -1.616756648 4.74710438056717 CHN 6
0.449025137 -2.852752098 0.346410161513776 PAK 7
0.830727399 3.298818578 0.173205080756887 SWE 8
1.099035014 3.349400178 0.1 FIN 9
-1.072625398 0.763516384 0.212132034355964 ESP 10
2.819699457 -5.98670734 0.620483682299543 MMR 11
0.279895308 -1.592807624 0.908295106229248 NPL 12
-0.043749712 2.045710999 0.1 DNK 13
-0.692656069 1.466838369 0.1 BEL 14
2.118690782 -5.159790453 0.469041575982343 BGD 15
0.341843527 1.125458696 0.187082869338697 CZE 16
-0.078229829 -2.79072396 0.187082869338697 IRN 17
1.917493364 2.543717232 1.04880884817015 RUS 18
5.503157719 -8.480994591 0.880340843082951 MYS 19
0.72240544 1.620023 0.435889894354067 POL 20
-0.280957636 -5.026309321 1.94679223339319 IND 21
4.48961302 -9.327539932 0.447213595499958 KHM 22
8.013440845 -10.99007528 2.67020598456373 IDN 23
-0.425140337 1.054209295 0.1 CHE 24
-0.678078286 -2.557158388 0.458257569495583 TUR 25
1.4853215 1.134918832 0.424264068711928 KAZ 26
