-43.23084896 105.7847238 10.5323157465793 NLD 0
68.81836095 27.96725719 19.704158506512 UZB 1
-22.32521833 45.9252552 8.59959979633329 ITA 2
-43.17046509 58.6405753 14.2608229358271 FRA 3
-9.163474939 90.4633208 26.8522417575643 DEU 4
200.7893998 -477.3389263 84.5870204970833 THA 5
359.2496673 -98.32736289 288.663600395655 CHN 6
20.33239455 -170.646628 21.0646314931587 PAK 7
34.14192425 247.7428708 10.5323157465793 SWE 8
50.42873111 250.7040901 6.08083533147772 FIN 9
-59.55755098 35.67311566 12.8993996944999 ESP 10
166.4503092 -360.0613406 37.7305909793246 MMR 11
16.75891881 -94.74152958 55.2319297336712 NPL 12
9.662078689 122.6761813 6.08083533147772 DNK 13
-42.06048691 89.17867675 6.08083533147772 BEL 14
124.0460866 -309.2219222 28.5216458716542 BGD 15
22.99157922 69.83224125 11.3762012178898 CZE 16
-11.86779717 -166.8583918 11.3762012178898 IRN 17
116.1101385 154.8481583 63.7763389991951 RUS 18
341.1275469 -520.8142065 53.5320770236169 MYS 19
42.87976495 102.0450261 26.505746702223 POL 20
-22.21678313 -303.3462211 118.381229958637 IND 21
269.3176243 -565.5320569 27.1943223223333 KHM 22
558.7602389 -640.7420763 162.370828932584 IDN 23
-22.93719763 60.58836808 6.08083533147772 CHE 24
-48.42874966 -152.6796059 27.8658881950585 TUR 25
91.39416044 67.47490818 25.7987993889998 KAZ 26
