-43.10409804 105.7425872 10.532315746579343 NLD 0
69.9302188 29.4966896 19.704158506512048 UZB 1
-22.35704796 45.96843484 8.5995997963332851 ITA 2
-42.93006484 58.91650301 14.260822935827107 FRA 3
-8.96967047 90.53353489 26.852241757564315 DEU 4
198.7018959 -469.814649 84.587020497083273 THA 5
362.6043665 -95.36363819 288.66360039565484 CHN 6
21.83230378 -170.6814622 21.064631493158686 PAK 7
36.3041961 248.2241396 10.532315746579343 SWE 8
52.59999726 251.1687772 6.0808353314777177 FIN 9
-59.55755098 35.67311566 12.899399694499925 ESP 10
164.3320161 -352.7037204 37.73059097932456 MMR 11
18.99744901 -94.53918708 55.231929733671151 NPL 12
9.662078689 122.6761813 6.0808353314777177 DNK 13
-41.84685216 89.19935719 6.0808353314777177 BEL 14
123.0317585 -300.784853 28.521645871654215 BGD 15
23.65745215 70.73996961 11.376201217889788 CZE 16
-10.31082633 -166.9318337 11.376201217889788 IRN 17
116.7104586 155.1692057 63.776338999195076 RUS 18
341.1275469 -520.8142065 53.532077023616864 MYS 19
43.04906254 103.2068511 26.505746702223028 POL 20
-22.8563318 -302.1549504 118.38122995863657 IND 21
261.9160905 -561.8631439 27.194322322333289 KHM 22
558.7602389 -640.7420763 162.37082893258423 IDN 23
-22.68372768 60.64412415 6.0808353314777177 CHE 24
-46.81294125 -152.6898736 27.865888195058528 TUR 25
92.48104348 68.8472934 25.79879938899985 KAZ 26
