-0.71105277 1.739991973 0.173205080756887 NLD 0
1.132475972 0.4828684588 0.324037034920392 UZB 1
-0.2570904825 0.8125598065 0.14142135623731 ITA 2
-0.7443770638 1.091616586 0.234520787991171 FRA 3
-0.1548655738 1.483439841 0.441588043316392 DEU 4
3.302557569 -7.889661488 1.39104277432436 THA 5
5.880639325 -1.617461331 4.74710438056717 CHN 6
0.4707490781 -2.856018348 0.346410161513776 PAK 7
0.8081640017 3.326082696 0.173205080756887 SWE 8
1.077567551 3.376181807 0.1 FIN 9
-1.061281784 0.7768697799 0.212132034355964 ESP 10
2.74901085 -5.956097168 0.620483682299543 MMR 11
0.2327970087 -1.56439733 0.908295106229248 NPL 12
-0.05108847238 2.016551571 0.1 DNK 13
-0.694522663 1.466186206 0.1 BEL 14
2.033130022 -5.132436619 0.469041575982343 BGD 15
0.361789043 1.128376403 0.187082869338697 CZE 16
-0.057558626 -2.794641778 0.187082869338697 IRN 17
1.882010731 2.555488418 1.04880884817015 RUS 18
5.501707761 -8.482866657 0.880340843082951 MYS 19
0.711739691 1.641825741 0.435889894354067 POL 20
-0.375423485 -4.989397788 1.94679223339319 IND 21
4.467579627 -9.311654164 0.447213595499958 KHM 22
8.006323096 -10.9894716 2.67020598456373 IDN 23
-0.429017927 0.980971314 0.1 CHE 24
-0.668806709 -2.58813238 0.458257569495583 TUR 25
1.504466875 1.1312424 0.424264068711928 KAZ 26
