-43.30475231 105.7369631 10.5323157465793 NLD 0
68.53360331 27.12939697 19.704158506512 UZB 1
-22.26667883 45.86009675 8.59959979633329 ITA 2
-43.4168175 58.43642267 14.2608229358271 FRA 3
-9.291377195 90.32784534 26.8522417575643 DEU 4
201.2803232 -479.5985895 84.5870204970833 THA 5
357.7137347 -98.65699034 288.663600395655 CHN 6
19.78108634 -170.8414945 21.0646314931587 PAK 7
32.78438125 247.376585 10.5323157465793 SWE 8
49.11740748 250.3449981 6.08083533147772 FIN 9
-59.55755098 35.67311566 12.8993996944999 ESP 10
166.9165672 -362.1943737 37.7305909793246 MMR 11
14.59759824 -94.92490278 55.2319297336712 NPL 12
9.662078689 122.6761813 6.08083533147772 DNK 13
-42.23277945 89.15636881 6.08083533147772 BEL 14
123.6312887 -312.0950193 28.5216458716542 BGD 15
22.13168184 68.59753423 11.3762012178898 CZE 16
-12.45019819 -167.0116828 11.3762012178898 IRN 17
114.7163872 155.1425754 63.7763389991951 RUS 18
341.1275469 -520.8142065 53.5320770236169 MYS 19
43.23679486 99.99678823 26.505746702223 POL 20
-22.82888392 -303.3970635 118.381229958637 IND 21
271.4977245 -566.5632282 27.1943223223333 KHM 22
558.7602389 -640.7420763 162.370828932584 IDN 23
-23.187113 60.5107439 6.08083533147772 CHE 24
-49.03898811 -152.8370827 27.8658881950585 TUR 25
91.105971 66.61905549 25.7987993889998 KAZ 26
