-42.60675024 106.0638143 10.532315746579343 NLD 0
70.49700474 30.68246657 19.704158506512048 UZB 1
-22.43514462 46.27308832 8.5995997963332851 ITA 2
-42.43608778 59.20305812 14.260822935827107 FRA 3
-8.438434422 90.73189465 26.852241757564315 DEU 4
197.4277152 -449.0991147 84.587020497083273 THA 5
382.5790954 -93.64676772 288.66360039565484 CHN 6
21.61478778 -183.2293745 21.064631493158686 PAK 7
40.65322075 249.7246586 10.532315746579343 SWE 8
57.04413752 252.094937 6.0808353314777177 FIN 9
-59.59503923 35.61045295 12.899399694499925 ESP 10
160.8304369 -332.7955127 37.73059097932456 MMR 11
26.56980804 -107.115469 55.231929733671151 NPL 12
9.533041818 122.6862761 6.0808353314777177 DNK 13
-41.37588258 89.10216989 6.0808353314777177 BEL 14
122.1268726 -278.5571928 28.521645871654215 BGD 15
27.67395554 78.08089167 11.376201217889788 CZE 16
-6.416657804 -166.9577468 11.376201217889788 IRN 17
130.0816003 152.0046403 63.776338999195076 RUS 18
341.6751536 -520.4551185 53.532077023616864 MYS 19
51.4405189 107.3599962 26.505746702223028 POL 20
-17.7821956 -325.1244042 118.38122995863657 IND 21
260.8396612 -560.5521233 27.194322322333289 KHM 22
559.4338661 -640.1540146 162.37082893258423 IDN 23
-22.10026917 60.9385122 6.0808353314777177 CHE 24
-43.22653331 -152.9790616 27.865888195058528 TUR 25
94.06303135 69.87888673 25.79879938899985 KAZ 26
