0.9738679785 90.03434541 28.537990747697954 HRV 0
108.8375916 74.75507733 30.116439969779236 UZB 1
56.62213306 70.35462781 26.454962073330357 BGR 2
-50.33498952 4.407397642 5.010715041841995 ESH 3
-23.16226639 -30.52902546 26.365837860205033 GNQ 4
43.27655823 71.15152377 30.47898970651816 SRB 5
-49.25020982 -9.511894455 31.090669201158288 BFA 6
-34.61214147 -45.39003048 43.502415068040477 TGO 7
96.65527797 69.17233872 12.526787604604987 TKM 8
96.16658725 114.6286395 18.282244620986376 LVA 9
-18.48078784 131.3070336 52.072878208319693 DEU 10
146.3660624 -34.71154041 39.968109165848851 THA 11
95.27413478 81.45144958 37.850803455379669 AZE 12
154.8058437 69.22530405 41.471046144172696 CHN 13
-22.94493355 -42.6044879 10.405531284211813 GAB 14
110.765605 40.8638901 59.564842129320823 PAK 15
15.73239751 -29.82054095 80.600898744385262 RWA 16
73.52620065 58.75308926 37.933628069635212 SYR 17
-4.943161255 -73.55935689 17.759786582576918 ZMB 18
3.802453211 150.2226053 40.995335909946881 DNK 19
131.4691277 71.61111754 49.508552474614177 NPL 20
-22.74809681 16.61160837 30.19449566864866 TUN 21
136.6074198 1.220386228 122.91581205230848 BGD 22
124.9676485 85.64707758 19.964414229695002 KGZ 23
-0.5758909334 14.180407 35.893126739560699 EGY 24
-31.52499066 10.27382193 14.768864773242742 DZA 25
-23.1190759 6.042834872 15.645952703424003 NER 26
104.1090732 59.7897591 27.128522113639942 AFG 27
76.90451216 -10.56933696 27.243963154759381 YEM 28
-111.5986125 68.2204506 35.673863070504133 PRT 29
-6.951750695 -33.21337892 22.6523670540011 COD 30
90.76411 25.48528881 52.448210139348106 KWT 31
-173.2764562 3.715314402 233.79832081313785 GIB 32
163.0094011 -30.55612353 33.047935450320651 KHM 33
163.6908933 -56.37565179 40.995335909946881 IDN 34
115.9260689 63.70971371 28.838830780073092 TJK 35
-73.89195062 -35.02735961 37.223745108606629 SLE 36
70.19046064 74.72872001 35.297989136289736 TUR 37
95.88423837 105.1972817 23.064262010133788 BLR 38
48.73117981 84.80339994 35.563724298623939 HUN 39
39.96213578 57.93841385 30.658656886243435 MKD 40
174.6159343 -39.14068652 31.241717875899614 BRN 41
4.268198941 -101.2750919 23.800896448749473 ZAF 42
-0.08030532452 -3.024236535 12.836137584002028 TCD 43
-30.29363835 83.30693793 79.847831307310187 SMR 44
-76.35220171 99.53798576 36.671622460846834 FRA 45
29.60313115 -93.47797774 22.126718509430216 MOZ 46
33.26525218 -6.641467392 35.695850045208161 ETH 47
40.42138943 3.647261351 18.7483789493274 ERI 48
-68.82141507 83.23768533 44.022346995388965 AND 49
17.82908495 93.89333357 26.691171778635322 BIH 50
-23.66170296 -56.40400682 18.282244620986376 AGO 51
111.0568297 101.2278932 14.392183230905879 FIN 52
11.40194385 1.115888092 17.13012441233149 SDN 53
122.1241792 28.66509894 15.342118873751685 BTN 54
168.0182997 14.82003443 30.837277289131155 MMR 55
130.0708342 97.02046569 5.010715041841995 MNG 56
239.7549238 10.76820528 77.676184739690541 KOR 57
-3.025231692 -16.13738332 10.253617564201088 CAF 58
23.00286276 16.4279938 69.430504277759582 ISR 59
359.5821988 -31.68542599 493.32646259444425 MAC 60
175.6863236 -12.59811119 59.893242689085007 VNM 61
-47.85939854 12.04586643 31.040156301507803 MAR 62
19.34634794 70.85137893 77.138977564123607 LBN 63
66.55089781 1.217987212 14.005374311799255 SAU 64
95.56365951 51.95172748 24.990862782419555 IRN 65
63.6062148 -9.796136412 23.602276316123458 DJI 66
87.14234181 114.1327696 22.23284246843593 LTU 67
116.9892157 104.1677679 10.02143008368399 RUS 68
3.154171762 -90.64628091 22.126718509430216 ZWE 69
-51.67956776 1.904280265 7.3043095919396075 MRT 70
-8.401674152 -85.73788465 7.3043095919396075 BWA 71
97.10141826 2.864835157 51.846374837059365 QAT 72
-95.67516794 -29.06804532 55.825077668920258 GMB 73
102.4249474 -26.16049084 73.918662026558764 IND 74
-13.21945579 -24.10964315 26.246534814389989 CMR 75
-50.54284856 44.76908034 115.70168529502678 VAT 76
-70.61262022 -51.84373522 25.302870654904186 LBR 77
-48.62118628 -32.74664528 41.300421687918899 GHA 78
63.41388964 87.92519191 31.367036140219717 ROU 79
104.6314368 94.66350954 26.866966248128421 UKR 80
14.04097663 -64.66452135 76.567267362310048 BDI 81
58.34711275 -35.86805986 33.190077764145322 KEN 82
-67.40340631 -22.60778499 25.611077762325817 GIN 83
38.97288193 -77.74917234 50.247879156700158 MWI 84
0.4442245935 109.8900704 34.602062231627954 SVN 85
14.63691395 -95.49939629 29.537729546485483 LSO 86
-60.90446774 -43.52666483 32.133102598504621 CIV 87
69.24524876 -17.18038987 18.15303985978268 SOM 88
19.99174191 -8.205664312 14.116972684234538 SSD 89
179.8804338 -54.49557429 32.254957804817671 TLS 90
-34.64574933 112.5539254 53.043217378827713 LIE 91
-69.67331826 126.7614833 66.25000983482235 BEL 92
-16.38118295 -36.67923922 14.282735382207104 COG 93
37.74255599 -59.25416415 29.431286931659752 TZA 94
19.30883332 117.0812453 39.314959185470592 CZE 95
147.3265844 -52.59293576 34.465743662657282 MYS 96
53.27715615 100.2207894 36.650220870193635 SVK 97
44.42746582 -22.91451132 52.493069628779978 UGA 98
168.7346857 85.77330327 49.698362317631073 PRK 99
-43.29748307 134.7111713 53.777719491839861 LUX 100
-34.06230177 -9.816893376 37.181565213916137 BEN 101
26.31561134 38.29692668 30.19449566864866 GRC 102
-55.12807532 99.19485069 50.310298906426482 CHE 103
-70.06285532 -9.253522614 32.400579122170356 SEN 104
54.98050783 0.9061142817 38.098737133147701 JOR 105
-33.14067732 162.0316085 77.138977564123607 NLD 106
83.85115015 -3.139933998 13.078350216409746 OMN 107
-9.642173567 63.83563288 47.585307427602821 ITA 108
179.7434538 14.28219804 19.406415909645048 LAO 109
85.8740021 68.69342787 33.308066325960112 ARM 110
75.60006673 -215.3215745 454.27700509530524 MCO 111
77.17798071 6.347580291 39.034563641451086 ARE 112
57.20439157 32.49662769 100.72191597272028 PSE 113
105.0387092 104.8731201 17.221485723821072 SWE 114
74.73035958 97.25062058 34.465743662657282 MDA 115
-80.86311381 60.97569916 32.881326144031945 ESP 116
-14.28937083 -6.531502181 52.865418384560847 NGA 117
11.38598442 38.88741131 34.283142411464119 ALB 118
29.28538159 -111.2536077 28.289469405125189 SWZ 119
87.09452819 92.71499059 24.706687068839141 GEO 120
-11.47953954 7.445919961 6.6285529456622623 LBY 121
172.9362223 -65.09201493 16.090950024469048 PNG 122
68.81103731 113.0608342 39.034563641451086 POL 123
-14.96368697 111.8805848 35.142049008662916 AUT 124
225.1498555 -146.8408889 284.83502099345412 HKG 125
95.51265924 122.8419361 18.7483789493274 EST 126
95.83480389 96.76515415 13.078350216409746 NOR 127
8.678968146 51.32637861 23.030218800419412 MNE 128
84.90150511 44.13807455 34.533970209790922 IRQ 129
-79.29194187 -19.47501021 29.484556272860946 GNB 130
-46.49189126 0.4785496719 14.715643465829876 MLI 131
107.9048385 87.35219823 9.1196390321201388 KAZ 132
