56.98081102 97.51447947 7.2647861483665741 HRV 0
192.0654948 104.587476 21.516128219242308 UZB 1
86.11478078 84.4546867 9.3834026318360468 BGR 2
-151.1626019 17.86065735 2.78091003046154 ESH 3
-48.39933682 -120.9011925 4.7511025897324828 GNQ 4
73.59200412 98.94200072 9.7014285438007697 SRB 5
-152.2622508 -60.63219033 17.496077812950492 BFA 6
-156.0284111 -110.9716609 10.917577381273142 TGO 7
169.8945129 82.25049903 9.2619721301229809 TKM 8
147.2316583 186.8408821 4.9085388195543649 LVA 9
14.47056733 164.3924043 33.114898900228816 DEU 10
264.9898852 -162.6407101 30.745558945791181 THA 11
161.80838 99.81202849 11.708467252670609 AZE 12
339.8421016 31.68453079 137.00146756251067 CHN 13
-45.99746336 -130.1943398 5.6638803179786477 GAB 14
200.8409559 -79.92335241 56.267822573981789 PAK 15
54.5956651 -178.9779798 13.622119385748286 RWA 16
98.88332909 15.50412112 17.486915571920079 SYR 17
11.99591664 -207.5352625 16.456230234059898 ZMB 18
-20.3144766 187.3376322 8.8214964556094859 DNK 19
127.5929805 -110.991752 20.168382689676946 NPL 20
-58.2205466 1.176957679 12.806987346564169 TUN 21
193.8083642 -175.5347302 47.717915852837997 BGD 22
220.4362717 107.4863113 9.4167749747750555 KGZ 23
-10.1978415 9.37511873 38.522091351120984 EGY 24
-109.4108156 -3.960172393 24.503483382422555 DZA 25
-95.29161055 -56.20081251 18.924399004220476 NER 26
189.3733223 52.42081172 23.581770957357609 AFG 27
128.1499721 -72.76722277 21.29646692672285 YEM 28
-131.0653663 72.54095106 11.615194504911328 PRT 29
-12.23525303 -164.9457159 36.69229572914297 COD 30
136.3534054 -45.40611974 7.5330035532055746 KWT 31
-81.76125892 46.15805705 0.65546678013634785 GIB 32
347.7471226 -149.1654954 14.935988138750236 KHM 33
339.2217357 -218.8761646 60.446848100405361 IDN 34
208.2510911 78.74718488 11.556037284703475 TJK 35
-216.2600369 -45.69890919 10.758064109621154 SLE 36
117.1969636 58.90975202 33.612415693824133 TUR 37
141.1977815 171.9242188 11.182340477306271 BLR 38
78.31766425 117.969131 11.5634116280348 HUN 39
73.12800868 80.83468199 5.2398312005491796 MKD 40
313.9296792 -101.8773772 2.44138418869706 BRN 41
-8.796508774 -243.0728283 28.20236630422702 ZAF 42
-54.9130861 -66.21173702 15.512713796560233 TCD 43
-30.42285716 79.3882068 0.66578972669710113 SMR 44
-50.63989525 98.07919575 29.19832914329368 FRA 45
76.09954881 -233.9654241 21.125098291229882 MOZ 46
36.30477053 -84.84803606 40.813841790105307 ETH 47
52.31403327 -43.75048911 7.0252162559535094 ERI 48
-57.83448114 64.19202024 1.0281258066328345 AND 49
64.36639936 87.19240621 6.5019141289638798 BIH 50
-59.33996029 -191.518568 21.976337002702106 AGO 51
165.39002 204.9292561 8.5446451334134839 FIN 52
-18.22223424 -57.87936508 25.166905864430017 SDN 53
262.7630357 -99.57849722 3.2196021241681132 BTN 54
286.5911533 -113.5557956 26.805534730424821 MMR 55
270.7333594 155.8455898 6.7368122054725914 MNG 56
406.6054091 166.3189562 26.110373553812085 KOR 57
-22.09157605 -114.0484917 8.6949652049593453 CAF 58
50.58476871 6.374673914 10.990107811234695 ISR 59
286.9634602 -86.09786007 3.0443188700831167 MAC 60
403.6742063 -115.3975254 36.076390568986689 VNM 61
-130.1657414 41.26762782 22.319811444893183 MAR 62
55.55500373 23.54234918 8.3956951646689291 LBN 63
88.65067772 -54.39893183 22.054862061361931 SAU 64
161.1088717 7.196572107 34.263474607646607 IRN 65
64.76032938 -55.06116953 3.8681091716055414 DJI 66
134.8823396 187.0281177 5.9824258509024739 LTU 67
224.9335504 163.3786991 43.607956489068236 RUS 68
29.65320456 -230.3229024 14.812425899443689 ZWE 69
-162.4232704 3.013705607 8.0014178687055786 MRT 70
-8.586973948 -209.8392738 5.9349296338333266 BWA 71
120.6565513 -48.7612669 5.9801455284064788 QAT 72
-217.3995541 -30.25163175 6.0425408445570241 GMB 73
168.203854 -347.1382082 137.14343492703199 IND 74
-43.23774157 -99.13583816 19.420422914487311 CMR 75
-23.85062658 42.24391154 0.08258105204309657 VAT 76
-217.7260616 -63.34314381 8.4459061939768638 LBR 77
-180.5571956 -94.50022449 21.195034732268404 GHA 78
101.711076 102.1281363 16.183147311378686 ROU 79
118.8274469 132.8859366 21.994483053362483 UKR 80
31.78106505 -188.5241348 13.201866834308357 BDI 81
87.41501751 -128.99919 26.933579394725179 KEN 82
-197.8056401 -28.79571811 13.66834913727843 GIN 83
54.32935364 -206.8402782 16.600434783336599 MWI 84
58.22139045 109.0158632 5.2826060425305812 SVN 85
33.92467842 -206.2777178 5.5390898236347699 LSO 86
-189.1686146 -58.06212782 19.496650104457451 CIV 87
89.80182419 -88.96194021 15.455237489703352 SOM 88
9.409536703 -125.5289716 12.082542065358217 SSD 89
380.8257627 -176.3316002 4.2326313826321709 TLS 90
35.65386291 123.6251808 0.71992492101426198 LIE 91
-57.77237893 135.7649755 12.403663020722817 BEL 92
-32.68862414 -128.1763549 8.9664162247524821 COG 93
94.5835912 -180.8078502 29.796658041639304 TZA 94
55.73044505 147.6520444 11.754681050617691 CZE 95
314.4022371 -147.9241201 21.252871903778559 MYS 96
88.11320598 133.9146169 8.7348739081581055 SVK 97
41.52483778 -145.5686776 25.290303934947225 UGA 98
348.1457215 174.7541893 18.558518298240561 PRK 99
-34.38619118 126.4788363 2.9359857829819962 LUX 100
-141.3942955 -86.99824357 13.436371129669119 BEN 101
74.60270179 65.31602003 11.668208793351997 GRC 102
18.25133545 122.6963136 10.761550042556175 CHE 103
-193.9943723 -2.423365286 15.292441182761774 SEN 104
65.92706509 -8.538044461 12.216972849529284 JOR 105
-68.16327648 159.0264894 15.229880527581159 NLD 106
147.6105094 -54.27784662 7.8195143061176822 OMN 107
17.14855409 67.80402113 27.839737198675142 ITA 108
321.7655591 -120.1077775 10.025013197846581 LAO 109
147.5974832 91.68599765 6.0476174258586184 ARM 110
-19.00030614 78.52862528 0.69092265193589053 MCO 111
150.6325328 -35.70174527 11.193312522932514 ARE 112
70.31535474 28.25097311 8.4090870546814536 PSE 113
150.7922791 216.7365736 11.820057657098367 SWE 114
125.7188649 105.0052684 6.7256677607773998 MDA 115
-96.31819625 68.81026594 25.012245234503325 ESP 116
-100.9603757 -134.7807604 54.281261106259194 NGA 117
59.3410094 71.28522802 6.1065323790172448 ALB 118
48.58201219 -234.8084113 3.992176809191295 SWZ 119
154.4347963 115.4106025 7.0057746350172918 GEO 120
-59.61391819 -35.24139885 9.5229954227506806 LBY 121
360.5803866 -128.3320066 11.661777933995008 PNG 122
102.7502238 172.5719501 23.240514796976651 POL 123
55.61904536 123.6694693 10.860271799427455 AUT 124
328.4857805 -103.0200435 9.9313801132624508 HKG 125
154.3729026 191.2784151 4.1734081300317332 EST 126
144.8856863 198.9682323 8.4893964151972305 NOR 127
60.4530742 79.48738141 2.8713991118028943 MNE 128
114.2726015 -19.99137847 24.47619354315486 IRQ 129
-213.1645425 -20.4627046 5.3211938895301758 GNB 130
-147.9816776 -23.1147592 17.512051522013497 MLI 131
173.0912708 133.5795271 16.066419048915989 KAZ 132
