-95.72151203 0.266958373 2.16035532952908 ECU 0
-88.31749978 1.930284844 0.504866933196508 SUR 1
-88.83118778 -0.09733189361 1.28545492556643 BRA 2
-90.23353895 -3.968511167 1.0312657948377 ARG 3
-99.64531744 12.59658966 1.93046021830909 NIC 4
-109.3491319 24.09569552 1.0730342291487 BLZ 5
-90.81711411 -2.209783163 0.854116229664759 BOL 6
-102.615522 15.690186 2.45550026844296 HND 7
-88.96448942 -2.374696006 1.04817291823975 PRY 8
-108.8455256 28.31988951 0.521985903736631 CAN 9
-88.11759002 -4.314655553 1.11717729388826 URY 10
-107.2220438 10.74987904 4.42324003825118 SLV 11
-112.6181537 24.39348694 2.05185035997943 MEX 12
-99.60161298 8.216578021 2.55031478093684 CRI 13
-95.75441345 5.571595379 1.95758745277471 PAN 14
-109.2990592 19.84150102 3.27862054964304 GTM 15
-89.64828187 3.508419279 1.44328501015677 VEN 16
-92.5474959 -3.71529009 1.29567062205629 CHL 17
-92.62602003 -1.119616368 1.30580640067986 PER 18
-109.8839743 26.59331578 1.53763787543597 USA 19
-92.25103637 1.823000022 1.72869106232576 COL 20
-87.65862443 1.218733431 0.487146750754583 GUF 21
-89.28483338 1.629829102 0.513497762378277 GUY 22
