-93.67826214 1.85397587 1.2851815960347475 ECU 0
-89.51527961 2.361008875 0.30034211600371008 SUR 1
-90.12103288 1.485029826 0.76470893018802688 BRA 2
-90.81142449 -0.6451312005 0.61349343880132323 ARG 3
-99.51267297 14.03975444 1.1484184617855757 NIC 4
-109.1720362 27.34493031 0.63834121376590602 BLZ 5
-90.88205293 0.4741536621 0.50810829322184392 BOL 6
-101.8768411 15.14360923 1.4607614362907477 HND 7
-89.81451798 0.1205677571 0.62355137859539356 PRY 8
-108.4951293 29.48493657 0.31052608230800438 CAN 9
-89.6384452 -1.147358799 0.6646016412152268 URY 10
-107.0354038 12.47192509 2.6313572653085759 SLV 11
-111.0782881 27.37616053 1.2206326822345708 MEX 12
-99.67652671 10.2875863 1.5171659845743435 CRI 13
-95.66171402 8.449713745 1.164556280416613 PAN 14
-109.2725804 24.75810865 1.9504304376174362 GTM 15
-90.04205164 3.707326987 0.85860104008475158 VEN 16
-92.06637922 -0.008499328933 0.77078618282327405 CHL 17
-91.6625503 1.484719145 0.77681589282997476 PER 18
-109.5383569 28.84954577 0.91473095738701238 USA 19
-91.86483163 3.267201097 1.028387278779326 COL 20
-89.15190282 1.900699779 0.28980049257655627 GUF 21
-90.08642087 2.551392713 0.30547654119354528 GUY 22
