-0.5062433677 5.950681483 0.569539287494723 HRV 0
4.120310778 5.227280821 0.601040764008565 UZB 1
3.165173339 4.078786072 0.527967802048571 BGR 2
-2.597863886 -0.1066546964 0.1 ESH 3
-1.339584601 -2.66060332 0.526189129496229 GNQ 4
1.801729263 6.04668517 0.608276253029821 SRB 5
-3.598679438 -0.5851538051 0.620483682299542 BFA 6
-1.651437297 -4.083319896 0.868187767709264 TGO 7
4.880858994 4.314662064 0.25 TKM 8
5.50848876 6.614266534 0.36486298798316 LVA 9
-0.7356479331 9.252424197 1.03923048454133 DEU 10
8.975115389 -1.426946726 0.797652806677192 THA 11
4.370179521 3.137657664 0.755397246486903 AZE 12
6.630187782 3.635268953 0.827647267862342 CHN 13
-0.7040099574 -2.824957215 0.207665596572952 GAB 14
7.474466139 1.792684201 1.18874934279687 PAK 15
2.497045112 -3.488835327 1.60857079421454 RWA 16
2.141601986 1.796512913 0.757050196486335 SYR 17
0.07448025826 -4.849244304 0.354436171968945 ZMB 18
0.3381370327 10.57928536 0.818153408597679 DNK 19
6.658704226 5.449199957 0.988053642268473 NPL 20
-1.766137079 0.7795420711 0.602598539659697 TUN 21
7.98703736 -4.667801368 2.45305931440721 BGD 22
5.803771515 4.529708963 0.39843443626273 KGZ 23
-0.6042664806 0.5743362734 0.716327439094718 EGY 24
-2.212807935 -0.04379433237 0.294745653063789 DZA 25
-1.569787721 -0.1754727141 0.312249899919919 NER 26
5.587928794 2.790458936 0.541410195692693 AFG 27
3.519708268 -1.287737902 0.543714079273287 YEM 28
-4.312371021 7.649423063 0.711951543294905 PRT 29
-0.04474599604 -2.845084614 0.452078533000627 COD 30
5.734614247 0.6435027541 1.04672107077291 KWT 31
-10.69199254 2.200876142 4.66596720948614 GIB 32
9.611402837 -0.2156709936 0.659545297913642 KHM 33
10.0122348 -2.552069561 0.818153408597679 IDN 34
5.379953064 3.768444124 0.575543221661065 TJK 35
-5.139156318 -3.218119207 0.742882897905183 SLE 36
3.12219103 2.752918703 0.704450140180269 TUR 37
4.835082974 6.311888879 0.460298815988048 BLR 38
0.6326698484 6.199956785 0.709753478328921 HUN 39
2.312631093 4.647020731 0.611861912526018 MKD 40
11.19866698 -0.4288458812 0.623498195666993 BRN 41
-0.1947581762 -6.338703125 0.474999999999999 ZAF 42
-0.6815933372 -0.6683882553 0.25617376914899 TCD 43
-5.331213445 4.733631392 1.59354165304832 SMR 44
-4.706013536 8.880132134 0.731864058415221 FRA 45
0.5313598169 -5.516868261 0.441588043316392 MOZ 46
0.7359640783 0.006898505002 0.712390342438749 ETH 47
1.293960959 0.823930981 0.374165738677394 ERI 48
-6.13713204 8.14386144 0.878564169540279 AND 49
0.5606645427 7.309176066 0.532681893816562 BIH 50
-0.7140604338 -3.414328099 0.36486298798316 AGO 51
5.447375397 5.044504056 0.287228132326901 FIN 52
-0.2623887727 -0.3248267396 0.341869858279433 SDN 53
6.284083649 2.402162657 0.306186217847897 BTN 54
8.002128624 0.2057549832 0.615426681254559 MMR 55
5.584853165 5.385742739 0.1 MNG 56
10.76977576 3.786306623 1.55020159979274 KOR 57
-0.34809316 -1.039678071 0.204633819296811 CAF 58
-3.025778389 2.355221969 1.3856406460551 ISR 59
12.29775807 13.8654941 9.84543041212518 MAC 60
9.890550574 1.452534851 1.19530330878819 VNM 61
-2.841269355 0.5704204301 0.619475584668192 MAR 62
-2.534980868 4.925860539 1.53948043183406 LBN 63
3.480549488 -0.0988353244 0.279508497187473 SAU 64
5.067784009 1.981159501 0.498748433581499 IRN 65
1.695973233 -0.5250925816 0.471036092035419 DJI 66
4.88501179 7.203189132 0.443705983732471 LTU 67
5.37180068 5.596361341 0.2 RUS 68
-0.3189130838 -5.528212549 0.441588043316392 ZWE 69
-2.836270883 -0.1358308208 0.145773797371132 MRT 70
-0.3520794023 -5.003836248 0.145773797371132 BWA 71
4.71687024 -2.138835561 1.03471010432874 QAT 72
-6.296489342 -0.5237875066 1.11411399775786 GMB 73
6.887197397 -1.295907278 1.47521184919319 IND 74
-0.5177532999 -1.689091415 0.523808170993923 CMR 75
-8.988234991 8.203288943 2.3090853167434 VAT 76
-4.136480536 -3.961427736 0.504975246918103 LBR 77
-2.61615157 -2.916491268 0.824242076091723 GHA 78
2.884517247 5.595242643 0.625999201277443 ROU 79
3.850951004 6.237324631 0.536190264738177 UKR 80
-1.98143279 -6.201435973 1.52807067899361 BDI 81
2.403773548 -1.382827877 0.662382064974585 KEN 82
-4.537740148 -2.127400686 0.511126207506521 GIN 83
1.931589084 -5.755427432 1.00280855600658 MWI 84
-1.345843107 6.702819116 0.690561365846654 SVN 85
0.08853126813 -7.289909372 0.589491306127578 LSO 86
-3.926500575 -2.957563613 0.641287766919031 CIV 87
2.639028344 -0.4884657065 0.362284418654735 SOM 88
0.05067907573 -0.8130507244 0.281735691739615 SSD 89
11.30923364 -3.154557871 0.643719659479185 TLS 90
-2.575399525 8.881979425 1.058595767987 LIE 91
-4.012621687 12.26849056 1.32216678221773 BEL 92
-0.5422581686 -2.412275405 0.285043856274784 COG 93
0.5231977908 -4.117518789 0.587367006223534 TZA 94
0.7010389524 8.479185069 0.784617741323759 CZE 95
10.29985333 -1.221527624 0.687840824609879 MYS 96
1.707035632 7.471204323 0.731436941916391 SVK 97
0.8874841006 -1.740939233 1.04761634198784 UGA 98
8.186752739 4.335154279 0.991841721243868 PRK 99
-5.867639703 10.52067906 1.07325439668328 LUX 100
-3.457077919 -1.795779366 0.742041103982792 BEN 101
2.210536554 3.559387838 0.602598539659697 GRC 102
-3.874713061 10.19214926 1.00405428140116 CHE 103
-4.652306891 -1.003085903 0.646625857818875 SEN 104
2.26864604 0.4449872148 0.760345316287276 JOR 105
-1.597258709 11.41784731 1.53948043183406 NLD 106
3.406994467 -0.5767273034 0.261007662722763 OMN 107
-2.92054905 7.118900708 0.949670995661126 ITA 108
8.853182408 0.4891502969 0.387298334620741 LAO 109
4.018762006 1.916843155 0.664736790015413 ARM 110
-11.21639858 18.1389453 9.06611134941543 MCO 111
4.464949511 -0.3844276057 0.779021822544141 ARE 112
-0.04734334479 2.952394154 2.01013059277251 PSE 113
4.895339683 4.890325159 0.343693177121688 SWE 114
2.761530792 6.764097341 0.687840824609879 MDA 115
-5.26524675 6.880904771 0.656220237420332 ESP 116
-1.890528388 -1.356816569 1.05504739230046 NGA 117
1.212431636 5.012809188 0.6841966091702 ALB 118
0.7335043962 -6.483797678 0.564579489531811 SWZ 119
4.079639454 4.216154258 0.4930770730829 GEO 120
-1.123897862 -0.1118315617 0.13228756555323 LBY 121
10.49472606 -3.453888398 0.321130814466628 PNG 122
3.813848418 7.547997504 0.779021822544141 POL 123
-0.5598390691 7.668559861 0.701338006955277 AUT 124
16.84151139 -0.4161605992 5.68451844926198 HKG 125
5.613854126 7.267001693 0.374165738677394 EST 126
4.992485179 5.422617021 0.261007662722763 NOR 127
0.1297548997 5.28272069 0.459619407771255 MNE 128
3.511317501 0.8170370203 0.689202437604508 IRQ 129
-5.531560269 -1.872192307 0.588430114796991 GNB 130
-2.772165671 -0.5236844039 0.293683503111768 MLI 131
5.298068235 4.647468303 0.182002747232013 KAZ 132
