33.00223879 108.9872476 7.26478614836657 HRV 0
189.1649726 128.7804935 21.5161282192423 UZB 1
67.92327295 111.4937784 9.38340263183605 BGR 2
-151.1626019 17.86065735 2.78091003046154 ESH 3
-51.49437578 -120.9336318 4.75110258973248 GNQ 4
49.69176198 108.334898 9.70142854380077 SRB 5
-153.1642967 -61.4872214 17.4960778129505 BFA 6
-164.5801 -115.1397111 10.9175773812731 TGO 7
168.7507299 107.1742472 9.26197213012298 TKM 8
147.3980477 186.1123819 4.90853881955436 LVA 9
8.629098817 162.6102878 33.1148989002288 DEU 10
363.326315 -143.6166776 30.7455589457912 THA 11
153.626718 120.6693934 11.7084672526706 AZE 12
361.7124087 37.9482584 137.001467562511 CHN 13
-46.21755616 -130.8699078 5.66388031797865 GAB 14
180.3418617 -17.99029076 56.2678225739818 PAK 15
60.58660799 -181.4858317 13.6221193857483 RWA 16
71.39859929 30.93704395 17.4869155719201 SYR 17
11.67357842 -202.1451822 16.4562302340599 ZMB 18
-21.85319554 189.2769446 8.82149645560949 DNK 19
127.2640572 -123.2055775 20.1683826896769 NPL 20
-64.46536615 1.103556955 12.8069873465642 TUN 21
201.3023958 -190.9373717 47.717915852838 BGD 22
219.0238318 127.8400505 9.41677497477506 KGZ 23
-15.0995199 5.612993933 38.522091351121 EGY 24
-109.4108156 -3.960172393 24.5034833824226 DZA 25
-109.0971659 -47.51366478 18.9243990042205 NER 26
210.9712731 74.39330371 23.5817709573576 AFG 27
128.647354 -81.59052252 21.2964669267229 YEM 28
-131.0840048 72.61485997 11.6151945049113 PRT 29
-0.3308454596 -144.1273008 36.692295729143 COD 30
105.5426214 -22.7105063 7.53300355320557 KWT 31
-81.76125892 46.15805705 0.655466780136348 GIB 32
407.8182914 -145.8962241 14.9359881387502 KHM 33
362.480656 -238.7717812 60.4468481004054 IDN 34
213.6361899 108.2230572 11.5560372847035 TJK 35
-216.3456329 -45.58675381 10.7580641096212 SLE 36
90.65174688 76.38489606 33.6124156938241 TUR 37
139.8762408 171.8481696 11.1823404773063 BLR 38
64.28818802 131.9481494 11.5634116280348 HUN 39
58.61722172 96.95862212 5.23983120054918 MKD 40
332.0196981 -93.79799558 2.44138418869706 BRN 41
-11.86940674 -245.4519669 28.202366304227 ZAF 42
-69.17124037 -60.32622758 15.5127137965602 TCD 43
-30.12574981 79.0912439 0.665789726697101 SMR 44
-52.0073375 97.89835012 29.1983291432937 FRA 45
78.95755179 -235.8047416 21.1250982912299 MOZ 46
32.64213007 -63.65440503 40.8138417901053 ETH 47
38.93827559 -17.88441674 7.02521625595351 ERI 48
-57.83448114 64.19202024 1.02812580663283 AND 49
39.58241444 96.37453619 6.50191412896388 BIH 50
-27.58865168 -193.7995208 21.9763370027021 AGO 51
165.8674328 204.362367 8.54464513341348 FIN 52
-30.39133313 -54.03688828 25.16690586443 SDN 53
252.8513633 -99.50459441 3.21960212416811 BTN 54
310.131271 -159.7244194 26.8055347304248 MMR 55
264.1177167 152.7851169 6.73681220547259 MNG 56
321.5119321 190.2637168 26.1103735538121 KOR 57
-25.96046403 -97.26491687 8.69496520495935 CAF 58
32.01818428 13.75939659 10.9901078112347 ISR 59
290.1331606 -104.4530744 3.04431887008312 MAC 60
440.9656433 -109.4322404 36.0763905689867 VNM 61
-130.7598442 39.66923636 22.3198114448932 MAR 62
42.880921 31.73045805 8.39569516466893 LBN 63
82.58217506 -5.603811014 22.0548620613619 SAU 64
155.5646279 67.25635786 34.2634746076466 IRN 65
48.39139263 -23.24872345 3.86810917160554 DJI 66
134.9045678 187.6623386 5.98242585090247 LTU 67
221.2390823 182.8813692 43.6079564890682 RUS 68
26.23467992 -228.9050756 14.8124258994437 ZWE 69
-162.4232704 3.013705607 8.00141786870558 MRT 70
-7.59655594 -211.9609571 5.93492963383333 BWA 71
98.648798 -54.6908543 5.98014552840648 QAT 72
-217.7439082 -29.419112 6.04254084455702 GMB 73
167.6262761 -366.2774038 137.143434927032 IND 74
-52.98900797 -94.65674983 19.4204229144873 CMR 75
-23.85471845 42.24779629 0.0825810520430966 VAT 76
-214.2625966 -64.02091534 8.44590619397686 LBR 77
-187.3536173 -94.07696282 21.1950347322684 GHA 78
90.02656628 124.4926744 16.1831473113787 ROU 79
118.7148328 147.6767803 21.9944830533625 UKR 80
34.6996643 -182.8159519 13.2018668343084 BDI 81
86.31279077 -101.1316942 26.9335793947252 KEN 82
-197.6195349 -24.13468802 13.6683491372784 GIN 83
53.4386341 -209.7847097 16.6004347833366 MWI 84
50.78751096 122.764283 5.28260604253058 SVN 85
32.12038 -207.9032853 5.53908982363477 LSO 86
-188.3415366 -54.7907726 19.4966501044575 CIV 87
82.42104483 -41.82908126 15.4552374897034 SOM 88
-5.858332247 -97.23114498 12.0825420653582 SSD 89
392.3335633 -183.9024577 4.23263138263217 TLS 90
35.6451448 123.6217497 0.719924921014262 LIE 91
-55.14247427 137.9532573 12.4036630207228 BEL 92
-38.180544 -118.6694188 8.96641622475248 COG 93
101.3801741 -191.2203231 29.7966580416393 TZA 94
54.51513245 152.2365773 11.7546810506177 CZE 95
320.4433435 -114.4716373 21.2528719037786 MYS 96
77.23897561 146.6683923 8.73487390815811 SVK 97
59.54588342 -143.8783787 25.2903039349472 UGA 98
282.1002239 169.3220975 18.5585182982406 PRK 99
-34.38619118 126.4788363 2.935985782982 LUX 100
-152.3901747 -91.3552896 13.4363711296691 BEN 101
43.47248602 73.01704079 11.668208793352 GRC 102
19.64567694 121.5761728 10.7615500425562 CHE 103
-194.9616452 3.707816806 15.2924411827618 SEN 104
49.4947678 -2.590686691 12.2169728495293 JOR 105
-68.30768948 161.1694495 15.2298805275812 NLD 106
111.4461555 -58.67079676 7.81951430611768 OMN 107
7.486929128 85.69976028 27.8397371986751 ITA 108
397.0896511 -123.3585318 10.0250131978466 LAO 109
137.8508257 113.3471781 6.04761742585862 ARM 110
-19.1629934 78.5469677 0.690922651935891 MCO 111
108.1380316 -40.60855091 11.1933125229325 ARE 112
50.40739111 17.34180739 8.40908705468145 PSE 113
151.2925961 217.5775978 11.8200576570984 SWE 114
120.0621386 115.9225092 6.7256677607774 MDA 115
-95.75856159 69.08379545 25.0122452345033 ESP 116
-107.1194506 -140.8887893 54.2812611062592 NGA 117
51.79982949 88.02801311 6.10653237901724 ALB 118
48.61073204 -234.7886368 3.9921768091913 SWZ 119
136.2695651 125.8540073 7.00577463501729 GEO 120
-61.37655466 -20.94173812 9.52299542275068 LBY 121
398.0850119 -169.6677086 11.661777933995 PNG 122
93.5358336 183.3917196 23.2405147969767 POL 123
40.25269416 134.2563894 10.8602717994275 AUT 124
377.3397409 -103.2771668 9.93138011326245 HKG 125
154.8424008 191.0900635 4.17340813003173 EST 126
145.3221677 198.8839211 8.48939641519723 NOR 127
48.94623088 96.21548145 2.87139911180289 MNE 128
115.4501369 25.25089698 24.4761935431549 IRQ 129
-215.1704111 -18.75051152 5.32119388953018 GNB 130
-148.1802091 -20.91073742 17.5120515220135 MLI 131
165.7378502 156.5611764 16.066419048916 KAZ 132
