74.30569501 83.4292478 12.557061120706921 HRV 0
205.2250553 64.01613161 37.190267079057826 UZB 1
105.6968626 80.85463996 16.219054210516582 BGR 2
-145.3111996 45.34847191 4.8067563876665504 ESH 3
-69.03793267 -109.0677212 8.2122012116535252 GNQ 4
90.11341346 77.86594437 16.768756670155742 SRB 5
-165.2386181 -31.28384231 30.241677316167273 BFA 6
-167.037085 -80.28060854 18.870849556599598 TGO 7
182.9309266 51.4521519 16.009163623128554 TKM 8
178.0757376 156.2345451 8.4843270967260729 LVA 9
43.31531773 161.1227354 57.238547839388026 DEU 10
233.1423602 -197.8414354 53.143183431408069 THA 11
177.6991479 68.08377382 20.237889446289813 AZE 12
320.0805646 -21.48955115 236.80474093456917 CHN 13
-71.24675537 -117.4640984 9.789922219419763 GAB 14
191.8316856 -118.3022248 97.25798843362314 PAK 15
17.5378878 -180.6668725 23.545605091055275 RWA 16
99.79750371 -3.792502575 30.225840536078788 SYR 17
-25.95885374 -200.3197044 28.444318200884272 ZMB 18
14.51637764 187.8758664 15.2478088008267 DNK 19
103.9693768 -127.723322 34.860711515510097 NPL 20
-57.00906554 11.8736566 22.136663020574257 TUN 21
166.0534462 -209.2492939 82.479617937764189 BGD 22
230.7809908 67.86557148 16.276737746062985 KGZ 23
-9.333743742 12.22666795 66.584789381892961 EGY 24
-107.9676812 16.97146256 42.35386041920701 DZA 25
-102.8822327 -36.83336154 32.710506560757047 NER 26
190.6910798 13.05080441 40.760695937709116 AFG 27
110.4161201 -93.85722154 36.810586215824081 YEM 28
-115.117069 93.81689162 20.076669064768613 PRT 29
-38.79316103 -154.9864653 63.422018311371339 COD 30
122.5828482 -68.45490175 13.020670410425378 KWT 31
-71.86773934 60.41934899 1.1329633457435904 GIB 32
311.8295265 -204.3736361 25.816605213989654 KHM 33
266.6781165 -265.9064256 104.48136402769953 IDN 34
211.4179559 37.22589645 19.974416800942763 TJK 35
-222.0574123 -4.860424846 18.595133539528913 SLE 36
121.9940379 48.8215475 58.098497280179103 TUR 37
168.5240896 132.373132 19.3284881314313 BLR 38
102.9667669 98.05469137 19.987163229818361 HUN 39
85.79014266 66.22026168 9.0569604257762002 MKD 40
288.8397137 -157.6807522 4.2198916596449774 BRN 41
-49.60047874 -233.6662544 48.747317566996678 ZAF 42
-51.36412401 -63.24904734 26.813465849264972 TCD 43
-16.12839685 84.22483057 1.1508063858912092 SMR 44
-26.93332273 107.3112683 50.468822644874962 FRA 45
28.24427856 -235.548926 36.514378401015769 MOZ 46
23.81242282 -93.30916192 70.546041612587103 ETH 47
37.58331935 -55.63251137 12.142968576167476 ERI 48
-45.03024768 73.74089412 1.7770982283583625 AND 49
77.56453733 72.45295656 11.238449618691737 BIH 50
-85.1498808 -170.1642517 37.985730249503682 AGO 51
200.5664478 171.6045671 14.769275929636084 FIN 52
-17.98735816 -57.78354695 43.500575062320337 SDN 53
243.7624387 -148.8278608 5.565028320431276 BTN 54
264.923214 -162.071677 46.332917598525327 MMR 55
294.2078945 103.369622 11.644467007726591 MNG 56
426.0541384 79.4934105 45.13134315363525 KOR 57
-39.52549098 -103.1098298 15.029101654374699 CAF 58
50.58440059 -2.871973402 18.996217189388506 ISR 59
266.0413247 -137.0863912 5.2620541529842972 MAC 60
371.121516 -181.3264917 62.357436562825313 VNM 61
-118.2946191 65.78245537 38.579420067195542 MAR 62
57.85148709 11.51420327 14.511818404630572 LBN 63
84.57555192 -67.28547484 38.121459497544961 SAU 64
144.7439405 -3.215363564 59.22384170286221 IRN 65
51.98319417 -67.74421878 6.6859618848297169 DJI 66
170.4882149 146.5108754 10.340522835179389 LTU 67
251.9745065 119.9175491 75.375622048486363 RUS 68
-15.07777549 -224.3288581 25.603029953893035 ZWE 69
-158.6048368 33.30806484 13.83031670550182 MRT 70
-44.58298784 -203.945554 10.258426419874205 BWA 71
108.7068023 -69.60833319 10.336581335956653 QAT 72
-218.9053816 9.167005024 10.444430594358346 GMB 73
114.133887 -353.9093732 237.05012914518309 IND 74
-59.68622168 -91.27968181 33.567875577731229 CMR 75
-16.46122492 45.67519468 0.14273996463758234 VAT 76
-223.2673569 -20.78647622 14.598607327398124 LBR 77
-184.2531633 -59.87410533 36.635262367418953 GHA 78
127.4385536 93.84114375 27.972298945107518 ROU 79
160.3945464 104.0944637 38.017095393994964 UKR 80
-1.989896759 -191.6486691 22.819205598105199 BDI 81
54.9428658 -140.2503324 46.5542406551113 KEN 82
-200.9935627 -2.16510361 23.625512441898575 GIN 83
18.36297391 -205.7807327 28.693573347859068 MWI 84
75.51192254 95.12670566 9.130896023358769 SVN 85
-2.426562062 -207.2397211 9.5742239410731038 LSO 86
-201.5108912 -30.77551519 33.699632998247999 CIV 87
70.72394088 -95.31717352 26.714119015999053 SOM 88
-9.880256998 -121.6561379 20.88447149161146 SSD 89
336.147118 -232.0353545 7.3160324182542684 TLS 90
55.82604699 115.2043455 1.2443781621195815 LIE 91
-33.14944178 142.5925983 21.43952368190336 BEL 92
-61.23128996 -124.3667686 15.498300193355377 COG 93
53.11904355 -189.0465148 51.503024119408458 TZA 94
81.1590421 135.1280218 20.317769221632126 CZE 95
282.4268647 -197.9901841 36.735232949191008 MYS 96
108.8855102 117.0551236 15.098083179099644 SVK 97
12.3577383 -148.7225728 43.713866559415592 UGA 98
359.2485933 113.7090435 32.078087891570178 PRK 99
-10.54121858 129.8513388 5.0748022272783357 LUX 100
-153.6491856 -57.25068502 23.22454234302446 BEN 101
84.46423419 51.78666808 20.168303373972602 GRC 102
40.09477573 123.4471754 18.601158916192968 CHE 103
-197.6061004 24.57155964 26.432728327444451 SEN 104
60.90092536 -19.21902602 21.116832849381122 JOR 105
-38.98069647 166.806287 26.324593283299887 NLD 106
133.5582084 -79.9757814 13.515899445744749 OMN 107
27.73670637 64.61293163 48.120519234662289 ITA 108
294.2026868 -172.7234017 17.328067322333666 LAO 109
163.4161443 62.93643285 10.453205380069374 ARM 110
-4.220669324 80.68421513 1.1942482260115264 MCO 111
138.537315 -61.68551653 19.347453128436602 ARE 112
71.4201595 14.84554811 14.534966062107987 PSE 113
188.9020404 183.8770344 20.43077159041167 SWE 114
140.8581646 80.32501604 11.625204021819526 MDA 115
-83.83062394 84.77813365 43.233246755155612 ESP 116
-120.0356922 -107.2867399 93.824250225672941 NGA 117
71.13111981 58.33125231 10.55503888936032 ALB 118
4.854579426 -238.0473217 6.900410717382937 SWZ 119
172.5388766 83.26463212 12.109364060164401 GEO 120
-65.97741629 -23.90437254 16.460338010442232 LBY 121
329.8499208 -177.590878 20.1571877413366 PNG 122
137.7094719 137.0768503 40.170840382954083 POL 123
75.48462449 111.4389508 18.771797818654669 AUT 124
300.7041054 -157.4582165 17.166224104648915 HKG 125
186.9442013 159.5941437 7.2136660185443509 EST 126
179.5257205 168.6309113 14.673779446007559 NOR 127
73.2787835 65.94364809 4.9631652484305366 MNE 128
115.72378 -42.49849599 42.306690389331351 IRQ 129
-213.4234491 16.86190362 9.1975944702771741 GNB 130
-149.7078565 4.519589813 30.269287604609637 MLI 131
194.9894468 93.53833023 27.770536099467865 KAZ 132
