36.80578284 109.5083039 7.26478614836657 HRV 0
183.7285601 109.9196931 21.5161282192423 UZB 1
71.80622154 106.7809763 9.38340263183605 BGR 2
-151.1626019 17.86065735 2.78091003046154 ESH 3
-61.55031244 -123.7487383 4.75110258973248 GNQ 4
53.4944987 108.8562146 9.70142854380077 SRB 5
-151.5108667 -66.79288626 17.4960778129505 BFA 6
-156.3285627 -115.0972484 10.9175773812731 TGO 7
155.1906958 101.4997027 9.26197213012298 TKM 8
147.5280984 186.0986074 4.90853881955436 LVA 9
-1.546537441 153.7737628 33.1148989002288 DEU 10
441.5025695 -128.8414439 30.7455589457912 THA 11
151.0575035 121.7535802 11.7084672526706 AZE 12
382.069598 73.1212538 137.001467562511 CHN 13
-53.04661514 -138.7308629 5.66388031797865 GAB 14
216.2395057 -9.907554267 56.2678225739818 PAK 15
35.55510947 -157.4899547 13.6221193857483 RWA 16
76.77088551 21.70933287 17.4869155719201 SYR 17
7.070299501 -195.165901 16.4562302340599 ZMB 18
-20.50752541 189.214515 8.82149645560949 DNK 19
195.877157 -123.3519763 20.1683826896769 NPL 20
-65.42358419 1.794577856 12.8069873465642 TUN 21
330.5226824 -161.904975 47.717915852838 BGD 22
208.2138871 127.9554008 9.41677497477506 KGZ 23
-15.46855424 6.359535444 38.522091351121 EGY 24
-109.4108156 -3.960172393 24.5034833824226 DZA 25
-108.3174828 -51.34009324 18.9243990042205 NER 26
212.8439328 74.09100296 23.5817709573576 AFG 27
158.9319569 -57.59045632 21.2964669267229 YEM 28
-131.0669142 72.63649258 11.6151945049113 PRT 29
-4.052814097 -130.1262738 36.692295729143 COD 30
115.3989264 -10.19185603 7.53300355320557 KWT 31
-81.76125892 46.15805705 0.655466780136348 GIB 32
485.3873089 -148.5313183 14.9359881387502 KHM 33
391.7926907 -247.0792293 60.4468481004054 IDN 34
215.738539 107.6885991 11.5560372847035 TJK 35
-213.4846733 -45.74259045 10.7580641096212 SLE 36
91.68223783 70.24423115 33.6124156938241 TUR 37
139.8171203 172.0541535 11.1823404773063 BLR 38
61.2178683 128.8682248 11.5634116280348 HUN 39
62.01020741 96.2206198 5.23983120054918 MKD 40
330.2046794 -71.67192799 2.44138418869706 BRN 41
-12.66670112 -257.1692473 28.202366304227 ZAF 42
-60.99186127 -59.86594789 15.5127137965602 TCD 43
-29.60930296 78.43959576 0.665789726697101 SMR 44
-50.52812523 99.80780295 29.1983291432937 FRA 45
53.3956804 -251.7550671 21.1250982912299 MOZ 46
106.2023812 -85.40969748 40.8138417901053 ETH 47
34.57126036 -28.06776734 7.02521625595351 ERI 48
-57.83448114 64.19202024 1.02812580663283 AND 49
40.98961093 96.12185774 6.50191412896388 BIH 50
-32.52469647 -179.537497 21.9763370027021 AGO 51
160.8689847 205.8188526 8.54464513341348 FIN 52
-20.8483359 -57.22397114 25.16690586443 SDN 53
253.6503751 -100.015899 3.21960212416811 BTN 54
448.7415891 -72.28682871 26.8055347304248 MMR 55
261.0389613 153.8716562 6.73681220547259 MNG 56
309.226825 211.4950644 26.1103735538121 KOR 57
-32.32906926 -92.73729585 8.69496520495935 CAF 58
33.21577415 17.68751732 10.9901078112347 ISR 59
290.0631757 -104.2814298 3.04431887008312 MAC 60
508.1463659 -88.74266542 36.0763905689867 VNM 61
-130.8103766 39.52397248 22.3198114448932 MAR 62
42.05136087 34.43677672 8.39569516466893 LBN 63
88.15865823 -18.9080278 22.0548620613619 SAU 64
158.8254475 59.13651534 34.2634746076466 IRN 65
45.15705213 -26.17396354 3.86810917160554 DJI 66
134.8904563 187.8504502 5.98242585090247 LTU 67
207.0664127 184.9549026 43.6079564890682 RUS 68
12.84950088 -224.835151 14.8124258994437 ZWE 69
-162.4232704 3.013705607 8.00141786870558 MRT 70
-5.499913613 -215.2871893 5.93492963383333 BWA 71
110.8988542 -33.6506664 5.98014552840648 QAT 72
-218.3726064 -30.02897881 6.04254084455702 GMB 73
205.3629785 -289.5872053 137.143434927032 IND 74
-59.08916155 -97.15309954 19.4204229144873 CMR 75
-23.70342897 42.60307302 0.0825810520430966 VAT 76
-211.1044671 -64.28817693 8.44590619397686 LBR 77
-185.2493138 -103.9298669 21.1950347322684 GHA 78
91.36984712 121.7435257 16.1831473113787 ROU 79
119.0582711 145.995487 21.9944830533625 UKR 80
33.49079774 -183.5480192 13.2018668343084 BDI 81
41.35329438 -79.00922944 26.9335793947252 KEN 82
-199.6466477 -26.30384746 13.6683491372784 GIN 83
49.07848105 -215.6321195 16.6004347833366 MWI 84
44.28531528 120.1539705 5.28260604253058 SVN 85
27.83251711 -208.9802039 5.53908982363477 LSO 86
-185.5241942 -56.07726381 19.4966501044575 CIV 87
57.11060567 -40.79184711 15.4552374897034 SOM 88
3.676104149 -83.88102121 12.0825420653582 SSD 89
394.1019668 -182.087245 4.23263138263217 TLS 90
35.78513305 123.4906994 0.719924921014262 LIE 91
-53.10100453 139.9274288 12.4036630207228 BEL 92
-47.34980027 -121.9516815 8.96641622475248 COG 93
74.69681948 -178.006912 29.7966580416393 TZA 94
55.50539936 150.5871532 11.7546810506177 CZE 95
341.9116347 -92.69729741 21.2528719037786 MYS 96
74.26927502 144.0001022 8.73487390815811 SVK 97
58.15387042 -127.454605 25.2903039349472 UGA 98
269.2054163 177.3953267 18.5585182982406 PRK 99
-34.17409168 127.3072175 2.935985782982 LUX 100
-141.7656258 -95.75991292 13.4363711296691 BEN 101
47.54717917 72.34729779 11.668208793352 GRC 102
21.02920271 118.0320133 10.7615500425562 CHE 103
-197.7263938 2.170537293 15.2924411827618 SEN 104
54.21821032 1.417268065 12.2169728495293 JOR 105
-69.49472569 160.7135379 15.2298805275812 NLD 106
134.1458023 -42.23634392 7.81951430611768 OMN 107
8.185028228 78.867744 27.8397371986751 ITA 108
481.0783393 -124.541504 10.0250131978466 LAO 109
138.3020363 109.4033249 6.04761742585862 ARM 110
-19.62088771 78.93885903 0.690922651935891 MCO 111
127.4818889 -24.59707275 11.1933125229325 ARE 112
51.47507563 21.25625966 8.40908705468145 PSE 113
147.9130484 221.8433294 11.8200576570984 SWE 114
120.0621386 115.9225092 6.7256677607774 MDA 115
-95.87165527 69.42588323 25.0122452345033 ESP 116
-114.2021533 -161.631035 54.2812611062592 NGA 117
55.41671121 87.48937293 6.10653237901724 ALB 118
33.45001368 -235.2551628 3.9921768091913 SWZ 119
132.9930915 121.1708751 7.00577463501729 GEO 120
-64.35865629 -22.80935364 9.52299542275068 LBY 121
423.9012191 -179.5166139 11.661777933995 PNG 122
95.35292022 182.4072098 23.2405147969767 POL 123
39.03654924 134.7335631 10.8602717994275 AUT 124
381.8192979 -80.00378484 9.93138011326245 HKG 125
154.6469175 191.1514296 4.17340813003173 EST 126
145.2121983 199.8975422 8.48939641519723 NOR 127
50.26182939 96.42248594 2.87139911180289 MNE 128
117.2407157 20.65597908 24.4761935431549 IRQ 129
-216.3176672 -19.03915359 5.32119388953018 GNB 130
-148.1802091 -20.91073742 17.5120515220135 MLI 131
166.3151511 144.5892238 16.066419048916 KAZ 132
