-95.58815011 0.1514633341 2.1603553295290818 ECU 0
-88.33110853 1.927724535 0.50486693319650844 SUR 1
-88.80490966 -0.1368948514 1.2854549255664258 BRA 2
-90.10054899 -4.011380024 1.0312657948377038 ARG 3
-99.648697 12.59006271 1.9304602183090867 NIC 4
-109.326309 24.11418663 1.0730342291486976 BLZ 5
-90.72721642 -2.292957872 0.85411622966475909 BOL 6
-102.615522 15.690186 2.4555002684429592 HND 7
-88.88477122 -2.399492194 1.0481729182397532 PRY 8
-108.8485637 28.3116139 0.52198590373663123 CAN 9
-87.97035174 -4.290769565 1.1171772938882569 URY 10
-107.2220438 10.74987904 4.4232400382511834 SLV 11
-112.6131986 24.41205942 2.0518503599794289 MEX 12
-99.60611605 8.235371651 2.5503147809368438 CRI 13
-95.75441345 5.571595379 1.957587452774707 PAN 14
-109.2952288 19.88914305 3.2786205496430436 GTM 15
-89.61512922 3.467820384 1.4432850101567714 VEN 16
-92.5480831 -3.707617149 1.2956706220562906 CHL 17
-92.49507728 -1.167945316 1.3058064006798575 PER 18
-109.86701 26.59063194 1.5376378754359652 USA 19
-92.17560861 1.760821746 1.7286910623257625 COL 20
-87.66764354 1.222792562 0.48714675075458314 GUF 21
-89.26842939 1.601322603 0.51349776237827716 GUY 22
