-45.11390111 2.047857779 4.7472542821757884 ECU 0
-17.35386146 13.62151928 0.87865139884746146 SUR 1
-10.98067626 -2.419489873 16.374576927854349 BRA 2
-23.43564124 -27.76504844 7.5305872859570888 ARG 3
-54.91448345 13.25879765 2.9546166451499345 NIC 4
-68.46688525 24.72003828 0.71337910523848391 BLZ 5
-29.45100502 -15.63324082 3.9176719172431178 BOL 6
-61.19264131 16.54688923 3.6227725255447951 HND 7
-22.88027028 -17.41219574 2.9155880831169001 PRY 8
-87.54418754 101.0364104 6.9315283928660048 CAN 9
-14.77406215 -23.61830263 2.0592961534022747 URY 10
-67.05801127 12.00287584 2.8081764469030146 SLV 11
-80.76763596 33.92723112 12.615243031416425 MEX 12
-51.18510126 8.400310039 2.5411245245006104 CRI 13
-45.53168977 9.263656787 2.3528189967205462 PAN 14
-70.70536208 19.29218816 4.7343943900960257 GTM 15
-24.84857529 19.45545785 5.9773144476431224 VEN 16
-36.63902028 -22.08454544 4.9314512791066454 CHL 17
-37.36119874 -8.557594625 6.5237829189637537 PER 18
-84.16565356 69.98183396 20.523724091066036 USA 19
-33.39563379 7.603154912 8.0329855948055844 COL 20
-15.76880014 13.85651195 0.6220745687835374 GUF 21
-19.44121887 13.36726927 1.0040882470144172 GUY 22
