-46.05798609 -0.9896188046 4.7472542821757884 ECU 0
-14.74655733 15.05354748 0.87865139884746146 SUR 1
-15.56088131 -2.221635374 16.374576927854349 BRA 2
-27.78228785 -29.11300859 7.5305872859570888 ARG 3
-55.33561263 18.47091337 2.9546166451499345 NIC 4
-65.88462246 30.87073256 0.71337910523848391 BLZ 5
-30.59364981 -15.75844025 3.9176719172431178 BOL 6
-60.88072687 22.00842844 3.6227725255447951 HND 7
-24.66332901 -19.15838546 2.9155880831169001 PRY 8
-77.89553545 108.6447391 6.9315283928660048 CAN 9
-19.20853753 -24.01973045 2.0592961534022747 URY 10
-66.01798163 18.12943081 2.8081764469030146 SLV 11
-77.41465061 40.58546509 12.615243031416425 MEX 12
-53.38741187 13.33183692 2.5411245245006104 CRI 13
-48.68566403 11.96908345 2.3528189967205462 PAN 14
-68.33046668 25.80236114 4.7343943900960257 GTM 15
-23.21655179 18.73237652 5.9773144476431224 VEN 16
-37.48181231 -21.30205958 4.9314512791066454 CHL 17
-39.28507287 -9.971943293 6.5237829189637537 PER 18
-77.45150806 77.45048236 20.523724091066036 USA 19
-37.44462715 8.392952064 8.0329855948055844 COL 20
-13.24629973 15.01534844 0.6220745687835374 GUF 21
-16.52396134 15.67424216 1.0040882470144172 GUY 22
