4.251198073 95.03555203 12.557061120706921 HRV 0
122.2240791 94.78256534 37.190267079057826 UZB 1
25.18459684 71.99026267 16.219054210516582 BGR 2
-118.295335 45.56222156 4.8067563876665504 ESH 3
-57.45906633 -63.29444887 8.2122012116535252 GNQ 4
18.0698397 81.47205571 16.768756670155742 SRB 5
-118.4831439 7.594353189 30.241677316167273 BFA 6
-100.2080701 -33.71343776 18.870849556599598 TGO 7
108.6129702 75.19961362 16.009163623128554 TKM 8
91.00896924 162.0657653 8.4843270967260729 LVA 9
-19.88216557 133.2261466 57.238547839388026 DEU 10
222.8857864 -108.0776396 53.143183431408069 THA 11
102.6451391 87.33745093 20.237889446289813 AZE 12
227.2076863 36.39252844 236.80474093456917 CHN 13
-57.2137944 -72.78286345 9.789922219419763 GAB 14
141.2067357 -45.79001708 97.25798843362314 PAK 15
7.198521621 -92.10293235 23.545605091055275 RWA 16
47.17451998 46.50183771 30.225840536078788 SYR 17
-11.42032031 -120.9813565 28.444318200884272 ZMB 18
2.480702901 149.2266871 15.2478088008267 DNK 19
116.0741916 -95.55317079 34.860711515510097 NPL 20
-49.71186938 53.28673145 22.136663020574257 TUN 21
172.2239807 -113.6762877 82.479617937764189 BGD 22
143.6021865 102.4653107 16.276737746062985 KGZ 23
-3.600258062 26.53199723 66.584789381892961 EGY 24
-81.65242408 50.46596942 42.35386041920701 DZA 25
-60.66093084 29.53518471 32.710506560757047 NER 26
121.3244673 32.88282044 40.760695937709116 AFG 27
75.33207703 -28.21649703 36.810586215824081 YEM 28
-102.4599422 78.74774445 20.076669064768613 PRT 29
-24.47536603 -90.24794654 63.422018311371339 COD 30
68.38519116 2.979246952 13.020670410425378 KWT 31
-69.90842754 60.99897119 1.1329633457435904 GIB 32
273.1226029 -97.64933155 25.816605213989654 KHM 33
255.5926699 -164.9372137 104.48136402769953 IDN 34
133.0597841 77.34656 19.974416800942763 TJK 35
-156.0196837 -14.12700465 18.595133539528913 SLE 36
51.19373181 77.87806514 58.098497280179103 TUR 37
88.05511068 138.2713395 19.3284881314313 BLR 38
31.11740086 109.6613536 19.987163229818361 HUN 39
14.80177101 65.55873108 9.0569604257762002 MKD 40
260.3179243 -73.09778188 4.2198916596449774 BRN 41
-30.5984492 -152.3917187 48.747317566996678 ZAF 42
-19.37361872 -10.78759933 26.813465849264972 TCD 43
-21.30158779 86.73636748 1.1508063858912092 SMR 44
-49.30275538 104.0458181 50.468822644874962 FRA 45
28.02583394 -140.7387517 36.514378401015769 MOZ 46
42.45866478 -49.23058404 70.546041612587103 ETH 47
40.64994639 -20.12886338 12.142968576167476 ERI 48
-43.8361113 73.57414993 1.7770982283583625 AND 49
9.417043686 86.59713881 11.238449618691737 BIH 50
-48.06675951 -122.6541193 37.985730249503682 AGO 51
111.0280332 172.0543937 14.769275929636084 FIN 52
8.560503369 -11.48340026 43.500575062320337 SDN 53
177.6087301 -39.64279803 5.565028320431276 BTN 54
239.8338833 -76.8583971 46.332917598525327 MMR 55
201.012636 125.1483593 11.644467007726591 MNG 56
329.0006988 74.20115501 45.13134315363525 KOR 57
-23.38980122 -51.53225647 15.029101654374699 CAF 58
27.2329756 26.1519475 18.996217189388506 ISR 59
230.4211892 -50.84902932 5.2620541529842972 MAC 60
301.589144 -83.31278371 62.357436562825313 VNM 61
-110.5195259 59.33113291 38.579420067195542 MAR 62
22.06710944 43.12632023 14.511818404630572 LBN 63
55.14019168 -9.823867389 38.121459497544961 SAU 64
94.9927159 8.73090381 59.22384170286221 IRN 65
58.13576106 -26.39601507 6.6859618848297169 DJI 66
86.20897849 152.2937627 10.340522835179389 LTU 67
170.9812467 142.4119505 75.375622048486363 RUS 68
-5.348504759 -139.9811623 25.603029953893035 ZWE 69
-127.3338514 30.90508128 13.83031670550182 MRT 70
-20.93785488 -133.1883168 10.258426419874205 BWA 71
75.61859799 -10.11640005 10.336581335956653 QAT 72
-159.0158454 6.018448258 10.444430594358346 GMB 73
108.5634684 -216.9271343 237.05012914518309 IND 74
-40.51989 -55.24405799 33.567875577731229 CMR 75
-23.92853087 43.48385539 0.14273996463758234 VAT 76
-149.5127481 -39.53070358 14.598607327398124 LBR 77
-114.7621117 -19.86393564 36.635262367418953 GHA 78
48.84708129 109.2618108 27.972298945107518 ROU 79
88.3649952 116.6856342 38.017095393994964 UKR 80
2.945918267 -108.4283267 22.819205598105199 BDI 81
60.24058147 -87.7233094 46.5542406551113 KEN 82
-144.792625 -3.186976652 23.625512441898575 GIN 83
8.760472112 -125.9499199 28.693573347859068 MWI 84
5.727928628 103.7963182 9.130896023358769 SVN 85
8.72872057 -140.4271624 9.5742239410731038 LSO 86
-139.6926178 -23.2850699 33.699632998247999 CIV 87
80.97782825 -50.48280446 26.714119015999053 SOM 88
9.891020453 -43.55011893 20.88447149161146 SSD 89
296.2256799 -162.1325017 7.3160324182542684 TLS 90
-13.14585269 102.2224096 1.2443781621195815 LIE 91
-50.22195917 129.8555565 21.43952368190336 BEL 92
-45.70214846 -72.12042717 15.498300193355377 COG 93
30.5103809 -106.7025793 51.503024119408458 TZA 94
16.95965596 117.2033849 20.317769221632126 CZE 95
255.4602465 -111.9569014 36.735232949191008 MYS 96
35.58369647 121.3476751 15.098083179099644 SVK 97
6.132354433 -66.65737012 43.713866559415592 UGA 98
276.0566603 117.7292869 32.078087891570178 PRK 99
-30.81316609 111.8098723 5.0748022272783357 LUX 100
-99.3253023 6.747317487 23.22454234302446 BEN 101
15.8442675 53.94545083 20.168303373972602 GRC 102
-27.2960977 92.28678206 18.601158916192968 CHE 103
-148.3720354 19.75742137 26.432728327444451 SEN 104
37.58151134 7.360252993 21.116832849381122 JOR 105
-47.0640563 147.2820131 26.324593283299887 NLD 106
97.5927716 -32.20494459 13.515899445744749 OMN 107
-25.43652961 64.36659546 48.120519234662289 ITA 108
271.956027 -71.16436446 17.328067322333666 LAO 109
94.41826815 76.56261005 10.453205380069374 ARM 110
-9.303482408 71.53832314 1.1942482260115264 MCO 111
94.36538506 -20.86485738 19.347453128436602 ARE 112
38.95495503 29.26493155 14.534966062107987 PSE 113
100.1293085 178.3579322 20.43077159041167 SWE 114
61.81541424 102.8326393 11.625204021819526 MDA 115
-80.1430097 86.90859425 43.233246755155612 ESP 116
-63.12584153 -15.60025778 93.824250225672941 NGA 117
8.26382316 68.25266685 10.55503888936032 ALB 118
12.53294984 -147.5699212 6.900410717382937 SWZ 119
97.74491031 98.30842746 12.109364060164401 GEO 120
-33.46640506 29.76389544 16.460338010442232 LBY 121
295.5952319 -134.0961359 20.1571877413366 PNG 122
56.9603017 144.028422 40.170840382954083 POL 123
2.698341036 113.5119633 18.771797818654669 AUT 124
246.6198718 -53.05497444 17.166224104648915 HKG 125
94.66769411 168.9750288 7.2136660185443509 EST 126
88.08180774 174.8035468 14.673779446007559 NOR 127
8.110806089 80.37194578 4.9631652484305366 MNE 128
62.307381 24.78842175 42.306690389331351 IRQ 129
-151.9591961 6.978803655 9.1975944702771741 GNB 130
-111.4702025 31.86407789 30.269287604609637 MLI 131
118.5252504 117.7434245 27.770536099467865 KAZ 132
