1.111087123 92.04509958 28.537990747697954 HRV 0
108.46786 74.44747059 30.116439969779236 UZB 1
56.62213306 70.35462781 26.454962073330357 BGR 2
-50.3343579 4.424346616 5.010715041841995 ESH 3
-23.16226639 -30.52902546 26.365837860205033 GNQ 4
43.10991891 71.41623785 30.47898970651816 SRB 5
-49.04652034 -9.352991642 31.090669201158288 BFA 6
-34.66452612 -45.29212633 43.502415068040477 TGO 7
96.65527797 69.17233872 12.526787604604987 TKM 8
96.14621273 114.6657605 18.282244620986376 LVA 9
-18.48078784 131.3070336 52.072878208319693 DEU 10
146.5002403 -34.84399346 39.968109165848851 THA 11
95.26327294 81.20398413 37.850803455379669 AZE 12
154.779374 69.5565835 41.471046144172696 CHN 13
-22.96369308 -42.59875225 10.405531284211813 GAB 14
110.9011704 41.79469405 59.564842129320823 PAK 15
15.72434313 -34.05378055 80.600898744385262 RWA 16
73.05140597 58.8399202 37.933628069635212 SYR 17
-4.399478795 -75.58611895 17.759786582576918 ZMB 18
3.802453211 150.2226053 40.995335909946881 DNK 19
131.2839527 71.77786296 49.508552474614177 NPL 20
-22.74809681 16.61160837 30.19449566864866 TUN 21
137.7990777 0.1027306826 122.91581205230848 BGD 22
125.0170634 85.5824236 19.964414229695002 KGZ 23
-0.4229731426 13.86303181 35.893126739560699 EGY 24
-31.52499066 10.27382193 14.768864773242742 DZA 25
-23.1190759 6.042834872 15.645952703424003 NER 26
103.8395562 59.52533418 27.128522113639942 AFG 27
76.81320865 -10.6033801 27.243963154759381 YEM 28
-111.5986125 68.2204506 35.673863070504133 PRT 29
-6.566368613 -35.14964725 22.6523670540011 COD 30
91.11425707 25.79474374 52.448210139348106 KWT 31
-173.2764562 3.715314402 233.79832081313785 GIB 32
163.0094011 -30.55612353 33.047935450320651 KHM 33
163.6018823 -56.42695578 40.995335909946881 IDN 34
116.0006731 63.95521639 28.838830780073092 TJK 35
-73.87683589 -35.00036767 37.223745108606629 SLE 36
69.76522651 74.6031141 35.297989136289736 TUR 37
95.88423837 105.1972817 23.064262010133788 BLR 38
48.66877431 84.78161251 35.563724298623939 HUN 39
39.92966122 58.08762613 30.658656886243435 MKD 40
174.6159343 -39.14068652 31.241717875899614 BRN 41
4.352701884 -101.2270453 23.800896448749473 ZAF 42
-0.1061844278 -3.005516198 12.836137584002028 TCD 43
-30.21792468 83.49843647 79.847831307310187 SMR 44
-76.30746883 99.53427737 36.671622460846834 FRA 45
31.0986622 -93.72216413 22.126718509430216 MOZ 46
33.39421702 -6.767054778 35.695850045208161 ETH 47
40.42138943 3.647261351 18.7483789493274 ERI 48
-68.77629316 83.30307314 44.022346995388965 AND 49
18.09460923 93.55642206 26.691171778635322 BIH 50
-23.66170296 -56.40400682 18.282244620986376 AGO 51
111.0312239 101.2258116 14.392183230905879 FIN 52
10.99616253 0.9356171201 17.13012441233149 SDN 53
122.0047135 28.61585732 15.342118873751685 BTN 54
168.1922919 14.70347473 30.837277289131155 MMR 55
129.9590487 97.06119326 5.010715041841995 MNG 56
240.0433704 10.73112089 77.676184739690541 KOR 57
-2.966545797 -16.55817939 10.253617564201088 CAF 58
24.15498003 14.55395919 69.430504277759582 ISR 59
358.8349693 -31.13169518 493.32646259444425 MAC 60
175.6863236 -12.59811119 59.893242689085007 VNM 61
-47.94852576 12.01729464 31.040156301507803 MAR 62
18.47607721 70.99130988 77.138977564123607 LBN 63
66.41050432 1.270335941 14.005374311799255 SAU 64
95.00507633 51.05671093 24.990862782419555 IRN 65
63.66482557 -9.868013995 23.602276316123458 DJI 66
87.20316942 114.1635241 22.23284246843593 LTU 67
116.9391688 104.0810514 10.02143008368399 RUS 68
3.154171762 -90.64628091 22.126718509430216 ZWE 69
-51.67956776 1.904280265 7.3043095919396075 MRT 70
-8.401674152 -85.73788465 7.3043095919396075 BWA 71
96.86379103 2.905290793 51.846374837059365 QAT 72
-95.47525181 -29.08826099 55.825077668920258 GMB 73
102.2730364 -23.90173796 73.918662026558764 IND 74
-13.04513074 -24.28203073 26.246534814389989 CMR 75
-50.30601349 45.54558723 115.70168529502678 VAT 76
-70.4486211 -51.72223799 25.302870654904186 LBR 77
-48.58347704 -33.06396857 41.300421687918899 GHA 78
63.57536337 87.82341962 31.367036140219717 ROU 79
104.7869179 94.49503406 26.866966248128421 UKR 80
14.66158943 -68.83949124 76.567267362310048 BDI 81
58.98676281 -36.88775815 33.190077764145322 KEN 82
-67.57928756 -22.68864641 25.611077762325817 GIN 83
39.66197122 -79.40491255 50.247879156700158 MWI 84
0.4442245935 109.8900704 34.602062231627954 SVN 85
14.61979661 -95.57963304 29.537729546485483 LSO 86
-60.95152869 -43.497392 32.133102598504621 CIV 87
69.19911825 -17.07406693 18.15303985978268 SOM 88
20.42913169 -9.830848937 14.116972684234538 SSD 89
179.6776664 -54.47296767 32.254957804817671 TLS 90
-34.47780846 112.5673083 53.043217378827713 LIE 91
-69.67331826 126.7614833 66.25000983482235 BEL 92
-16.49034719 -36.90332255 14.282735382207104 COG 93
36.83342632 -62.27604183 29.431286931659752 TZA 94
19.30883332 117.0812453 39.314959185470592 CZE 95
147.5351599 -52.63464491 34.465743662657282 MYS 96
53.0216752 99.99458279 36.650220870193635 SVK 97
43.42657676 -25.04291365 52.493069628779978 UGA 98
168.7346857 85.77330327 49.698362317631073 PRK 99
-43.26496572 134.5144373 53.777719491839861 LUX 100
-33.97046207 -9.675449359 37.181565213916137 BEN 101
26.38699054 36.80646839 30.19449566864866 GRC 102
-55.14519627 99.17783396 50.310298906426482 CHE 103
-70.27916318 -9.341409791 32.400579122170356 SEN 104
54.74355311 0.8313657432 38.098737133147701 JOR 105
-33.36145319 161.557546 77.138977564123607 NLD 106
83.86391301 -3.117203951 13.078350216409746 OMN 107
-10.30554451 64.09189979 47.585307427602821 ITA 108
179.7534594 14.28826903 19.406415909645048 LAO 109
85.61793002 68.63986349 33.308066325960112 ARM 110
77.06627007 -214.3091909 454.27700509530524 MCO 111
77.34955247 6.216083688 39.034563641451086 ARE 112
56.54826734 32.69678769 100.72191597272028 PSE 113
105.0515856 104.8257398 17.221485723821072 SWE 114
74.75809029 97.12248868 34.465743662657282 MDA 115
-80.86311381 60.97569916 32.881326144031945 ESP 116
-14.31837021 -6.56407434 52.865418384560847 NGA 117
10.88083484 37.79185831 34.283142411464119 ALB 118
29.28538159 -111.2536077 28.289469405125189 SWZ 119
87.02714328 92.57590691 24.706687068839141 GEO 120
-11.73898861 7.419086113 6.6285529456622623 LBY 121
172.8729313 -65.02826987 16.090950024469048 PNG 122
68.78781488 113.0255218 39.034563641451086 POL 123
-15.04156378 111.9026632 35.142049008662916 AUT 124
225.489482 -147.0739697 284.83502099345412 HKG 125
95.49359027 122.7024067 18.7483789493274 EST 126
95.83480389 96.76515415 13.078350216409746 NOR 127
9.230652526 50.27858858 23.030218800419412 MNE 128
84.21879786 43.79059786 34.533970209790922 IRQ 129
-79.32293339 -19.34671404 29.484556272860946 GNB 130
-46.47018219 0.4693513327 14.715643465829876 MLI 131
107.877681 87.30408333 9.1196390321201388 KAZ 132
