74.47719182 83.50352217 12.557061120706921 HRV 0
204.592037 64.06851509 37.190267079057826 UZB 1
105.9777051 80.53943706 16.219054210516582 BGR 2
-145.3111996 45.34847191 4.8067563876665504 ESH 3
-69.0640361 -109.0248778 8.2122012116535252 GNQ 4
90.22273247 78.02081429 16.768756670155742 SRB 5
-165.2400792 -31.32202016 30.241677316167273 BFA 6
-167.4771987 -80.3833432 18.870849556599598 TGO 7
181.9116215 51.91638701 16.009163623128554 TKM 8
178.0757376 156.2345451 8.4843270967260729 LVA 9
43.53045746 160.8262098 57.238547839388026 DEU 10
233.2334085 -198.1953824 53.143183431408069 THA 11
177.2238063 68.81013332 20.237889446289813 AZE 12
320.2734203 -21.84050277 236.80474093456917 CHN 13
-71.07079089 -117.4974317 9.789922219419763 GAB 14
194.8019496 -123.641793 97.25798843362314 PAK 15
17.49437454 -180.4488154 23.545605091055275 RWA 16
99.73080974 -3.796834444 30.225840536078788 SYR 17
-26.05452773 -200.027659 28.444318200884272 ZMB 18
14.51637764 187.8758664 15.2478088008267 DNK 19
103.9674054 -127.811862 34.860711515510097 NPL 20
-57.00906554 11.8736566 22.136663020574257 TUN 21
166.2185425 -208.5786057 82.479617937764189 BGD 22
230.1615014 67.93235208 16.276737746062985 KGZ 23
-9.333743742 12.22666795 66.584789381892961 EGY 24
-107.9676812 16.97146256 42.35386041920701 DZA 25
-102.8822327 -36.83336154 32.710506560757047 NER 26
190.6375725 13.08368523 40.760695937709116 AFG 27
110.429258 -93.75480364 36.810586215824081 YEM 28
-115.1153539 93.85961578 20.076669064768613 PRT 29
-39.13963918 -155.7640586 63.422018311371339 COD 30
122.716153 -68.52232007 13.020670410425378 KWT 31
-71.86773934 60.41934899 1.1329633457435904 GIB 32
311.9486872 -204.4031359 25.816605213989654 KHM 33
266.8998555 -266.5956819 104.48136402769953 IDN 34
210.9842766 37.16935953 19.974416800942763 TJK 35
-222.0508353 -4.80562836 18.595133539528913 SLE 36
122.2735823 48.50093507 58.098497280179103 TUR 37
168.8237206 132.2583439 19.3284881314313 BLR 38
103.6646577 97.89822339 19.987163229818361 HUN 39
85.78710357 66.19832196 9.0569604257762002 MKD 40
288.978453 -157.7424335 4.2198916596449774 BRN 41
-49.75892963 -233.695372 48.747317566996678 ZAF 42
-51.59139998 -63.06209149 26.813465849264972 TCD 43
-16.12839685 84.22483057 1.1508063858912092 SMR 44
-26.93332273 107.3112683 50.468822644874962 FRA 45
28.30794723 -235.5839409 36.514378401015769 MOZ 46
24.35417596 -93.40650797 70.546041612587103 ETH 47
37.63987361 -55.68307659 12.142968576167476 ERI 48
-45.03024768 73.74089412 1.7770982283583625 AND 49
77.85133398 72.50018501 11.238449618691737 BIH 50
-85.77912186 -170.9431989 37.985730249503682 AGO 51
200.5927853 171.5735156 14.769275929636084 FIN 52
-17.95444203 -58.01406004 43.500575062320337 SDN 53
243.5521775 -148.7575499 5.565028320431276 BTN 54
264.8956807 -161.968001 46.332917598525327 MMR 55
294.2078945 103.369622 11.644467007726591 MNG 56
426.0541384 79.4934105 45.13134315363525 KOR 57
-39.48927015 -103.1162106 15.029101654374699 CAF 58
50.51766326 -2.899330282 18.996217189388506 ISR 59
266.0409047 -137.0396043 5.2620541529842972 MAC 60
371.121516 -181.3264917 62.357436562825313 VNM 61
-118.3897322 65.67961428 38.579420067195542 MAR 62
57.80970624 11.57416054 14.511818404630572 LBN 63
84.53140394 -66.64803374 38.121459497544961 SAU 64
144.8145565 -3.573982644 59.22384170286221 IRN 65
51.92683099 -67.94689056 6.6859618848297169 DJI 66
170.7113897 146.4884911 10.340522835179389 LTU 67
252.2389264 120.0276184 75.375622048486363 RUS 68
-15.04655244 -224.3032622 25.603029953893035 ZWE 69
-158.6048368 33.30806484 13.83031670550182 MRT 70
-44.57362489 -203.9515333 10.258426419874205 BWA 71
108.7068023 -69.60833319 10.336581335956653 QAT 72
-218.922515 9.145272304 10.444430594358346 GMB 73
114.5364338 -354.2247681 237.05012914518309 IND 74
-59.70113652 -91.11753552 33.567875577731229 CMR 75
-16.44795947 45.67945883 0.14273996463758234 VAT 76
-223.2682139 -20.81388913 14.598607327398124 LBR 77
-184.5477321 -59.6635086 36.635262367418953 GHA 78
127.3837856 93.89472181 27.972298945107518 ROU 79
161.2131068 105.1598718 38.017095393994964 UKR 80
-2.317056592 -191.5731362 22.819205598105199 BDI 81
55.16828434 -140.9322873 46.5542406551113 KEN 82
-200.9935627 -2.16510361 23.625512441898575 GIN 83
18.19905416 -205.7093937 28.693573347859068 MWI 84
75.51192254 95.12670566 9.130896023358769 SVN 85
-2.427212688 -207.2412165 9.5742239410731038 LSO 86
-201.7675104 -30.32558963 33.699632998247999 CIV 87
71.36461202 -95.10817146 26.714119015999053 SOM 88
-9.512242038 -121.8431836 20.88447149161146 SSD 89
336.147118 -232.0353545 7.3160324182542684 TLS 90
55.92307095 115.1926303 1.2443781621195815 LIE 91
-33.00936019 142.6083957 21.43952368190336 BEL 92
-61.04646929 -124.5058062 15.498300193355377 COG 93
53.09729873 -188.7799284 51.503024119408458 TZA 94
81.1590421 135.1280218 20.317769221632126 CZE 95
282.3466002 -198.1570088 36.735232949191008 MYS 96
109.2145977 115.9854484 15.098083179099644 SVK 97
12.14583717 -148.3601502 43.713866559415592 UGA 98
359.1694623 109.4202648 32.078087891570178 PRK 99
-10.53817898 129.8528554 5.0748022272783357 LUX 100
-154.1569047 -57.51999374 23.22454234302446 BEN 101
84.54593489 51.6010405 20.168303373972602 GRC 102
40.07256965 123.2764748 18.601158916192968 CHE 103
-197.6061004 24.57155964 26.432728327444451 SEN 104
60.97060977 -19.24366612 21.116832849381122 JOR 105
-38.98069647 166.806287 26.324593283299887 NLD 106
133.5582084 -79.9757814 13.515899445744749 OMN 107
27.80891499 64.9320902 48.120519234662289 ITA 108
294.1901042 -172.776236 17.328067322333666 LAO 109
163.5124287 63.12232454 10.453205380069374 ARM 110
-4.220669324 80.68421513 1.1942482260115264 MCO 111
138.537315 -61.68551653 19.347453128436602 ARE 112
71.47734294 14.82428268 14.534966062107987 PSE 113
188.8687267 183.9182774 20.43077159041167 SWE 114
140.8794534 80.30590068 11.625204021819526 MDA 115
-83.75253287 84.81108429 43.233246755155612 ESP 116
-120.1679552 -107.453665 93.824250225672941 NGA 117
71.29965785 58.3348979 10.55503888936032 ALB 118
4.873266969 -238.2335643 6.900410717382937 SWZ 119
172.6234818 83.763564 12.109364060164401 GEO 120
-65.97741629 -23.90437254 16.460338010442232 LBY 121
329.8499208 -177.590878 20.1571877413366 PNG 122
137.9949828 137.0576236 40.170840382954083 POL 123
75.6142899 111.7212565 18.771797818654669 AUT 124
300.7259874 -157.4262505 17.166224104648915 HKG 125
186.9442013 159.5941437 7.2136660185443509 EST 126
179.5257205 168.6309113 14.673779446007559 NOR 127
73.45563869 66.01316548 4.9631652484305366 MNE 128
115.2873268 -42.81118593 42.306690389331351 IRQ 129
-213.4121074 16.88398852 9.1975944702771741 GNB 130
-149.7078565 4.519589813 30.269287604609637 MLI 131
194.535706 93.83618379 27.770536099467865 KAZ 132
