-9.507290962 77.78960552 12.557061120706921 HRV 0
79.89032988 80.25818231 37.190267079057826 UZB 1
8.655209605 68.70824855 16.219054210516582 BGR 2
-67.29054624 38.06920363 4.8067563876665504 ESH 3
-24.95849552 -46.38623195 8.2122012116535252 GNQ 4
2.737372585 74.69621698 16.768756670155742 SRB 5
-60.95616086 10.1686579 30.241677316167273 BFA 6
-54.3083369 -14.13956452 18.870849556599598 TGO 7
70.32975987 70.77864887 16.009163623128554 TKM 8
53.08644715 117.9625359 8.4843270967260729 LVA 9
-25.77334963 106.1794057 57.238547839388026 DEU 10
186.7296799 -37.51292743 53.143183431408069 THA 11
64.42711788 77.65588061 20.237889446289813 AZE 12
189.1226597 57.37396755 236.80474093456917 CHN 13
-19.33218169 -49.35752241 9.789922219419763 GAB 14
102.2575291 29.52648237 97.25798843362314 PAK 15
26.70005919 -41.86891463 23.545605091055275 RWA 16
29.80322763 49.79286322 30.225840536078788 SYR 17
17.15999121 -66.85670052 28.444318200884272 ZMB 18
-13.76899596 119.3687746 15.2478088008267 DNK 19
133.4798511 17.21340183 34.860711515510097 NPL 20
-22.32191256 41.78562927 22.136663020574257 TUN 21
161.1495855 -15.49078724 82.479617937764189 BGD 22
109.0984156 66.15296539 16.276737746062985 KGZ 23
0.7612750006 30.70883863 66.584789381892961 EGY 24
-37.53691032 37.54031385 42.35386041920701 DZA 25
-26.79035355 22.41756692 32.710506560757047 NER 26
86.52568398 59.48247796 40.760695937709116 AFG 27
68.8677337 8.334571167 36.810586215824081 YEM 28
-65.0082997 53.80162861 20.076669064768613 PRT 29
5.383306107 -43.02111418 63.422018311371339 COD 30
65.2029415 28.84762716 13.020670410425378 KWT 31
-47.89567158 48.60017386 1.1329633457435904 GIB 32
203.7402235 -47.74077823 25.816605213989654 KHM 33
200.9751475 -92.76622922 104.48136402769953 IDN 34
100.2267245 66.81885687 19.974416800942763 TJK 35
-93.51983905 -12.41501296 18.595133539528913 SLE 36
26.6957628 71.58920255 58.098497280179103 TUR 37
54.20518271 110.8488553 19.3284881314313 BLR 38
5.483713428 86.12571733 19.987163229818361 HUN 39
2.725015221 65.46678443 9.0569604257762002 MKD 40
204.3528074 -20.12153027 4.2198916596449774 BRN 41
8.401868527 -90.85702544 48.747317566996678 ZAF 42
-0.9698261086 7.575152327 26.813465849264972 TCD 43
-18.71426663 71.17811105 1.1508063858912092 SMR 44
-44.28880466 82.63014201 50.468822644874962 FRA 45
42.1427181 -81.70979558 36.514378401015769 MOZ 46
44.34840015 -3.026232878 70.546041612587103 ETH 47
41.86386435 18.27978501 12.142968576167476 ERI 48
-33.66057004 58.87271887 1.7770982283583625 AND 49
-3.727339669 71.66815753 11.238449618691737 BIH 50
-9.487806383 -62.95957232 37.985730249503682 AGO 51
62.04512248 120.8291609 14.769275929636084 FIN 52
16.42322537 4.212549858 43.500575062320337 SDN 53
156.310691 6.662803687 5.565028320431276 BTN 54
192.5961191 -12.69028289 46.332917598525327 MMR 55
157.6160897 109.7827234 11.644467007726591 MNG 56
251.8174708 28.15559775 45.13134315363525 KOR 57
2.275889117 -23.50889295 15.029101654374699 CAF 58
21.20362765 35.21971639 18.996217189388506 ISR 59
199.4663575 -1.843408386 5.2620541529842972 MAC 60
217.2227777 -30.55576667 62.357436562825313 VNM 61
-57.27252552 41.68265532 38.579420067195542 MAR 62
20.68283971 43.51556542 14.511818404630572 LBN 63
54.92174666 21.556421 38.121459497544961 SAU 64
65.61110552 46.71851052 59.22384170286221 IRN 65
58.36964624 10.76659322 6.6859618848297169 DJI 66
48.58009113 116.8518071 10.340522835179389 LTU 67
133.0359451 129.8101058 75.375622048486363 RUS 68
22.38955057 -79.12150586 25.603029953893035 ZWE 69
-67.11272464 33.10390726 13.83031670550182 MRT 70
13.60767884 -77.21100773 10.258426419874205 BWA 71
67.08656616 22.22774707 10.336581335956653 QAT 72
-100.4211075 2.993270251 10.444430594358346 GMB 73
109.1285629 -73.89438108 237.05012914518309 IND 74
-18.07563181 -38.76078507 33.567875577731229 CMR 75
-16.48347116 37.26657886 0.14273996463758234 VAT 76
-90.19545359 -24.51703972 14.598607327398124 LBR 77
-66.42295749 -7.940442982 36.635262367418953 GHA 78
17.64146729 90.66293284 27.972298945107518 ROU 79
60.82569033 98.36976875 38.017095393994964 UKR 80
23.69834592 -53.65265893 22.819205598105199 BDI 81
53.50490739 -31.19019015 46.5542406551113 KEN 82
-88.45581744 -3.331803951 23.625512441898575 GIN 83
31.86735714 -69.47753582 28.693573347859068 MWI 84
-15.26500553 82.99848649 9.130896023358769 SVN 85
30.63877054 -81.89983258 9.5742239410731038 LSO 86
-81.23412451 -16.7833979 33.699632998247999 CIV 87
75.22840937 -5.904854654 26.714119015999053 SOM 88
19.95827094 -11.22853646 20.88447149161146 SSD 89
228.3613193 -93.83722086 7.3160324182542684 TLS 90
-23.02824661 86.28316375 1.2443781621195815 LIE 91
-46.2441216 100.6040169 21.43952368190336 BEL 92
-13.11973503 -49.72413449 15.498300193355377 COG 93
41.88279699 -52.2352463 51.503024119408458 TZA 94
-6.797830447 92.77082732 20.317769221632126 CZE 95
192.4174685 -58.85363523 36.735232949191008 MYS 96
7.86014957 94.69406445 15.098083179099644 SVK 97
27.46307307 -25.34540092 43.713866559415592 UGA 98
237.0000911 103.2039447 32.078087891570178 PRK 99
-35.23605733 93.02243655 5.0748022272783357 LUX 100
-53.58935992 -0.6805143474 23.22454234302446 BEN 101
5.848749641 59.01973746 20.168303373972602 GRC 102
-27.03453932 83.31802119 18.601158916192968 CHE 103
-93.48712811 8.99204409 26.432728327444451 SEN 104
30.5495982 26.79368983 21.116832849381122 JOR 105
-40.89475218 119.9676543 26.324593283299887 NLD 106
75.18871204 20.13726153 13.515899445744749 OMN 107
-19.01672531 58.72003913 48.120519234662289 ITA 108
208.8241603 -12.8673469 17.328067322333666 LAO 109
58.77201493 72.59016578 10.453205380069374 ARM 110
-2.49835607 52.60532494 1.1942482260115264 MCO 111
73.11186384 28.14331246 19.347453128436602 ARE 112
28.6565404 38.67122238 14.534966062107987 PSE 113
51.08291455 124.854457 20.43077159041167 SWE 114
39.48575138 84.19342382 11.625204021819526 MDA 115
-50.06656002 60.44038533 43.233246755155612 ESP 116
-26.0032099 -8.573810072 93.824250225672941 NGA 117
-1.644699747 60.93115065 10.55503888936032 ALB 118
33.55857747 -88.07149472 6.900410717382937 SWZ 119
57.3328441 86.41920788 12.109364060164401 GEO 120
-19.51043496 32.63756062 16.460338010442232 LBY 121
228.0235464 -78.08749843 20.1571877413366 PNG 122
19.55133846 109.7058222 40.170840382954083 POL 123
-18.78505392 88.85190735 18.771797818654669 AUT 124
205.7045411 -3.407617769 17.166224104648915 HKG 125
56.23435252 120.4659121 7.2136660185443509 EST 126
43.59935465 120.6347954 14.673779446007559 NOR 127
-2.637244979 64.77181655 4.9631652484305366 MNE 128
42.55595859 37.36108821 42.306690389331351 IRQ 129
-95.59032337 0.4965064559 9.1975944702771741 GNB 130
-59.8866946 25.01266286 30.269287604609637 MLI 131
80.51762862 96.73046605 27.770536099467865 KAZ 132
