29.62767212 50.70361696 44.533807217745306 HRV 0
74.59136623 44.87347865 46.996992309527926 UZB 1
51.83025732 50.72040835 41.283221069846888 BGR 2
-41.27453196 -3.444027368 7.8192686958681321 ESH 3
2.55287859 -18.26013543 41.144141883759261 GNQ 4
41.12211955 54.39735428 47.562754637560218 SRB 5
-13.95966542 -3.900497591 48.517286333017566 BFA 6
-7.317146919 -16.3364869 67.885934341846365 TGO 7
71.40626936 41.63105834 19.54817173967033 TKM 8
50.71070093 83.91906337 28.529617402176342 LVA 9
0.7206417756 101.3410995 81.260223955657779 DEU 10
101.8809394 -10.59772416 62.370616214222537 THA 11
68.58876212 50.61532994 59.066540424000038 AZE 12
107.1500771 49.61157083 64.715963728167878 CHN 13
6.038074968 -20.05212334 16.237930984916545 GAB 14
79.01614731 30.3631576 92.95150523365362 PAK 15
24.03659951 -13.96085377 125.77847256289328 RWA 16
59.57780118 38.46873208 59.195789025863917 SYR 17
29.60852266 -34.79453329 27.714316641600973 ZMB 18
7.524042888 108.5806282 63.973613362656039 DNK 19
87.79926738 38.65395058 77.258569148282902 NPL 20
2.307831295 11.22400693 47.118798973368882 TUN 21
96.41198341 21.76812958 191.81129906251886 BGD 22
82.76249953 46.10152445 31.15465914825036 KGZ 23
23.55032995 7.337003737 56.011567205046987 EGY 24
-11.11146309 3.009056029 23.046954582448855 DZA 25
-1.952653561 -3.57127668 24.415658677317786 NER 26
74.80702016 38.61263875 42.334317948036556 AFG 27
55.5378447 6.069032087 42.514464795643661 YEM 28
-84.70893504 78.77977695 55.669404154608429 PRT 29
13.2079711 -15.87796728 35.349235211658097 COD 30
68.17049106 23.97314493 81.845933020002008 KWT 31
-105.3928448 24.30656558 364.84451337081953 GIB 32
106.587455 -16.81049292 51.571619014831185 KHM 33
119.4695666 -20.57628588 63.973613362656039 IDN 34
80.00442675 41.68380432 45.003270962534728 TJK 35
-30.57415513 -12.93759004 58.088009882856824 SLE 36
55.73520293 45.42727205 55.08284928911408 TUR 37
51.56529988 76.16063147 35.992001226004987 BLR 38
41.69401715 61.59309698 55.497531548808638 HUN 39
45.80847477 49.85335896 47.843126988086951 MKD 40
120.1846308 -12.70522324 48.752999233091558 BRN 41
20.4873044 -44.79777299 37.141526305373105 ZAF 42
17.81887063 4.489533625 20.030915338092207 TCD 43
19.20022915 57.19905411 124.60330363242798 SMR 44
-68.94127977 97.03874791 57.226417215971679 FRA 45
42.22845855 -39.98042363 34.528955635735002 MOZ 46
41.98741004 0.04410037801 55.703715038700238 ETH 47
41.28902162 9.124133266 29.257024475064838 ERI 48
-74.2796658 90.30083159 68.697293081976909 AND 49
35.84511525 51.17966116 41.651828571755829 BIH 50
12.48290324 -20.23127379 28.529617402176342 AGO 51
67.26066283 68.85997542 22.459139436763884 FIN 52
26.53822704 2.553195067 26.731722809052243 SDN 53
85.01056163 12.44082283 23.941523083243005 BTN 54
107.797413 10.00519336 48.121865833357347 MMR 55
99.98933852 61.10744332 7.8192686958681321 MNG 56
221.3029922 38.00117706 121.21442841543978 KOR 57
13.40229405 -9.160497783 16.000868173434725 CAF 58
32.90845422 13.55005103 108.3469652742113 ISR 59
162.0265822 24.37881575 769.84065818877934 MAC 60
111.0974474 -5.273582333 93.463977444750384 VNM 61
-40.28049478 0.2831814995 48.438460470505902 MAR 62
53.56837036 27.79128798 120.37611148541555 LBN 63
55.02851407 11.84213148 21.855520422871578 SAU 64
70.28775339 35.25335371 38.998480138170763 IRN 65
45.62290449 7.860823219 36.831577690765926 DJI 66
46.47704613 82.93196942 34.694563087686532 LTU 67
94.51919777 83.75232698 15.638537391736264 RUS 68
27.3600981 -38.40544793 34.528955635735002 ZWE 69
-40.33377127 -4.418364871 11.398444904619073 MRT 70
24.0202425 -37.60561422 11.398444904619073 BWA 71
69.93333679 12.98163715 80.906763280762021 QAT 72
-48.24136757 -5.177664618 87.115567062965226 GMB 73
80.40380339 4.09825994 115.3507783217006 IND 74
10.04241566 -11.74111014 40.957968340926769 CMR 75
14.58252995 20.82448016 180.55358533300256 VAT 76
-26.97821823 -18.7122994 39.48537140414976 LBR 77
-14.98820116 -11.56149425 64.44970263401359 GHA 78
48.56219929 56.05047455 48.948559581871748 ROU 79
60.04480486 60.86069646 41.926157520964892 UKR 80
19.20757007 -29.99244313 119.48395225328625 BDI 81
45.91716029 -6.28052698 51.7934334536032 KEN 82
-24.62896327 -9.859796157 39.966331539934984 GIN 83
36.84887594 -34.40981694 78.412295499309153 MWI 84
28.71724469 64.82443532 53.996848705407075 SVN 85
31.86480625 -41.57717545 46.09390916489771 LSO 86
-21.66453978 -15.63670349 50.144013609131548 CIV 87
50.96997375 4.470918108 28.327992137877231 SOM 88
28.33286526 -0.3210386544 22.029670749283277 SSD 89
127.2725841 -20.81933689 50.334169822804569 TLS 90
16.93047244 77.80848913 82.774447501992341 LIE 91
-56.69060184 105.7656074 103.3837733091176 BEL 92
9.681004219 -17.78423554 22.288345023189358 COG 93
42.2155766 -27.8089986 45.927804447494381 TZA 94
32.71071947 75.292289 61.351369429556172 CZE 95
113.592806 -15.06572557 53.784122276120684 MYS 96
38.36595444 69.16396315 57.19301982928323 SVK 97
36.93977976 -8.092029752 81.915936681853537 UGA 98
187.4066578 76.37687581 77.554769221780816 PRK 99
-23.81148605 105.1022925 83.920645066883992 LUX 100
-7.010181454 -6.063457277 58.022187754200388 BEN 101
46.49610948 39.71621632 47.118798973368882 GRC 102
6.863365914 82.36783593 78.509702115123986 CHE 103
-39.40502195 -8.557866905 50.561413279819419 SEN 104
44.45255744 14.34550338 59.453443296950098 JOR 105
-10.18292007 115.1285094 120.37611148541555 NLD 106
67.63415924 6.460286601 20.408890465097933 OMN 107
20.7189653 38.39710864 74.257326877469239 ITA 108
111.4025399 3.381862411 30.283897438618197 LAO 109
63.06506618 45.42439632 51.977555731593327 ARM 110
-37.50361953 52.01639299 708.90360667738537 MCO 111
60.13244945 14.28529206 60.913809504175333 ARE 112
35.01581428 31.58701058 157.1775121867293 PSE 113
64.73720284 66.6266144 26.87429300851052 SWE 114
56.18758487 55.58280738 53.784122276120684 MDA 115
-78.88200806 83.46163915 51.311623600559329 ESP 116
1.83998326 -9.8108336 82.496990472722388 NGA 117
41.44213119 44.48656478 53.499171279035693 ALB 118
37.83940799 -43.07841218 44.145987288253025 SWZ 119
60.75905235 51.21969393 38.555021222074046 GEO 120
18.47105239 6.474692974 10.343920201829693 LBY 121
146.0080744 -27.47782791 25.110081248375081 PNG 122
40.11353443 81.45714684 60.913809504175333 POL 123
25.11227234 73.00262141 54.839503230079146 AUT 124
212.2170753 -41.56859518 444.48777161398789 HKG 125
50.39955482 87.85454832 29.257024475064838 EST 126
61.95128197 68.33835514 20.408890465097933 NOR 127
35.49518029 45.88516387 35.938876471991861 MNE 128
64.54231186 32.49706491 53.890590454769722 IRQ 129
-38.87224954 -15.16858683 46.010931763381734 GNB 130
-13.54183657 0.9630150686 22.963902223747191 MLI 131
75.83303835 60.46441439 14.23128383993285 KAZ 132
