18.24167923 47.14895224 44.533807217745306 HRV 0
63.85003319 43.83016453 46.996992309527926 UZB 1
23.85815748 39.82332189 41.283221069846888 BGR 2
-11.8844315 26.45806564 7.8192686958681321 ESH 3
14.62462317 1.840513204 41.144141883759261 GNQ 4
19.61100097 42.55736668 47.562754637560218 SRB 5
2.306755589 14.59077563 48.517286333017566 BFA 6
1.862801006 -0.231925925 67.885934341846365 TGO 7
55.83114597 36.30216989 19.54817173967033 TKM 8
30.07043417 58.6130365 28.529617402176342 LVA 9
12.4270797 56.02372076 81.260223955657779 DEU 10
98.60393868 10.07838438 62.370616214222537 THA 11
47.08095987 39.72151576 59.066540424000038 AZE 12
106.3992589 39.15470765 64.715963728167878 CHN 13
10.17120674 -5.825918207 16.237930984916545 GAB 14
67.03327665 38.6066009 92.95150523365362 PAK 15
29.68719276 -5.652678165 125.77847256289328 RWA 16
38.27398889 40.29836579 59.195789025863917 SYR 17
30.12617682 -17.55378578 27.714316641600973 ZMB 18
13.34233942 58.40962169 63.973613362656039 DNK 19
82.50487152 21.37369505 77.258569148282902 NPL 20
9.540572286 24.77663773 47.118798973368882 TUN 21
89.90883594 26.75715714 191.81129906251886 BGD 22
71.47074873 46.43692945 31.15465914825036 KGZ 23
26.07205885 24.51315932 56.011567205046987 EGY 24
6.581709597 21.85085225 23.046954582448855 DZA 25
12.2410629 19.19330097 24.415658677317786 NER 26
64.8815688 37.35873674 42.334317948036556 AFG 27
50.16721684 17.224041 42.514464795643661 YEM 28
-7.672730554 38.71301882 55.669404154608429 PRT 29
22.82443559 -0.2190602951 35.349235211658097 COD 30
48.78179831 26.79833462 81.845933020002008 KWT 31
-10.94750461 32.6838014 364.84451337081953 GIB 32
105.4888077 10.32274447 51.571619014831185 KHM 33
121.7978723 -8.591624053 63.973613362656039 IDN 34
71.0315298 35.5935613 45.003270962534728 TJK 35
-16.24504359 4.928563561 58.088009882856824 SLE 36
33.86504856 39.76247242 55.08284928911408 TUR 37
33.10497165 44.07882759 35.992001226004987 BLR 38
19.88424412 48.1700394 55.497531548808638 HUN 39
23.52804197 37.18761595 47.843126988086951 MKD 40
117.6609733 -1.152566911 48.752999233091558 BRN 41
22.47367751 -35.08725283 37.141526305373105 ZAF 42
13.8269576 17.0702496 20.030915338092207 TCD 43
15.82200126 45.69041615 124.60330363242798 SMR 44
3.475693623 48.60625033 57.226417215971679 FRA 45
35.15886744 -16.02042566 34.528955635735002 MOZ 46
34.95160756 10.03635204 55.703715038700238 ETH 47
39.3011182 25.55265732 29.257024475064838 ERI 48
-4.040507767 44.05605961 68.697293081976909 AND 49
18.61357777 43.73109824 41.651828571755829 BIH 50
21.58464711 -11.13839758 28.529617402176342 AGO 51
42.90464777 64.94875293 22.459139436763884 FIN 52
33.27568278 14.62875945 26.731722809052243 SDN 53
89.1973085 21.69068551 23.941523083243005 BTN 54
94.51610771 21.89682746 48.121865833357347 MMR 55
92.5937793 50.20517539 7.8192686958681321 MNG 56
126.6001447 35.62520048 121.21442841543978 KOR 57
14.68140752 2.762976708 16.000868173434725 CAF 58
32.04374923 28.10244722 108.3469652742113 ISR 59
107.1771907 25.69256823 769.84065818877934 MAC 60
111.3434324 12.38006946 93.463977444750384 VNM 61
-10.44952989 25.99256678 48.438460470505902 MAR 62
32.56234495 36.02080787 120.37611148541555 LBN 63
52.24955349 20.53688563 21.855520422871578 SAU 64
54.54978611 32.63586176 38.998480138170763 IRN 65
45.39390216 4.915559728 36.831577690765926 DJI 66
24.04692232 53.25573278 34.694563087686532 LTU 67
69.4667244 53.96116517 15.638537391736264 RUS 68
28.60518772 -18.39724166 34.528955635735002 ZWE 69
-14.8191038 23.86451071 11.398444904619073 MRT 70
25.41334684 -25.51098192 11.398444904619073 BWA 71
56.03652729 28.24428288 80.906763280762021 QAT 72
-16.98598463 12.5014818 87.115567062965226 GMB 73
81.3244171 17.15900003 115.3507783217006 IND 74
13.56553345 4.263340996 40.957968340926769 CMR 75
20.17033153 38.71347016 180.55358533300256 VAT 76
-9.492615389 6.538039272 39.48537140414976 LBR 77
-4.30244384 10.94570865 64.44970263401359 GHA 78
31.29358924 43.9286233 48.948559581871748 ROU 79
39.97951223 42.86214284 41.926157520964892 UKR 80
24.66721445 -9.601318973 119.48395225328625 BDI 81
43.58117255 3.18363264 51.7934334536032 KEN 82
-6.371076974 8.744430301 39.966331539934984 GIN 83
42.40133769 -9.745061556 78.412295499309153 MWI 84
14.5057079 48.27769823 53.996848705407075 SVN 85
29.34692121 -25.3497333 46.09390916489771 LSO 86
-6.422592146 7.101374841 50.144013609131548 CIV 87
52.41966682 12.45863006 28.327992137877231 SOM 88
32.73023948 13.69004415 22.029670749283277 SSD 89
124.169927 -7.337198691 50.334169822804569 TLS 90
9.471878224 52.2390807 82.774447501992341 LIE 91
8.808331007 49.30322923 103.3837733091176 BEL 92
13.96098576 1.041137158 22.288345023189358 COG 93
39.85496324 -7.859335386 45.927804447494381 TZA 94
20.29538868 51.70555717 61.351369429556172 CZE 95
117.6142816 -2.808640863 53.784122276120684 MYS 96
20.74907697 49.84407799 57.19301982928323 SVK 97
27.72022117 1.464440026 81.915936681853537 UGA 98
128.9478993 46.69456139 77.554769221780816 PRK 99
11.64147509 48.16782358 83.920645066883992 LUX 100
4.759375002 15.53299989 58.022187754200388 BEN 101
25.43205851 30.42983491 47.118798973368882 GRC 102
5.870548048 49.20991803 78.509702115123986 CHE 103
-15.95294284 15.68271162 50.561413279819419 SEN 104
37.32465071 32.27178782 59.453443296950098 JOR 105
7.397179072 54.7839238 120.37611148541555 NLD 106
62.51102907 28.08363223 20.408890465097933 OMN 107
17.54593021 42.18486715 74.257326877469239 ITA 108
105.1439992 12.66117958 30.283897438618197 LAO 109
40.13644808 47.94206425 51.977555731593327 ARM 110
5.980970746 36.49311662 708.90360667738537 MCO 111
60.99052442 27.64918993 60.913809504175333 ARE 112
39.23971171 36.93786216 157.1775121867293 PSE 113
39.94952758 68.56144869 26.87429300851052 SWE 114
33.09153089 46.43642462 53.784122276120684 MDA 115
-6.006869001 39.17255451 51.311623600559329 ESP 116
8.354878691 13.93466422 82.496990472722388 NGA 117
22.04256704 29.45628367 53.499171279035693 ALB 118
29.56038092 -19.24727789 44.145987288253025 SWZ 119
42.04266534 52.18217917 38.555021222074046 GEO 120
21.76964546 26.36225513 10.343920201829693 LBY 121
146.6865715 -14.10788984 25.110081248375081 PNG 122
21.82578155 53.20040887 60.913809504175333 POL 123
12.17605031 52.99918014 54.839503230079146 AUT 124
126.7935959 26.05105444 444.48777161398789 HKG 125
27.74166871 61.99672001 29.257024475064838 EST 126
33.54306824 56.94346241 20.408890465097933 NOR 127
13.36397638 26.95220719 35.938876471991861 MNE 128
40.93292205 28.39172988 53.890590454769722 IRQ 129
-17.18022842 8.466386569 46.010931763381734 GNB 130
1.148300017 14.68195122 22.963902223747191 MLI 131
69.29794015 52.90862057 14.23128383993285 KAZ 132
