33.12867173 107.435178 7.26478614836657 HRV 0
194.6649157 119.2614404 21.5161282192423 UZB 1
69.10695956 109.230142 9.38340263183605 BGR 2
-151.1626019 17.86065735 2.78091003046154 ESH 3
-62.48292947 -123.8667301 4.75110258973248 GNQ 4
50.22872393 107.0367471 9.70142854380077 SRB 5
-149.4707647 -66.20198707 17.4960778129505 BFA 6
-156.2532936 -115.0224451 10.9175773812731 TGO 7
163.9583277 118.0437543 9.26197213012298 TKM 8
147.0844786 187.6535032 4.90853881955436 LVA 9
-8.064048492 153.431773 33.1148989002288 DEU 10
451.0510959 -131.2115754 30.7455589457912 THA 11
145.5114816 127.8884789 11.7084672526706 AZE 12
376.0671259 66.51258421 137.001467562511 CHN 13
-53.11433242 -138.8200377 5.66388031797865 GAB 14
198.1483306 -7.105498461 56.2678225739818 PAK 15
37.47077384 -166.0383929 13.6221193857483 RWA 16
77.31125687 23.04803564 17.4869155719201 SYR 17
5.082732328 -195.6678267 16.4562302340599 ZMB 18
-21.09810764 193.1962557 8.82149645560949 DNK 19
195.877157 -123.3519763 20.1683826896769 NPL 20
-66.84396008 1.60245388 12.8069873465642 TUN 21
347.2835455 -160.1589981 47.717915852838 BGD 22
222.0902507 133.5246229 9.41677497477506 KGZ 23
-15.31218183 5.099976761 38.522091351121 EGY 24
-109.4108156 -3.960172393 24.5034833824226 DZA 25
-108.3174828 -51.34009324 18.9243990042205 NER 26
216.6424491 79.89177109 23.5817709573576 AFG 27
150.2049157 -68.60364485 21.2964669267229 YEM 28
-131.2391154 72.71972268 11.6151945049113 PRT 29
-6.242257117 -141.0702446 36.692295729143 COD 30
126.4448842 -7.539873958 7.53300355320557 KWT 31
-81.75740033 46.15357327 0.655466780136348 GIB 32
493.4019964 -148.2606045 14.9359881387502 KHM 33
407.9580688 -249.8852921 60.4468481004054 IDN 34
227.2841661 113.2715667 11.5560372847035 TJK 35
-213.5239974 -45.75358736 10.7580641096212 SLE 36
91.7406719 72.89921987 33.6124156938241 TUR 37
142.4319352 172.277226 11.1823404773063 BLR 38
60.83162821 128.9142305 11.5634116280348 HUN 39
60.9269209 96.67853765 5.23983120054918 MKD 40
329.6291746 -69.8441746 2.44138418869706 BRN 41
-13.71088438 -258.9037063 28.202366304227 ZAF 42
-67.48675621 -60.50065446 15.5127137965602 TCD 43
-29.4446939 78.3168637 0.665789726697101 SMR 44
-50.61946269 99.31967935 29.1983291432937 FRA 45
47.92435063 -255.3961602 21.1250982912299 MOZ 46
87.84054344 -74.38657584 40.8138417901053 ETH 47
32.9027245 -22.6106772 7.02521625595351 ERI 48
-57.83448114 64.19202024 1.02812580663283 AND 49
39.39250699 95.08046232 6.50191412896388 BIH 50
-33.50294133 -192.8047175 21.9763370027021 AGO 51
158.9901882 206.9432361 8.54464513341348 FIN 52
-26.8835184 -57.42859118 25.16690586443 SDN 53
253.6503751 -100.015899 3.21960212416811 BTN 54
458.6450283 -74.28927973 26.8055347304248 MMR 55
260.5854222 153.9772325 6.73681220547259 MNG 56
300.5425882 215.7392071 26.1103735538121 KOR 57
-37.40955817 -92.53051138 8.69496520495935 CAF 58
32.93018289 15.80527718 10.9901078112347 ISR 59
290.0631757 -104.2814298 3.04431887008312 MAC 60
520.5075166 -87.55204898 36.0763905689867 VNM 61
-131.6487285 38.42025509 22.3198114448932 MAR 62
41.57607355 35.28139183 8.39569516466893 LBN 63
97.27349707 -12.48614743 22.0548620613619 SAU 64
159.283623 74.60819387 34.2634746076466 IRN 65
44.47043978 -24.47851298 3.86810917160554 DJI 66
134.893865 188.0001471 5.98242585090247 LTU 67
208.2249327 190.0236928 43.6079564890682 RUS 68
13.58870246 -225.7462804 14.8124258994437 ZWE 69
-162.4232704 3.013705607 8.00141786870558 MRT 70
-5.529865154 -215.4387315 5.93492963383333 BWA 71
115.2558456 -33.83938148 5.98014552840648 QAT 72
-218.5206816 -29.7419688 6.04254084455702 GMB 73
210.1904307 -283.7692098 137.143434927032 IND 74
-64.47637032 -99.82611045 19.4204229144873 CMR 75
-23.67192166 42.81603902 0.0825810520430966 VAT 76
-211.6853416 -64.83680141 8.44590619397686 LBR 77
-185.9982312 -103.0730555 21.1950347322684 GHA 78
89.22863679 125.0929067 16.1831473113787 ROU 79
119.094482 148.7250644 21.9944830533625 UKR 80
34.5579563 -192.600754 13.2018668343084 BDI 81
20.9187191 -83.6200949 26.9335793947252 KEN 82
-198.8251793 -26.26100017 13.6683491372784 GIN 83
50.30592422 -217.8249201 16.6004347833366 MWI 84
42.99607868 120.3582051 5.28260604253058 SVN 85
26.89679783 -209.6746533 5.53908982363477 LSO 86
-185.070209 -56.38156962 19.4966501044575 CIV 87
40.82029124 -43.58575027 15.4552374897034 SOM 88
-16.72183019 -93.31651207 12.0825420653582 SSD 89
394.2267423 -182.1802704 4.23263138263217 TLS 90
35.78513305 123.4906994 0.719924921014262 LIE 91
-51.76178774 140.844128 12.4036630207228 BEL 92
-48.82150825 -124.8541053 8.96641622475248 COG 93
78.7634981 -181.0498818 29.7966580416393 TZA 94
54.67123269 151.7743914 11.7546810506177 CZE 95
340.5380893 -90.89083963 21.2528719037786 MYS 96
73.88946075 144.7857381 8.73487390815811 SVK 97
54.74680243 -131.334192 25.2903039349472 UGA 98
269.9833734 183.1385868 18.5585182982406 PRK 99
-34.17409168 127.3072175 2.935985782982 LUX 100
-141.1681024 -95.95150724 13.4363711296691 BEN 101
45.93562051 71.84650534 11.668208793352 GRC 102
22.21595991 121.7909177 10.7615500425562 CHE 103
-198.0055371 2.641988556 15.2924411827618 SEN 104
54.22796742 0.7311220431 12.2169728495293 JOR 105
-69.55384054 162.0174713 15.2298805275812 NLD 106
133.9429079 -44.49609832 7.81951430611768 OMN 107
7.081924494 83.84586606 27.8397371986751 ITA 108
490.9588359 -122.832632 10.0250131978466 LAO 109
138.3009072 109.1560263 6.04761742585862 ARM 110
-20.96705492 79.21281067 0.690922651935891 MCO 111
130.6517143 -25.80637103 11.1933125229325 ARE 112
51.53864913 21.14929635 8.40908705468145 PSE 113
146.4924328 223.0362514 11.8200576570984 SWE 114
115.8589995 116.0284369 6.7256677607774 MDA 115
-94.95589501 68.20375285 25.0122452345033 ESP 116
-111.0428573 -161.8381383 54.2812611062592 NGA 117
54.33762454 87.45677338 6.10653237901724 ALB 118
32.79990829 -235.0112092 3.9921768091913 SWZ 119
129.321181 118.5970109 7.00577463501729 GEO 120
-64.35865629 -22.80935364 9.52299542275068 LBY 121
423.9012191 -179.5166139 11.661777933995 PNG 122
90.86010852 183.949027 23.2405147969767 POL 123
38.64116943 135.8792213 10.8602717994275 AUT 124
381.8664126 -80.50829395 9.93138011326245 HKG 125
155.2457472 191.6117772 4.17340813003173 EST 126
143.001038 201.1502961 8.48939641519723 NOR 127
48.77210834 94.48577391 2.87139911180289 MNE 128
124.3466657 25.10097639 24.4761935431549 IRQ 129
-216.2971411 -18.6159736 5.32119388953018 GNB 130
-148.1802091 -20.91073742 17.5120515220135 MLI 131
167.9821643 146.1066289 16.066419048916 KAZ 132
