-94.93675688 10.02411082 1.3054061991197004 ECU 0
-89.90629668 9.843542208 0.30506852984640082 SUR 1
-90.47396431 8.633232957 0.77674297629971245 BRA 2
-91.39551749 6.540424676 0.62314784198703788 ARG 3
-99.49379381 18.84752889 1.1664908553186821 NIC 4
-107.0317638 27.82410004 0.64838664059197892 BLZ 5
-91.66003081 7.633922394 0.51610427494636502 BOL 6
-102.3352684 21.44772376 1.4837490983782988 HND 7
-90.38089451 7.248101671 0.63336406123423372 PRY 8
-107.4380178 33.43251146 0.31541275885362391 CAN 9
-89.2754046 6.586877394 0.67506032226439339 URY 10
-106.4631378 16.06958321 2.6727663209858208 SLV 11
-109.7736711 28.36969648 1.2398414941152294 MEX 12
-99.24871799 14.43156515 1.5410412718852418 CRI 13
-94.89589711 13.50889993 1.1828826310383336 PAN 14
-107.5740013 23.59012221 1.9811239065928177 GTM 15
-90.93539619 11.28180152 0.87211264443515535 VEN 16
-93.40829801 6.431331871 0.78291586524252443 CHL 17
-92.92475122 7.901445405 0.78904046338953082 PER 18
-108.3173657 31.59957423 0.9291258651570512 USA 19
-92.69833572 10.60894054 1.044570769575567 COL 20
-89.32661486 9.954158984 0.29436101534957781 GUF 21
-90.28522415 10.31622349 0.31028375428815042 GUY 22
