5.148169295 93.58169518 12.557061120706921 HRV 0
123.7790918 87.76742924 37.190267079057826 UZB 1
26.75827423 76.57168992 16.219054210516582 BGR 2
-124.486286 46.05615848 4.8067563876665504 ESH 3
-57.07484665 -64.17254238 8.2122012116535252 GNQ 4
20.17765749 87.04470975 16.768756670155742 SRB 5
-121.7929472 11.47726385 30.241677316167273 BFA 6
-103.4956788 -33.07367877 18.870849556599598 TGO 7
112.4927914 69.7375402 16.009163623128554 TKM 8
91.63714274 156.2025269 8.4843270967260729 LVA 9
-20.24365073 135.0434468 57.238547839388026 DEU 10
230.6655295 -118.5618 53.143183431408069 THA 11
102.9801254 79.20797638 20.237889446289813 AZE 12
222.8087703 30.21413455 236.80474093456917 CHN 13
-56.7697873 -74.80234486 9.789922219419763 GAB 14
147.2989388 -65.59691513 97.25798843362314 PAK 15
6.930757266 -108.3942632 23.545605091055275 RWA 16
48.912882 48.4601925 30.225840536078788 SYR 17
-19.74372756 -133.1550632 28.444318200884272 ZMB 18
1.551405884 150.8158507 15.2478088008267 DNK 19
121.6419018 -108.9972934 34.860711515510097 NPL 20
-49.90738525 52.8631389 22.136663020574257 TUN 21
180.5129698 -123.0030926 82.479617937764189 BGD 22
145.6751219 100.2511665 16.276737746062985 KGZ 23
2.39968054 25.28403326 66.584789381892961 EGY 24
-82.51783658 48.38832675 42.35386041920701 DZA 25
-61.64024388 28.43724907 32.710506560757047 NER 26
120.4666561 30.37994796 40.760695937709116 AFG 27
85.03630072 -36.02192049 36.810586215824081 YEM 28
-105.2298256 79.06672338 20.076669064768613 PRT 29
-22.59741968 -92.68549235 63.422018311371339 COD 30
66.96049165 6.617649156 13.020670410425378 KWT 31
-71.26714971 60.11312582 1.1329633457435904 GIB 32
279.8359734 -102.2158982 25.816605213989654 KHM 33
265.55495 -171.5962202 104.48136402769953 IDN 34
134.8878905 69.94996971 19.974416800942763 TJK 35
-161.8899628 -15.71864501 18.595133539528913 SLE 36
53.63361331 80.45640002 58.098497280179103 TUR 37
88.6999498 135.2730157 19.3284881314313 BLR 38
31.65329688 110.3456614 19.987163229818361 HUN 39
15.51284992 66.93587618 9.0569604257762002 MKD 40
267.2412827 -78.80949565 4.2198916596449774 BRN 41
-37.02319867 -164.2113458 48.747317566996678 ZAF 42
-20.23282486 -13.64209592 26.813465849264972 TCD 43
-21.83492724 86.63547863 1.1508063858912092 SMR 44
-50.85392115 101.4258401 50.468822644874962 FRA 45
32.78326244 -149.6250184 36.514378401015769 MOZ 46
46.84823102 -55.20790633 70.546041612587103 ETH 47
47.31975113 -24.39471632 12.142968576167476 ERI 48
-43.88705874 73.79379465 1.7770982283583625 AND 49
9.830755353 85.70947377 11.238449618691737 BIH 50
-47.80823995 -123.051643 37.985730249503682 AGO 51
112.2642338 173.3059156 14.769275929636084 FIN 52
8.680317435 -16.35190748 43.500575062320337 SDN 53
184.6860081 -51.73166217 5.565028320431276 BTN 54
246.4323017 -84.83817937 46.332917598525327 MMR 55
202.8385096 118.2606483 11.644467007726591 MNG 56
332.7771329 72.21409092 45.13134315363525 KOR 57
-22.04908096 -55.40297267 15.029101654374699 CAF 58
34.0492659 25.29023832 18.996217189388506 ISR 59
231.7687279 -62.37355078 5.2620541529842972 MAC 60
308.4913779 -86.83423921 62.357436562825313 VNM 61
-112.9757267 58.73040168 38.579420067195542 MAR 62
25.8252089 46.23981121 14.511818404630572 LBN 63
61.29403423 -11.37392493 38.121459497544961 SAU 64
94.98946256 0.8661746701 59.22384170286221 IRN 65
63.98603441 -32.28762515 6.6859618848297169 DJI 66
87.20682908 147.1596036 10.340522835179389 LTU 67
171.3944249 133.211262 75.375622048486363 RUS 68
-7.517904383 -149.5563532 25.603029953893035 ZWE 69
-133.1927506 31.64703691 13.83031670550182 MRT 70
-20.87389423 -147.3688045 10.258426419874205 BWA 71
77.81317119 -19.7192443 10.336581335956653 QAT 72
-164.6543602 5.519861076 10.444430594358346 GMB 73
125.3412387 -226.3768466 237.05012914518309 IND 74
-39.97655006 -57.57323871 33.567875577731229 CMR 75
-24.21079853 43.30044823 0.14273996463758234 VAT 76
-154.598463 -41.61129324 14.598607327398124 LBR 77
-117.8084885 -19.06039345 36.635262367418953 GHA 78
50.05033349 113.3905339 27.972298945107518 ROU 79
88.02560495 112.5376816 38.017095393994964 UKR 80
-3.197311352 -123.0294653 22.819205598105199 BDI 81
68.85969333 -92.18811273 46.5542406551113 KEN 82
-150.058759 -4.127817773 23.625512441898575 GIN 83
12.74933231 -134.3252451 28.693573347859068 MWI 84
5.839037404 105.3287791 9.130896023358769 SVN 85
7.919118971 -148.1364909 9.5742239410731038 LSO 86
-143.4250203 -24.0635966 33.699632998247999 CIV 87
82.75647191 -59.34374516 26.714119015999053 SOM 88
11.07630118 -59.81896609 20.88447149161146 SSD 89
306.4620295 -163.8324414 7.3160324182542684 TLS 90
-11.69149505 103.9081247 1.2443781621195815 LIE 91
-50.75003817 129.8897032 21.43952368190336 BEL 92
-45.6367212 -74.67569174 15.498300193355377 COG 93
39.24169372 -113.5712247 51.503024119408458 TZA 94
17.92679952 119.325092 20.317769221632126 CZE 95
264.0754975 -119.3930136 36.735232949191008 MYS 96
36.61856747 122.2061977 15.098083179099644 SVK 97
16.03942115 -84.97720943 43.713866559415592 UGA 98
277.4183335 117.774064 32.078087891570178 PRK 99
-31.8140895 111.5505186 5.0748022272783357 LUX 100
-102.7241717 5.361426063 23.22454234302446 BEN 101
16.56344743 55.67958057 20.168303373972602 GRC 102
-26.40096926 94.70026001 18.601158916192968 CHE 103
-154.4646736 19.16082615 26.432728327444451 SEN 104
41.89397809 9.895716965 21.116832849381122 JOR 105
-47.95195513 149.9958415 26.324593283299887 NLD 106
104.395556 -39.35142348 13.515899445744749 OMN 107
-23.72745887 61.22179247 48.120519234662289 ITA 108
280.2688553 -77.49328524 17.328067322333666 LAO 109
93.90373027 69.54275361 10.453205380069374 ARM 110
-9.366355538 72.22349179 1.1942482260115264 MCO 111
104.123408 -27.34406813 19.347453128436602 ARE 112
43.72611394 32.75297298 14.534966062107987 PSE 113
101.3018184 180.5847629 20.43077159041167 SWE 114
64.17061121 107.7758101 11.625204021819526 MDA 115
-82.29889241 86.63854564 43.233246755155612 ESP 116
-65.47566603 -17.59969511 93.824250225672941 NGA 117
8.541484351 68.71707567 10.55503888936032 ALB 118
14.72435866 -157.5759209 6.900410717382937 SWZ 119
96.64668701 91.27540166 12.109364060164401 GEO 120
-28.86397527 28.58461388 16.460338010442232 LBY 121
302.4008059 -138.7726688 20.1571877413366 PNG 122
57.54076323 141.3505198 40.170840382954083 POL 123
3.536970339 116.7549245 18.771797818654669 AUT 124
258.3077665 -63.07098267 17.166224104648915 HKG 125
97.01743081 166.28557 7.2136660185443509 EST 126
91.55064708 172.2018597 14.673779446007559 NOR 127
8.314322658 79.42567728 4.9631652484305366 MNE 128
65.46472762 27.36495223 42.306690389331351 IRQ 129
-157.3530102 5.646723384 9.1975944702771741 GNB 130
-115.8718713 33.27775167 30.269287604609637 MLI 131
116.9052442 113.10271 27.770536099467865 KAZ 132
