-80.43926213 -13.92626527 23.901803645853672 ECU 0
-30.29882117 -8.120842984 5.5857618140890297 SUR 1
-36.91334378 -21.60568248 14.222054495628539 BRA 2
-46.78573826 -45.25942132 11.409749219480975 ARG 3
-100.6585514 29.33485182 21.358283266398406 NIC 4
-146.0215582 66.34604608 11.871868067177079 BLZ 5
-50.06680862 -33.12629902 9.4497965835249929 BOL 6
-123.0613546 48.50556597 27.167237012560403 HND 7
-35.5778134 -37.10421152 11.596806754993013 PRY 8
-137.2088222 113.1916382 5.7751631902776213 CAN 9
-23.04147475 -44.26668278 12.360259421742416 URY 10
-160.3614815 -15.014468 48.937974891289677 SLV 11
-178.4890009 70.45217555 22.701323131687296 MEX 12
-108.4664792 0.4129601523 28.216248640152315 CRI 13
-66.26460337 14.17234033 21.658414371124419 PAN 14
-163.5335167 36.31765693 36.274099698178354 GTM 15
-41.51827563 8.228952743 15.968259686840874 VEN 16
-69.40809488 -46.93643736 14.33507922275045 CHL 17
-64.20353761 -30.39160337 14.447219752202678 PER 18
-148.1175 95.42241633 17.012163728227698 USA 19
-55.23205707 -7.867467957 19.125943668285029 COL 20
-23.76784761 -7.054464127 5.3897087317528332 GUF 21
-34.44865632 -2.733707225 5.6812518390788114 GUY 22
