18.41504955 45.88440373 44.533807217745306 HRV 0
63.85003319 43.83016453 46.996992309527926 UZB 1
23.33604582 40.12986703 41.283221069846888 BGR 2
-11.6367846 26.46421093 7.8192686958681321 ESH 3
15.02417702 1.608472138 41.144141883759261 GNQ 4
19.50376725 42.52313652 47.562754637560218 SRB 5
2.344939867 14.43186812 48.517286333017566 BFA 6
0.9610722515 -0.5515662192 67.885934341846365 TGO 7
55.92664523 35.88443654 19.54817173967033 TKM 8
30.24977825 58.76941749 28.529617402176342 LVA 9
11.9497887 56.12931894 81.260223955657779 DEU 10
98.60393868 10.07838438 62.370616214222537 THA 11
46.78035417 39.52815484 59.066540424000038 AZE 12
106.6051948 38.41819226 64.715963728167878 CHN 13
9.975895229 -5.433331515 16.237930984916545 GAB 14
67.01791233 38.74079386 92.95150523365362 PAK 15
29.68719276 -5.652678165 125.77847256289328 RWA 16
38.31871118 40.17451279 59.195789025863917 SYR 17
30.16180792 -17.61968388 27.714316641600973 ZMB 18
13.34233942 58.40962169 63.973613362656039 DNK 19
82.50487152 21.37369505 77.258569148282902 NPL 20
9.363256871 25.39736797 47.118798973368882 TUN 21
89.90883594 26.75715714 191.81129906251886 BGD 22
70.92926286 46.41002761 31.15465914825036 KGZ 23
26.07205885 24.51315932 56.011567205046987 EGY 24
6.581709597 21.85085225 23.046954582448855 DZA 25
12.2410629 19.19330097 24.415658677317786 NER 26
64.93315262 37.82497513 42.334317948036556 AFG 27
50.16721684 17.224041 42.514464795643661 YEM 28
-6.841925633 38.73882806 55.669404154608429 PRT 29
22.82443559 -0.2190602951 35.349235211658097 COD 30
48.70552811 26.74650635 81.845933020002008 KWT 31
-9.326086663 32.25268252 364.84451337081953 GIB 32
105.4888077 10.32274447 51.571619014831185 KHM 33
121.8276545 -8.684873449 63.973613362656039 IDN 34
71.55519262 35.20571118 45.003270962534728 TJK 35
-16.24504359 4.928563561 58.088009882856824 SLE 36
33.86504856 39.76247242 55.08284928911408 TUR 37
33.10497165 44.07882759 35.992001226004987 BLR 38
19.88424412 48.1700394 55.497531548808638 HUN 39
23.25351475 37.41723067 47.843126988086951 MKD 40
117.6591136 -1.180865343 48.752999233091558 BRN 41
22.9990733 -35.4181994 37.141526305373105 ZAF 42
13.8269576 17.0702496 20.030915338092207 TCD 43
15.79657072 45.59129083 124.60330363242798 SMR 44
3.551678889 48.09725321 57.226417215971679 FRA 45
34.94652462 -15.62427689 34.528955635735002 MOZ 46
35.14469106 10.44978442 55.703715038700238 ETH 47
38.73906433 25.66198496 29.257024475064838 ERI 48
-3.18212917 43.59729016 68.697293081976909 AND 49
18.44633967 43.42830406 41.651828571755829 BIH 50
21.58464711 -11.13839758 28.529617402176342 AGO 51
42.54171348 64.67091052 22.459139436763884 FIN 52
33.88804544 14.43255499 26.731722809052243 SDN 53
89.1973085 21.69068551 23.941523083243005 BTN 54
95.27949514 21.94841405 48.121865833357347 MMR 55
92.81260543 50.73430858 7.8192686958681321 MNG 56
126.6001447 35.62520048 121.21442841543978 KOR 57
14.68862796 2.42743797 16.000868173434725 CAF 58
32.15297979 27.91186392 108.3469652742113 ISR 59
107.3379808 25.58164982 769.84065818877934 MAC 60
111.2385125 12.89602569 93.463977444750384 VNM 61
-10.58757856 26.02300875 48.438460470505902 MAR 62
32.56234495 36.02080787 120.37611148541555 LBN 63
52.29689794 20.54979824 21.855520422871578 SAU 64
54.54978611 32.63586176 38.998480138170763 IRN 65
45.40855942 4.128170262 36.831577690765926 DJI 66
24.04692232 53.25573278 34.694563087686532 LTU 67
69.55930048 53.76516525 15.638537391736264 RUS 68
28.60844061 -18.30267752 34.528955635735002 ZWE 69
-15.03724258 23.99890515 11.398444904619073 MRT 70
25.41334684 -25.51098192 11.398444904619073 BWA 71
56.03652729 28.24428288 80.906763280762021 QAT 72
-16.78723264 12.48958433 87.115567062965226 GMB 73
81.3244171 17.15900003 115.3507783217006 IND 74
13.59686973 4.253152502 40.957968340926769 CMR 75
20.07536363 38.97506464 180.55358533300256 VAT 76
-9.569034601 6.698408206 39.48537140414976 LBR 77
-4.2841571 11.56459724 64.44970263401359 GHA 78
31.4092306 43.6187104 48.948559581871748 ROU 79
39.84115422 42.51759409 41.926157520964892 UKR 80
24.66721445 -9.601318973 119.48395225328625 BDI 81
43.58117255 3.18363264 51.7934334536032 KEN 82
-6.152973491 8.653094448 39.966331539934984 GIN 83
42.71654221 -10.10549023 78.412295499309153 MWI 84
13.89494735 47.57269377 53.996848705407075 SVN 85
28.92220734 -25.04348335 46.09390916489771 LSO 86
-6.295952831 6.908201167 50.144013609131548 CIV 87
52.03343506 12.77493516 28.327992137877231 SOM 88
32.73023948 13.69004415 22.029670749283277 SSD 89
124.0939959 -7.193384628 50.334169822804569 TLS 90
9.025100854 51.82239132 82.774447501992341 LIE 91
9.075712572 48.95694177 103.3837733091176 BEL 92
13.47116045 1.851991155 22.288345023189358 COG 93
39.84131381 -7.927014871 45.927804447494381 TZA 94
20.37754625 51.709015 61.351369429556172 CZE 95
117.6107473 -2.76610015 53.784122276120684 MYS 96
20.63829678 49.90316159 57.19301982928323 SVK 97
27.72022117 1.464440026 81.915936681853537 UGA 98
128.9478993 46.69456139 77.554769221780816 PRK 99
11.89615856 48.32096793 83.920645066883992 LUX 100
4.68000755 15.59983463 58.022187754200388 BEN 101
24.95468215 31.70479038 47.118798973368882 GRC 102
6.27801442 48.81647197 78.509702115123986 CHE 103
-16.07700938 15.69235834 50.561413279819419 SEN 104
37.10447127 32.69364839 59.453443296950098 JOR 105
7.181436692 54.35154195 120.37611148541555 NLD 106
62.53309871 28.1808361 20.408890465097933 OMN 107
17.4282077 41.94574996 74.257326877469239 ITA 108
105.1420806 12.65608159 30.283897438618197 LAO 109
40.05784884 48.244573 51.977555731593327 ARM 110
6.606074085 36.70084621 708.90360667738537 MCO 111
61.02295467 27.58615063 60.913809504175333 ARE 112
39.39579243 37.01940324 157.1775121867293 PSE 113
39.22233174 69.67207484 26.87429300851052 SWE 114
33.16281277 46.83659442 53.784122276120684 MDA 115
-4.998069677 38.72488614 51.311623600559329 ESP 116
8.354878691 13.93466422 82.496990472722388 NGA 117
22.07319533 30.56963634 53.499171279035693 ALB 118
29.48599276 -19.20889361 44.145987288253025 SWZ 119
42.26557077 52.10861225 38.555021222074046 GEO 120
21.76964546 26.36225513 10.343920201829693 LBY 121
146.6865715 -14.10788984 25.110081248375081 PNG 122
21.82578155 53.20040887 60.913809504175333 POL 123
12.17605031 52.99918014 54.839503230079146 AUT 124
126.0171877 25.94618417 444.48777161398789 HKG 125
27.60992137 61.91737481 29.257024475064838 EST 126
33.62856703 56.68529514 20.408890465097933 NOR 127
11.7117932 26.47602666 35.938876471991861 MNE 128
40.8513981 28.27767545 53.890590454769722 IRQ 129
-17.18022842 8.466386569 46.010931763381734 GNB 130
1.225238267 14.69271611 22.963902223747191 MLI 131
69.52199526 52.98872296 14.23128383993285 KAZ 132
