19.65071327 46.47885296 44.533807217745306 HRV 0
63.49528147 43.87545823 46.996992309527926 UZB 1
22.04099056 40.79556876 41.283221069846888 BGR 2
-11.43808154 26.47776327 7.8192686958681321 ESH 3
16.32371493 0.3690599291 41.144141883759261 GNQ 4
19.45104668 42.539703 47.562754637560218 SRB 5
1.994862177 12.86207113 48.517286333017566 BFA 6
0.8364268218 -0.656213659 67.885934341846365 TGO 7
56.70712573 34.70275918 19.54817173967033 TKM 8
30.35242452 59.44689654 28.529617402176342 LVA 9
8.612817475 56.36059628 81.260223955657779 DEU 10
98.91632989 10.22143956 62.370616214222537 THA 11
47.16416012 39.59394114 59.066540424000038 AZE 12
106.0087442 37.35869734 64.715963728167878 CHN 13
8.317165607 -3.630040863 16.237930984916545 GAB 14
67.37104338 39.07269437 92.95150523365362 PAK 15
30.40472963 -5.91326729 125.77847256289328 RWA 16
38.60602401 39.85442589 59.195789025863917 SYR 17
30.30102765 -18.09163746 27.714316641600973 ZMB 18
13.22529406 58.63589409 63.973613362656039 DNK 19
82.63416161 21.52548216 77.258569148282902 NPL 20
9.919835297 27.55385363 47.118798973368882 TUN 21
89.65983941 27.01062095 191.81129906251886 BGD 22
70.43787191 46.65664622 31.15465914825036 KGZ 23
26.51064577 24.14696276 56.011567205046987 EGY 24
7.116431462 21.88412199 23.046954582448855 DZA 25
12.58484945 19.15489576 24.415658677317786 NER 26
65.10368535 41.47227656 42.334317948036556 AFG 27
49.7608478 17.57902502 42.514464795643661 YEM 28
-6.325666814 39.18519487 55.669404154608429 PRT 29
23.16592566 0.1814563535 35.349235211658097 COD 30
48.61171588 26.75953959 81.845933020002008 KWT 31
-3.234200364 32.51403293 364.84451337081953 GIB 32
105.2284147 9.556195394 51.571619014831185 KHM 33
122.7585314 -9.065488986 63.973613362656039 IDN 34
70.96944366 34.05134267 45.003270962534728 TJK 35
-16.31151357 5.33466032 58.088009882856824 SLE 36
34.45251574 39.78779259 55.08284928911408 TUR 37
32.70376048 44.82475355 35.992001226004987 BLR 38
19.6074519 47.7902682 55.497531548808638 HUN 39
22.07749142 38.48959355 47.843126988086951 MKD 40
116.8935832 -1.441937177 48.752999233091558 BRN 41
23.34855066 -34.90450522 37.141526305373105 ZAF 42
13.64925112 17.29674397 20.030915338092207 TCD 43
15.19081702 44.88273054 124.60330363242798 SMR 44
4.303496164 43.02431363 57.226417215971679 FRA 45
34.24601241 -12.97339814 34.528955635735002 MOZ 46
38.83740191 13.52941876 55.703715038700238 ETH 47
38.1156952 25.799276 29.257024475064838 ERI 48
-1.81136361 42.1080474 68.697293081976909 AND 49
18.24173716 42.74992677 41.651828571755829 BIH 50
21.93002711 -10.86070942 28.529617402176342 AGO 51
38.44719045 63.47897798 22.459139436763884 FIN 52
34.67847227 13.92800961 26.731722809052243 SDN 53
89.19025417 21.66546612 23.941523083243005 BTN 54
97.27222685 22.20446008 48.121865833357347 MMR 55
93.87979208 51.45408214 7.8192686958681321 MNG 56
126.0647576 35.76407577 121.21442841543978 KOR 57
14.31247755 1.754412656 16.000868173434725 CAF 58
32.83174663 27.80364843 108.3469652742113 ISR 59
109.5661177 25.41315216 769.84065818877934 MAC 60
110.5650526 13.86765309 93.463977444750384 VNM 61
-10.61994143 26.62663435 48.438460470505902 MAR 62
32.0054858 36.09866308 120.37611148541555 LBN 63
52.5627583 20.88042212 21.855520422871578 SAU 64
54.52882986 32.97073071 38.998480138170763 IRN 65
45.90308086 0.1292246799 36.831577690765926 DJI 66
24.06522242 53.36135545 34.694563087686532 LTU 67
71.85576946 54.62285609 15.638537391736264 RUS 68
28.83078972 -18.61426354 34.528955635735002 ZWE 69
-14.98854025 24.23849141 11.398444904619073 MRT 70
25.71306486 -25.06634493 11.398444904619073 BWA 71
56.36455454 28.24237694 80.906763280762021 QAT 72
-16.48082296 12.91223371 87.115567062965226 GMB 73
80.579622 16.4860049 115.3507783217006 IND 74
13.95107869 4.244468124 40.957968340926769 CMR 75
18.34317515 39.15947041 180.55358533300256 VAT 76
-9.555072349 7.04039002 39.48537140414976 LBR 77
-4.986806169 13.44509698 64.44970263401359 GHA 78
31.1343113 42.57856189 48.948559581871748 ROU 79
38.33945712 41.01687562 41.926157520964892 UKR 80
24.32806467 -9.375913017 119.48395225328625 BDI 81
43.27354535 1.996506694 51.7934334536032 KEN 82
-6.117179979 7.873701788 39.966331539934984 GIN 83
42.61126912 -12.14601255 78.412295499309153 MWI 84
13.12861335 45.80823887 53.996848705407075 SVN 85
28.24443536 -23.96746029 46.09390916489771 LSO 86
-5.325331102 7.327820192 50.144013609131548 CIV 87
49.22673406 14.42193976 28.327992137877231 SOM 88
33.15202786 13.68430199 22.029670749283277 SSD 89
123.959582 -6.502858613 50.334169822804569 TLS 90
8.607981412 50.2409494 82.774447501992341 LIE 91
10.20806259 47.68028156 103.3837733091176 BEL 92
13.57659199 1.857667467 22.288345023189358 COG 93
39.87163947 -8.209586519 45.927804447494381 TZA 94
21.20307602 51.4846328 61.351369429556172 CZE 95
117.1512856 -2.515657407 53.784122276120684 MYS 96
20.44711577 49.76973639 57.19301982928323 SVK 97
28.13830109 1.61938558 81.915936681853537 UGA 98
128.7912159 47.08514234 77.554769221780816 PRK 99
12.09382135 48.25959839 83.920645066883992 LUX 100
4.432997958 16.28380807 58.022187754200388 BEN 101
21.39162756 36.16979335 47.118798973368882 GRC 102
8.955064622 45.3387099 78.509702115123986 CHE 103
-16.50253122 15.69043108 50.561413279819419 SEN 104
36.50615475 32.92461922 59.453443296950098 JOR 105
5.346601573 53.40399232 120.37611148541555 NLD 106
62.31874178 28.05421331 20.408890465097933 OMN 107
15.93524099 41.54040056 74.257326877469239 ITA 108
105.538122 12.63707197 30.283897438618197 LAO 109
38.76191084 48.44878549 51.977555731593327 ARM 110
9.20844356 35.80318512 708.90360667738537 MCO 111
61.56852283 27.18408212 60.913809504175333 ARE 112
39.69180748 36.51720718 157.1775121867293 PSE 113
33.88015311 73.48022206 26.87429300851052 SWE 114
35.0548707 48.08768964 53.784122276120684 MDA 115
-5.085155143 38.63632568 51.311623600559329 ESP 116
8.417882403 14.00363551 82.496990472722388 NGA 117
19.10612942 35.10044277 53.499171279035693 ALB 118
29.45276872 -19.47072788 44.145987288253025 SWZ 119
42.99349159 51.57030507 38.555021222074046 GEO 120
21.3137513 27.15784165 10.343920201829693 LBY 121
146.853872 -14.46331273 25.110081248375081 PNG 122
21.91193133 53.34204512 60.913809504175333 POL 123
11.96277817 53.06144825 54.839503230079146 AUT 124
122.6305265 25.30920926 444.48777161398789 HKG 125
27.73542174 61.77804134 29.257024475064838 EST 126
36.03686624 55.9838773 20.408890465097933 NOR 127
12.90995742 27.43502884 35.938876471991861 MNE 128
41.00808854 28.58240448 53.890590454769722 IRQ 129
-17.19540034 8.248179225 46.010931763381734 GNB 130
1.802728775 13.95512449 22.963902223747191 MLI 131
69.4466026 53.14207574 14.23128383993285 KAZ 132
