33.16202517 107.7952144 7.26478614836657 HRV 0
195.2574754 120.2906904 21.5161282192423 UZB 1
68.74098153 109.8020208 9.38340263183605 BGR 2
-151.1626019 17.86065735 2.78091003046154 ESH 3
-64.03161148 -124.4493966 4.75110258973248 GNQ 4
50.00849843 106.8001676 9.70142854380077 SRB 5
-149.4707647 -66.20198707 17.4960778129505 BFA 6
-156.2532936 -115.0224451 10.9175773812731 TGO 7
164.5770363 119.2529997 9.26197213012298 TKM 8
147.0844786 187.6535032 4.90853881955436 LVA 9
-8.285302695 153.4709783 33.1148989002288 DEU 10
452.3478191 -130.9912678 30.7455589457912 THA 11
145.3140798 127.3755458 11.7084672526706 AZE 12
376.4313815 66.30134851 137.001467562511 CHN 13
-53.12192604 -138.8327494 5.66388031797865 GAB 14
198.0528789 -5.860452626 56.2678225739818 PAK 15
35.29560495 -166.7855764 13.6221193857483 RWA 16
77.30751565 23.06221575 17.4869155719201 SYR 17
4.818878953 -195.7120633 16.4562302340599 ZMB 18
-21.14308173 193.2774547 8.82149645560949 DNK 19
195.877157 -123.3519763 20.1683826896769 NPL 20
-66.84396008 1.60245388 12.8069873465642 TUN 21
347.2835455 -160.1589981 47.717915852838 BGD 22
222.5623818 134.5638879 9.41677497477506 KGZ 23
-15.32539724 5.211674612 38.522091351121 EGY 24
-109.4108156 -3.960172393 24.5034833824226 DZA 25
-108.3174828 -51.34009324 18.9243990042205 NER 26
217.3922608 80.92714028 23.5817709573576 AFG 27
150.1688346 -68.72335505 21.2964669267229 YEM 28
-131.2391154 72.71972268 11.6151945049113 PRT 29
-8.078826159 -141.5436145 36.692295729143 COD 30
129.7345164 -6.308859266 7.53300355320557 KWT 31
-81.75740033 46.15357327 0.655466780136348 GIB 32
494.7621038 -147.9565737 14.9359881387502 KHM 33
407.9580688 -249.8852921 60.4468481004054 IDN 34
227.9047297 114.3734899 11.5560372847035 TJK 35
-213.5239974 -45.75358736 10.7580641096212 SLE 36
92.61915095 74.358256 33.6124156938241 TUR 37
142.4319352 172.277226 11.1823404773063 BLR 38
60.65372221 129.1998849 11.5634116280348 HUN 39
60.74795482 96.52622539 5.23983120054918 MKD 40
329.5180054 -69.52834609 2.44138418869706 BRN 41
-13.7994369 -258.9415341 28.202366304227 ZAF 42
-67.46497301 -60.50825997 15.5127137965602 TCD 43
-29.4446939 78.3168637 0.665789726697101 SMR 44
-50.61946269 99.31967935 29.1983291432937 FRA 45
46.35789892 -256.9245467 21.1250982912299 MOZ 46
84.93396767 -74.78281422 40.8138417901053 ETH 47
33.06785987 -21.40032198 7.02521625595351 ERI 48
-57.83448114 64.19202024 1.02812580663283 AND 49
39.2437185 94.66319832 6.50191412896388 BIH 50
-34.94534519 -193.3017512 21.9763370027021 AGO 51
158.962175 206.9733463 8.54464513341348 FIN 52
-26.95933547 -57.26454528 25.16690586443 SDN 53
253.6503751 -100.015899 3.21960212416811 BTN 54
459.5675176 -74.0581866 26.8055347304248 MMR 55
260.5854222 153.9772325 6.73681220547259 MNG 56
300.5425882 215.7392071 26.1103735538121 KOR 57
-39.9063201 -93.31581351 8.69496520495935 CAF 58
32.92611784 15.81635648 10.9901078112347 ISR 59
290.0631757 -104.2814298 3.04431887008312 MAC 60
521.6271078 -87.11772346 36.0763905689867 VNM 61
-131.6487285 38.42025509 22.3198114448932 MAR 62
41.57607355 35.28139183 8.39569516466893 LBN 63
101.2948798 -14.47285699 22.0548620613619 SAU 64
160.0830007 75.82231461 34.2634746076466 IRN 65
44.48033471 -24.45646152 3.86810917160554 DJI 66
134.893865 188.0001471 5.98242585090247 LTU 67
208.1721067 190.0293602 43.6079564890682 RUS 68
13.37975275 -225.7588824 14.8124258994437 ZWE 69
-162.4232704 3.013705607 8.00141786870558 MRT 70
-5.549417481 -215.5112334 5.93492963383333 BWA 71
117.7769797 -36.94252604 5.98014552840648 QAT 72
-218.5206816 -29.7419688 6.04254084455702 GMB 73
210.1904307 -283.7692098 137.143434927032 IND 74
-66.95295008 -100.553349 19.4204229144873 CMR 75
-23.67172839 42.81650949 0.0825810520430966 VAT 76
-211.6853416 -64.83680141 8.44590619397686 LBR 77
-185.9982312 -103.0730555 21.1950347322684 GHA 78
89.27615346 125.0456093 16.1831473113787 ROU 79
119.1874699 148.6130027 21.9944830533625 UKR 80
34.54560715 -193.4557273 13.2018668343084 BDI 81
18.23340351 -84.03459801 26.9335793947252 KEN 82
-198.8251793 -26.26100017 13.6683491372784 GIN 83
48.8474414 -219.4174615 16.6004347833366 MWI 84
42.99756393 120.3367924 5.28260604253058 SVN 85
26.7372451 -210.484795 5.53908982363477 LSO 86
-185.070209 -56.38156962 19.4966501044575 CIV 87
38.93144301 -42.96228483 15.4552374897034 SOM 88
-19.24305585 -94.00859471 12.0825420653582 SSD 89
394.2267423 -182.1802704 4.23263138263217 TLS 90
35.78513305 123.4906994 0.719924921014262 LIE 91
-51.92229837 140.9273509 12.4036630207228 BEL 92
-50.3874459 -124.4525894 8.96641622475248 COG 93
76.1710526 -182.0262121 29.7966580416393 TZA 94
54.67299472 151.7925584 11.7546810506177 CZE 95
340.6650158 -90.43657322 21.2528719037786 MYS 96
73.88868757 144.7568758 8.73487390815811 SVK 97
52.80138553 -132.0954503 25.2903039349472 UGA 98
269.9833734 183.1385868 18.5585182982406 PRK 99
-34.17409168 127.3072175 2.935985782982 LUX 100
-141.1681024 -95.95150724 13.4363711296691 BEN 101
45.91322318 71.64659113 11.668208793352 GRC 102
22.20621355 122.0570191 10.7615500425562 CHE 103
-198.0055371 2.641988556 15.2924411827618 SEN 104
54.22796742 0.7311220431 12.2169728495293 JOR 105
-69.52680748 162.1472482 15.2298805275812 NLD 106
134.0111229 -44.60617922 7.81951430611768 OMN 107
6.262820841 85.36517523 27.8397371986751 ITA 108
492.1419679 -122.3560968 10.0250131978466 LAO 109
138.1292373 109.7470995 6.04761742585862 ARM 110
-21.48755383 79.24530634 0.690922651935891 MCO 111
132.3656563 -25.73315729 11.1933125229325 ARE 112
51.53976598 21.13536898 8.40908705468145 PSE 113
146.4924328 223.0362514 11.8200576570984 SWE 114
115.3523093 115.9998906 6.7256677607774 MDA 115
-94.95589501 68.20375285 25.0122452345033 ESP 116
-111.0428573 -161.8381383 54.2812611062592 NGA 117
54.17549435 87.30990568 6.10653237901724 ALB 118
32.79990829 -235.0112092 3.9921768091913 SWZ 119
128.7455757 118.7606211 7.00577463501729 GEO 120
-64.35865629 -22.80935364 9.52299542275068 LBY 121
423.9012191 -179.5166139 11.661777933995 PNG 122
90.86010852 183.949027 23.2405147969767 POL 123
38.73219554 135.8660231 10.8602717994275 AUT 124
381.8923341 -80.66249495 9.93138011326245 HKG 125
155.2457472 191.6117772 4.17340813003173 EST 126
143.0018595 201.1277907 8.48939641519723 NOR 127
48.60995771 94.32926707 2.87139911180289 MNE 128
123.9413795 25.85408719 24.4761935431549 IRQ 129
-216.2971411 -18.6159736 5.32119388953018 GNB 130
-148.1802091 -20.91073742 17.5120515220135 MLI 131
167.9619974 146.1120839 16.066419048916 KAZ 132
