-72.44212086 -14.45612941 23.901803645853672 ECU 0
-35.63750469 -5.995243704 5.5857618140890297 SUR 1
-42.31029795 -21.77960596 14.222054495628539 BRA 2
-53.43394008 -44.86607954 11.409749219480975 ARG 3
-87.87446687 22.41757689 21.358283266398406 NIC 4
-111.78186 42.46185788 11.871868067177079 BLZ 5
-56.91028404 -32.54683197 9.4497965835249929 BOL 6
-90.26753677 45.29866205 27.167237012560403 HND 7
-47.13933555 -35.30437659 11.596806754993013 PRY 8
-115.0518434 81.70336165 5.7751631902776213 CAN 9
-41.979117 -48.02000752 12.360259421742416 URY 10
-127.6280914 -13.45303758 48.937974891289677 SLV 11
-144.8683442 52.28836756 22.701323131687296 MEX 12
-92.98681746 -0.6741521039 28.216248640152315 CRI 13
-67.26622737 6.931302106 21.658414371124419 PAN 14
-132.2339614 27.24302361 36.274099698178354 GTM 15
-45.77591886 6.660128963 15.968259686840874 VEN 16
-72.92350876 -45.29834894 14.33507922275045 CHL 17
-69.00687063 -32.25244555 14.447219752202678 PER 18
-121.8257675 72.10011309 17.012163728227698 USA 19
-52.85562395 -8.368253089 19.125943668285029 COL 20
-30.57527163 -7.145172198 5.3897087317528332 GUF 21
-39.37189395 -2.145470385 5.6812518390788114 GUY 22
