-19.656005130 0.063055386 0.4434711565216690 ECU 0
-18.281422050 0.268736248 0.1036375450343200 SUR 1
-18.426133340 -0.062232656 0.2638742686008440 BRA 2
-18.524961530 -0.8270749 0.2116950987028620 ARG 3
-20.463645719 2.335770355 0.3962789888917120 NIC 4
-22.195256360 4.558081074 0.2202691955733230 BLZ 5
-18.644529137 -0.453142877 0.1753303759784390 BOL 6
-20.989910190 3.065771845 0.5040576098761670 HND 7
-18.259141120 -0.50247217 0.2151657414559670 PRY 8
-22.553666203 5.537630274 0.1071516751221440 CAN 9
-18.091082450 -0.905752969 0.2293307493394480 URY 10
-22.031912705 2.146494694 0.9079892314584150 SLV 11
-22.821972160 4.421999212 0.4211975871338860 MEX 12
-20.190846174 1.457332177 0.5235208439728770 CRI 13
-19.488043535 0.879705196 0.4018475848894480 PAN 14
-22.002096790 3.700081244 0.6730252320403460 GTM 15
-18.391716270 0.710498101 0.2962731472438530 VEN 16
-18.989466780 -0.758673637 0.2659713156352400 CHL 17
-19.023163700 -0.234864839 0.2680519573736630 PER 18
-22.591894940 5.116917298 0.3156416158075960 USA 19
-18.934206350 0.370921652 0.3548604316149180 COL 20
-18.081287240 0.268501201 0.1000000000000000 GUF 21
-18.480713140 0.318770112 0.1054092553389460 GUY 22