74.28464007 83.43593177 12.557061120706921 HRV 0
204.7527574 64.06354921 37.190267079057826 UZB 1
105.7444421 80.8226159 16.219054210516582 BGR 2
-145.3111996 45.34847191 4.8067563876665504 ESH 3
-69.05205948 -109.0433303 8.2122012116535252 GNQ 4
90.08573037 77.90891639 16.768756670155742 SRB 5
-165.2398094 -31.28758519 30.241677316167273 BFA 6
-167.3278197 -80.35749181 18.870849556599598 TGO 7
182.2223778 51.72788738 16.009163623128554 TKM 8
178.0757376 156.2345451 8.4843270967260729 LVA 9
43.49544673 160.8898641 57.238547839388026 DEU 10
233.1773645 -198.0349857 53.143183431408069 THA 11
177.3885176 68.54784756 20.237889446289813 AZE 12
320.329599 -21.36219497 236.80474093456917 CHN 13
-71.11217978 -117.4873566 9.789922219419763 GAB 14
192.7687863 -120.0670876 97.25798843362314 PAK 15
17.53002501 -180.5531553 23.545605091055275 RWA 16
99.75425281 -3.793416937 30.225840536078788 SYR 17
-26.05090081 -200.1645878 28.444318200884272 ZMB 18
14.51637764 187.8758664 15.2478088008267 DNK 19
103.9681177 -127.7795339 34.860711515510097 NPL 20
-57.00906554 11.8736566 22.136663020574257 TUN 21
166.1880892 -208.8092968 82.479617937764189 BGD 22
230.2761952 67.92805698 16.276737746062985 KGZ 23
-9.333743742 12.22666795 66.584789381892961 EGY 24
-107.9676812 16.97146256 42.35386041920701 DZA 25
-102.8822327 -36.83336154 32.710506560757047 NER 26
190.6910798 13.05080441 40.760695937709116 AFG 27
110.4251581 -93.78318826 36.810586215824081 YEM 28
-115.115037 93.84773648 20.076669064768613 PRT 29
-38.97032727 -155.453013 63.422018311371339 COD 30
122.6019936 -68.54137369 13.020670410425378 KWT 31
-71.86773934 60.41934899 1.1329633457435904 GIB 32
311.8847936 -204.3833538 25.816605213989654 KHM 33
266.7968846 -266.3115731 104.48136402769953 IDN 34
211.0538481 37.19231877 19.974416800942763 TJK 35
-222.0516468 -4.825278412 18.595133539528913 SLE 36
122.1085215 48.79711494 58.098497280179103 TUR 37
168.7439887 132.2746871 19.3284881314313 BLR 38
103.2067365 98.11950168 19.987163229818361 HUN 39
85.78798352 66.20389306 9.0569604257762002 MKD 40
288.9437887 -157.6924242 4.2198916596449774 BRN 41
-49.70725292 -233.6969489 48.747317566996678 ZAF 42
-51.56764086 -63.17411882 26.813465849264972 TCD 43
-16.12839685 84.22483057 1.1508063858912092 SMR 44
-26.93332273 107.3112683 50.468822644874962 FRA 45
28.37257614 -235.5770432 36.514378401015769 MOZ 46
24.1410324 -93.23470968 70.546041612587103 ETH 47
37.56165368 -55.63444751 12.142968576167476 ERI 48
-45.03024768 73.74089412 1.7770982283583625 AND 49
77.62321834 72.44274701 11.238449618691737 BIH 50
-85.53443886 -170.5855502 37.985730249503682 AGO 51
200.5855864 171.5847585 14.769275929636084 FIN 52
-18.04016408 -57.84019377 43.500575062320337 SDN 53
243.6229406 -148.7816751 5.565028320431276 BTN 54
264.9172302 -161.9887468 46.332917598525327 MMR 55
294.2078945 103.369622 11.644467007726591 MNG 56
426.0541384 79.4934105 45.13134315363525 KOR 57
-39.49696791 -103.1193948 15.029101654374699 CAF 58
50.53853541 -2.895717655 18.996217189388506 ISR 59
266.0413247 -137.0863912 5.2620541529842972 MAC 60
371.121516 -181.3264917 62.357436562825313 VNM 61
-118.3592425 65.71398594 38.579420067195542 MAR 62
57.82373389 11.54934672 14.511818404630572 LBN 63
84.68383383 -66.99194212 38.121459497544961 SAU 64
144.7469884 -3.749347869 59.22384170286221 IRN 65
51.94775327 -67.78349442 6.6859618848297169 DJI 66
170.6712433 146.4757522 10.340522835179389 LTU 67
252.2621982 120.190868 75.375622048486363 RUS 68
-15.05761915 -224.3137687 25.603029953893035 ZWE 69
-158.6048368 33.30806484 13.83031670550182 MRT 70
-44.57818909 -203.9516022 10.258426419874205 BWA 71
108.7068023 -69.60833319 10.336581335956653 QAT 72
-218.9187502 9.152476142 10.444430594358346 GMB 73
114.4023927 -354.1318386 237.05012914518309 IND 74
-59.69216206 -91.17323132 33.567875577731229 CMR 75
-16.46039437 45.67543699 0.14273996463758234 VAT 76
-223.267673 -20.80559415 14.598607327398124 LBR 77
-184.4601708 -59.74991633 36.635262367418953 GHA 78
127.4020952 93.87651098 27.972298945107518 ROU 79
160.8585064 104.5149579 38.017095393994964 UKR 80
-2.161389103 -191.5558674 22.819205598105199 BDI 81
55.13480163 -140.5203437 46.5542406551113 KEN 82
-200.9935627 -2.16510361 23.625512441898575 GIN 83
18.25152252 -205.7648095 28.693573347859068 MWI 84
75.51192254 95.12670566 9.130896023358769 SVN 85
-2.426562062 -207.2397211 9.5742239410731038 LSO 86
-201.6860841 -30.48418593 33.699632998247999 CIV 87
71.06009602 -95.17596382 26.714119015999053 SOM 88
-9.620707701 -121.6752956 20.88447149161146 SSD 89
336.147118 -232.0353545 7.3160324182542684 TLS 90
55.89073476 115.1961994 1.2443781621195815 LIE 91
-33.02949461 142.5994843 21.43952368190336 BEL 92
-61.03255027 -124.3778837 15.498300193355377 COG 93
53.09977154 -188.8853463 51.503024119408458 TZA 94
81.1590421 135.1280218 20.317769221632126 CZE 95
282.3415089 -198.1129796 36.735232949191008 MYS 96
109.124441 116.5613573 15.098083179099644 SVK 97
12.28596023 -148.4902249 43.713866559415592 UGA 98
359.4035623 111.9300462 32.078087891570178 PRK 99
-10.54003324 129.8524078 5.0748022272783357 LUX 100
-153.927774 -57.40104254 23.22454234302446 BEN 101
84.43826973 51.78420234 20.168303373972602 GRC 102
40.11558655 123.4401469 18.601158916192968 CHE 103
-197.6061004 24.57155964 26.432728327444451 SEN 104
60.94100053 -19.2321005 21.116832849381122 JOR 105
-38.98069647 166.806287 26.324593283299887 NLD 106
133.5582084 -79.9757814 13.515899445744749 OMN 107
27.80571193 64.91136597 48.120519234662289 ITA 108
294.1947613 -172.7600202 17.328067322333666 LAO 109
163.6730445 62.8764042 10.453205380069374 ARM 110
-4.220669324 80.68421513 1.1942482260115264 MCO 111
138.537315 -61.68551653 19.347453128436602 ARE 112
71.45775608 14.83458922 14.534966062107987 PSE 113
188.8769469 183.9032525 20.43077159041167 SWE 114
140.873614 80.31081356 11.625204021819526 MDA 115
-83.77848734 84.80549351 43.233246755155612 ESP 116
-120.1105721 -107.3968348 93.824250225672941 NGA 117
71.12747505 58.33137695 10.55503888936032 ALB 118
4.868835955 -238.1627943 6.900410717382937 SWZ 119
172.8453815 83.48992772 12.109364060164401 GEO 120
-65.97741629 -23.90437254 16.460338010442232 LBY 121
329.8499208 -177.590878 20.1571877413366 PNG 122
137.9502461 137.0694962 40.170840382954083 POL 123
75.60211027 111.7110968 18.771797818654669 AUT 124
300.7164143 -157.4356433 17.166224104648915 HKG 125
186.9442013 159.5941437 7.2136660185443509 EST 126
179.5257205 168.6309113 14.673779446007559 NOR 127
73.26811171 65.94469619 4.9631652484305366 MNE 128
115.208829 -42.87197955 42.306690389331351 IRQ 129
-213.4157665 16.87610823 9.1975944702771741 GNB 130
-149.7078565 4.519589813 30.269287604609637 MLI 131
194.5766277 93.73078402 27.770536099467865 KAZ 132
