-0.5068469342 5.950867865 0.569539287494723 HRV 0
4.121827897 5.226528374 0.601040764008565 UZB 1
3.165173339 4.078786072 0.527967802048571 BGR 2
-2.597863886 -0.1066546964 0.1 ESH 3
-1.338752017 -2.660589473 0.526189129496229 GNQ 4
1.797861813 6.047504704 0.608276253029821 SRB 5
-3.599227663 -0.58754758 0.620483682299542 BFA 6
-1.654783409 -4.08148785 0.868187767709264 TGO 7
4.880905276 4.314716242 0.25 TKM 8
5.507835646 6.614938991 0.36486298798316 LVA 9
-0.8972000704 9.19825088 1.03923048454133 DEU 10
8.975115389 -1.426946726 0.797652806677192 THA 11
4.371485699 3.13543989 0.755397246486903 AZE 12
6.630187782 3.635268953 0.827647267862342 CHN 13
-0.7041050002 -2.824789404 0.207665596572952 GAB 14
7.473222887 1.793865223 1.18874934279687 PAK 15
2.489398854 -3.492060155 1.60857079421454 RWA 16
2.137137717 1.794048834 0.757050196486335 SYR 17
0.07448025826 -4.849244304 0.354436171968945 ZMB 18
0.2339125292 10.610815 0.818153408597679 DNK 19
6.658704226 5.449199957 0.988053642268473 NPL 20
-1.797209126 0.7638876259 0.602598539659697 TUN 21
7.98703736 -4.667801368 2.45305931440721 BGD 22
5.802416971 4.52846125 0.39843443626273 KGZ 23
-0.6325732584 0.5857399507 0.716327439094718 EGY 24
-2.212807935 -0.04379433237 0.294745653063789 DZA 25
-1.569954387 -0.1755700954 0.312249899919919 NER 26
5.587928794 2.790458936 0.541410195692693 AFG 27
3.519882821 -1.286388068 0.543714079273287 YEM 28
-4.920649171 7.564048157 0.711951543294905 PRT 29
-0.0452557569 -2.844943665 0.452078533000627 COD 30
5.734781059 0.6418064233 1.04672107077291 KWT 31
-10.50259728 2.511940766 4.66596720948614 GIB 32
9.611402837 -0.2156709936 0.659545297913642 KHM 33
10.0122348 -2.552069561 0.818153408597679 IDN 34
5.377326478 3.769328213 0.575543221661065 TJK 35
-5.139156318 -3.218119207 0.742882897905183 SLE 36
3.124876351 2.752612963 0.704450140180269 TUR 37
4.835611429 6.312535687 0.460298815988048 BLR 38
0.6307743372 6.202877299 0.709753478328921 HUN 39
2.312986169 4.650125177 0.611861912526018 MKD 40
11.19993568 -0.4284181187 0.623498195666993 BRN 41
-0.1953439188 -6.337030326 0.474999999999999 ZAF 42
-0.6815933372 -0.6683882553 0.25617376914899 TCD 43
-5.329160549 4.732238856 1.59354165304832 SMR 44
-4.780552868 8.869079727 0.731864058415221 FRA 45
0.5313598169 -5.516868261 0.441588043316392 MOZ 46
0.7359640783 0.006898505002 0.712390342438749 ETH 47
1.293960959 0.823930981 0.374165738677394 ERI 48
-6.226776159 8.160692008 0.878564169540279 AND 49
0.561092362 7.310544744 0.532681893816562 BIH 50
-0.7140604338 -3.414328099 0.36486298798316 AGO 51
5.447375397 5.044504056 0.287228132326901 FIN 52
-0.2623887727 -0.3248267396 0.341869858279433 SDN 53
6.284324546 2.402014381 0.306186217847897 BTN 54
8.00343325 0.2049344296 0.615426681254559 MMR 55
5.584853165 5.385742739 0.1 MNG 56
10.7707361 3.793082636 1.55020159979274 KOR 57
-0.34809316 -1.039678071 0.204633819296811 CAF 58
-3.016824515 2.339921072 1.3856406460551 ISR 59
12.29958147 13.85720855 9.84543041212518 MAC 60
9.888109503 1.451785127 1.19530330878819 VNM 61
-2.883488788 0.5536981875 0.619475584668192 MAR 62
-2.537718763 4.933667475 1.53948043183406 LBN 63
3.480292434 -0.09930024953 0.279508497187473 SAU 64
5.067784009 1.981159501 0.498748433581499 IRN 65
1.695973233 -0.5250925816 0.471036092035419 DJI 66
4.885331802 7.203516688 0.443705983732471 LTU 67
5.37180068 5.596361341 0.2 RUS 68
-0.3194153671 -5.527705883 0.441588043316392 ZWE 69
-2.836093615 -0.1358458856 0.145773797371132 MRT 70
-0.352112962 -5.004041677 0.145773797371132 BWA 71
4.71687024 -2.138835561 1.03471010432874 QAT 72
-6.315073094 -0.5087199307 1.11411399775786 GMB 73
6.888407104 -1.293223679 1.47521184919319 IND 74
-0.5159604951 -1.690148412 0.523808170993923 CMR 75
-8.918352197 9.090063991 2.3090853167434 VAT 76
-4.136946671 -3.959959704 0.504975246918103 LBR 77
-2.617591594 -2.915886642 0.824242076091723 GHA 78
2.884828953 5.596550545 0.625999201277443 ROU 79
3.850951004 6.237324631 0.536190264738177 UKR 80
-1.979239902 -6.19730969 1.52807067899361 BDI 81
2.403773548 -1.382827877 0.662382064974585 KEN 82
-4.536971227 -2.12937078 0.511126207506521 GIN 83
1.92998201 -5.756738216 1.00280855600658 MWI 84
-1.344342901 6.702967083 0.690561365846654 SVN 85
0.0886724234 -7.288808298 0.589491306127578 LSO 86
-3.926085507 -2.95796187 0.641287766919031 CIV 87
2.638909506 -0.4878024808 0.362284418654735 SOM 88
0.05067907573 -0.8130507244 0.281735691739615 SSD 89
11.30923364 -3.154557871 0.643719659479185 TLS 90
-2.762499234 9.018229928 1.058595767987 LIE 91
-4.47202647 12.40019302 1.32216678221773 BEL 92
-0.5419801826 -2.412258465 0.285043856274784 COG 93
0.5231977908 -4.117518789 0.587367006223534 TZA 94
0.6778138435 8.481481885 0.784617741323759 CZE 95
10.29985333 -1.221527624 0.687840824609879 MYS 96
1.709632467 7.470036422 0.731436941916391 SVK 97
0.8868055122 -1.742317715 1.04761634198784 UGA 98
8.186752739 4.335154279 0.991841721243868 PRK 99
-5.860154364 10.51678842 1.07325439668328 LUX 100
-3.456727949 -1.796308583 0.742041103982792 BEN 101
2.207990817 3.558580931 0.602598539659697 GRC 102
-4.010002274 10.37421687 1.00405428140116 CHE 103
-4.651988821 -1.003430982 0.646625857818875 SEN 104
2.271322465 0.4452326537 0.760345316287276 JOR 105
-1.961830124 11.42607902 1.53948043183406 NLD 106
3.406711232 -0.5765009456 0.261007662722763 OMN 107
-2.873481575 7.227701543 0.949670995661126 ITA 108
8.852930519 0.4889651176 0.387298334620741 LAO 109
4.018152445 1.916993672 0.664736790015413 ARM 110
-10.94771132 19.04700818 9.06611134941543 MCO 111
4.466841105 -0.3839740205 0.779021822544141 ARE 112
-0.04607728322 2.953285077 2.01013059277251 PSE 113
4.896136066 4.890897458 0.343693177121688 SWE 114
2.762546571 6.763806641 0.687840824609879 MDA 115
-5.77796077 6.692990717 0.656220237420332 ESP 116
-1.886023852 -1.355366209 1.05504739230046 NGA 117
1.213614023 5.013148632 0.6841966091702 ALB 118
0.7341291447 -6.484955859 0.564579489531811 SWZ 119
4.079639454 4.216154258 0.4930770730829 GEO 120
-1.123897862 -0.1118315617 0.13228756555323 LBY 121
10.49472606 -3.453888398 0.321130814466628 PNG 122
3.812625407 7.54758205 0.779021822544141 POL 123
-0.5601697311 7.667871725 0.701338006955277 AUT 124
16.83482689 -0.4203050671 5.68451844926198 HKG 125
5.613196677 7.266643057 0.374165738677394 EST 126
4.992248542 5.422462952 0.261007662722763 NOR 127
0.1288963755 5.286753993 0.459619407771255 MNE 128
3.51115604 0.8189266689 0.689202437604508 IRQ 129
-5.531560269 -1.872192307 0.588430114796991 GNB 130
-2.771954213 -0.523134336 0.293683503111768 MLI 131
5.297787836 4.647588104 0.182002747232013 KAZ 132
