-4.11465271 89.39686895 12.557061120706921 HRV 0
109.4240154 89.83889739 37.190267079057826 UZB 1
16.92911156 67.74281026 16.219054210516582 BGR 2
-98.29404768 38.83495757 4.8067563876665504 ESH 3
-49.26893093 -62.70892903 8.2122012116535252 GNQ 4
10.79301602 76.70493058 16.768756670155742 SRB 5
-94.37193439 10.8219901 30.241677316167273 BFA 6
-83.0586669 -33.8990482 18.870849556599598 TGO 7
87.22054604 74.88435699 16.009163623128554 TKM 8
77.49404508 159.4763206 8.4843270967260729 LVA 9
-23.94935715 128.996254 57.238547839388026 DEU 10
212.2211057 -64.64093806 53.143183431408069 THA 11
91.70293114 96.49442626 20.237889446289813 AZE 12
215.3057025 62.1195758 236.80474093456917 CHN 13
-49.37108813 -68.90767569 9.789922219419763 GAB 14
126.8180123 -3.199419296 97.25798843362314 PAK 15
12.9728956 -68.52510071 23.545605091055275 RWA 16
38.27289442 46.91605173 30.225840536078788 SYR 17
-0.2895529606 -96.94375937 28.444318200884272 ZMB 18
-4.81543514 143.5786778 15.2478088008267 DNK 19
169.0889889 -15.41001838 34.860711515510097 NPL 20
-39.82370839 51.13349453 22.136663020574257 TUN 21
168.749701 -54.24855957 82.479617937764189 BGD 22
125.6559514 82.98899455 16.276737746062985 KGZ 23
-4.607514495 28.9223714 66.584789381892961 EGY 24
-70.33866486 48.87981602 42.35386041920701 DZA 25
-49.35314693 33.95967433 32.710506560757047 NER 26
108.710368 54.39824701 40.760695937709116 AFG 27
76.92755982 -17.68894938 36.810586215824081 YEM 28
-90.77437742 73.07813663 20.076669064768613 PRT 29
-15.54773758 -70.87162384 63.422018311371339 COD 30
78.33993023 7.412588972 13.020670410425378 KWT 31
-64.79501211 62.6294175 1.1329633457435904 GIB 32
236.0857297 -74.9591832 25.816605213989654 KHM 33
226.128707 -139.3364867 104.48136402769953 IDN 34
120.9904523 71.96692915 19.974416800942763 TJK 35
-136.7060178 -20.71119002 18.595133539528913 SLE 36
39.94224131 76.04906975 58.098497280179103 TUR 37
76.89731174 143.9588739 19.3284881314313 BLR 38
23.18280778 106.0678226 19.987163229818361 HUN 39
8.052349534 65.49298144 9.0569604257762002 MKD 40
226.4887406 -52.16009343 4.2198916596449774 BRN 41
-9.725784217 -130.2537944 48.747317566996678 ZAF 42
-8.652605556 -1.839802844 26.813465849264972 TCD 43
-22.5752615 85.63922589 1.1508063858912092 SMR 44
-50.32861878 100.7186158 50.468822644874962 FRA 45
27.56271962 -117.4520496 36.514378401015769 MOZ 46
43.76276579 -30.07097992 70.546041612587103 ETH 47
46.12967799 -2.20074075 12.142968576167476 ERI 48
-43.02197162 69.1260983 1.7770982283583625 AND 49
1.985664255 82.08148481 11.238449618691737 BIH 50
-22.60735576 -103.8938212 37.985730249503682 AGO 51
91.28651789 164.5170657 14.769275929636084 FIN 52
16.27839069 -0.7868275735 43.500575062320337 SDN 53
183.3016748 -13.28851999 5.565028320431276 BTN 54
219.3067314 -32.5878081 46.332917598525327 MMR 55
185.9196295 138.4674124 11.644467007726591 MNG 56
308.8130627 70.3601032 45.13134315363525 KOR 57
-22.25526096 -41.40471401 15.029101654374699 CAF 58
23.68585798 29.74191074 18.996217189388506 ISR 59
226.6534304 -17.27209237 5.2620541529842972 MAC 60
255.8249228 -53.51473537 62.357436562825313 VNM 61
-96.71489684 53.12825663 38.579420067195542 MAR 62
20.07325036 44.4132678 14.511818404630572 LBN 63
62.19168683 2.547084931 38.121459497544961 SAU 64
85.87960596 30.637584 59.22384170286221 IRN 65
62.0552774 -12.21396494 6.6859618848297169 DJI 66
74.98067954 153.5383427 10.340522835179389 LTU 67
160.6065365 152.0636101 75.375622048486363 RUS 68
7.590860173 -112.9286565 25.603029953893035 ZWE 69
-104.1696049 28.15409239 13.83031670550182 MRT 70
-3.722143114 -109.4643461 10.258426419874205 BWA 71
78.49741817 -0.9637184042 10.336581335956653 QAT 72
-138.8322266 1.855343627 10.444430594358346 GMB 73
112.5106917 -147.4545789 237.05012914518309 IND 74
-43.04925287 -49.33654904 33.567875577731229 CMR 75
-24.02637301 43.02238407 0.14273996463758234 VAT 76
-128.2507906 -39.55456971 14.598607327398124 LBR 77
-97.12124681 -22.17425755 36.635262367418953 GHA 78
38.98925623 105.8081263 27.972298945107518 ROU 79
78.0277238 124.8705885 38.017095393994964 UKR 80
9.97571174 -83.49608106 22.819205598105199 BDI 81
65.40165351 -62.14079225 46.5542406551113 KEN 82
-125.8005512 -7.870183649 23.625512441898575 GIN 83
19.4367814 -97.57313541 28.693573347859068 MWI 84
-5.484466023 101.0152046 9.130896023358769 SVN 85
13.00986147 -123.3587056 9.5742239410731038 LSO 86
-120.0562601 -25.91368783 33.699632998247999 CIV 87
82.14972995 -38.03138095 26.714119015999053 SOM 88
9.387245868 -24.69123754 20.88447149161146 SSD 89
262.6240853 -134.123121 7.3160324182542684 TLS 90
-22.38389765 96.63414368 1.2443781621195815 LIE 91
-52.02342175 124.4673936 21.43952368190336 BEL 92
-41.06030335 -65.38651034 15.498300193355377 COG 93
37.26457478 -77.99211164 51.503024119408458 TZA 94
5.481218847 111.7324483 20.317769221632126 CZE 95
221.5234014 -92.76256237 36.735232949191008 MYS 96
25.31697219 118.3734701 15.098083179099644 SVK 97
9.893776666 -46.48456097 43.713866559415592 UGA 98
266.4100877 134.833443 32.078087891570178 PRK 99
-33.78601156 108.5752665 5.0748022272783357 LUX 100
-87.06513289 -5.21034823 23.22454234302446 BEN 101
9.074107838 55.91850047 20.168303373972602 GRC 102
-29.40620357 91.63897481 18.601158916192968 CHE 103
-130.0248655 12.23359883 26.432728327444451 SEN 104
33.77574016 15.5738284 21.116832849381122 JOR 105
-49.1306811 140.2587947 26.324593283299887 NLD 106
90.2030087 -7.735451292 13.515899445744749 OMN 107
-26.09609302 69.79384084 48.120519234662289 ITA 108
240.6776784 -32.06808155 17.328067322333666 LAO 109
82.61460381 87.37792362 10.453205380069374 ARM 110
-9.846142266 69.14758115 1.1942482260115264 MCO 111
88.1059665 3.109163592 19.347453128436602 ARE 112
34.35647908 32.62840294 14.534966062107987 PSE 113
80.7245227 170.9836844 20.43077159041167 SWE 114
50.84474723 100.359348 11.625204021819526 MDA 115
-70.23570094 77.08518534 43.233246755155612 ESP 116
-48.41573393 -7.730438145 93.824250225672941 NGA 117
1.612442651 63.90406741 10.55503888936032 ALB 118
16.97422732 -127.1392724 6.900410717382937 SWZ 119
84.48622398 109.6025561 12.109364060164401 GEO 120
-31.32438908 35.0099611 16.460338010442232 LBY 121
258.0657476 -113.4224514 20.1571877413366 PNG 122
46.27592289 136.5140913 40.170840382954083 POL 123
-7.48687401 109.9881982 18.771797818654669 AUT 124
236.363679 -19.49446457 17.166224104648915 HKG 125
82.28544258 161.9845882 7.2136660185443509 EST 126
71.42158609 164.1041417 14.673779446007559 NOR 127
0.7743114244 75.98109723 4.9631652484305366 MNE 128
52.55945654 27.67381596 42.306690389331351 IRQ 129
-132.4328935 0.7408316417 9.1975944702771741 GNB 130
-89.7308546 30.21747391 30.269287604609637 MLI 131
104.2115254 115.2284165 27.770536099467865 KAZ 132
