-43.62776685 1.097999441 4.7472542821757884 ECU 0
-16.87584213 12.95778675 0.87865139884746146 SUR 1
-8.797977576 -4.013837389 16.374576927854349 BRA 2
-21.9552445 -28.83433187 7.5305872859570888 ARG 3
-54.83589257 13.06986931 2.9546166451499345 NIC 4
-68.42607691 24.73171249 0.71337910523848391 BLZ 5
-28.34669198 -16.99621432 3.9176719172431178 BOL 6
-61.20838145 16.49370145 3.6227725255447951 HND 7
-21.65730766 -18.39252866 2.9155880831169001 PRY 8
-87.48181267 101.085737 6.9315283928660048 CAN 9
-14.09256515 -23.33994805 2.0592961534022747 URY 10
-67.01853019 11.98897636 2.8081764469030146 SLV 11
-80.76947228 33.86732284 12.615243031416425 MEX 12
-50.19000121 8.585187184 2.5411245245006104 CRI 13
-44.44608759 8.866384726 2.3528189967205462 PAN 14
-70.59245396 19.26332252 4.7343943900960257 GTM 15
-23.3433298 17.85690401 5.9773144476431224 VEN 16
-35.2020439 -22.59308603 4.9314512791066454 CHL 17
-35.21503713 -9.131596258 6.5237829189637537 PER 18
-84.19395252 70.0620559 20.523724091066036 USA 19
-32.3643124 7.137207214 8.0329855948055844 COL 20
-15.49031373 13.71980759 0.6220745687835374 GUF 21
-18.72783356 12.61874305 1.0040882470144172 GUY 22
