-8.259238155 111.7329499 10.6517596039178 HRV 0
77.32167495 96.34179732 11.2409132626055 UZB 1
59.07098909 76.82156095 9.87427246813477 BGR 2
-49.07993283 -2.939103305 1.87024141052192 ESH 3
-25.01510309 -50.20978661 9.84100699750328 GNQ 4
33.48013238 111.6384623 11.3762343745348 SRB 5
-67.7358777 -10.9429073 11.6045427718973 BFA 6
-31.51206519 -76.90186952 16.2372071527845 TGO 7
89.46818556 78.78332217 4.67560352630479 TKM 8
102.3722476 124.1340648 6.82381869292867 LVA 9
-19.02267735 170.6421663 19.4361188726595 DEU 10
168.9160815 -27.88671839 14.9180331026672 THA 11
80.37807931 58.85646549 14.1277521177404 AZE 12
122.3020009 66.63869482 15.4790019366148 CHN 13
-13.19023391 -53.08361915 3.88384798251473 GAB 14
139.1861457 33.79713807 22.2324824762943 PAK 15
42.44116744 -62.226658 30.0841571109616 RWA 16
41.81527706 33.19877983 14.158666273125 SYR 17
1.242716328 -91.08253703 6.62881206203189 ZMB 18
15.11803734 184.4774318 15.3014438491904 DNK 19
122.4015281 100.5854987 18.4789883758751 NPL 20
-29.68800358 18.75180886 11.270047427916 TUN 21
142.0314677 -99.68575205 45.8781311227088 BGD 22
107.7226903 83.47639733 7.45168582076514 KGZ 23
-8.848493241 13.4269559 13.3970524008806 EGY 24
-38.88519977 2.115806981 5.51245525931226 DZA 25
-25.35201273 2.532926676 5.83982693261558 NER 26
105.2322204 50.82407516 10.1256776806325 AFG 27
65.25469937 -24.6931802 10.168765865407 YEM 28
-122.4489988 67.0277712 13.3152125855512 PRT 29
-0.9758716219 -52.96681795 8.45495993225773 COD 30
108.0606858 10.83836308 19.5762109182535 KWT 31
-233.3412703 -53.49373665 87.2648509531839 GIB 32
180.5624896 -4.278708043 12.3350892827311 KHM 33
187.4819604 -47.02706792 15.3014438491904 IDN 34
99.213065 69.55211732 10.7640476669572 TJK 35
-96.45093348 -59.8808434 13.893703588308 SLE 36
57.88240746 50.85880602 13.1749182381311 TUR 37
89.39653041 118.8271274 8.60869906875057 BLR 38
12.29061868 116.405687 13.2741034643272 HUN 39
42.14599596 86.59646249 11.443294863273 MKD 40
209.0343778 -8.495921415 11.6609214492211 BRN 41
-3.861993985 -118.8141114 8.8836466999791 ZAF 42
-11.66424793 -11.93949117 4.79106791351923 TCD 43
-95.58227473 153.790399 29.8030758892253 SMR 44
-79.11947245 117.495052 13.6876246892078 FRA 45
8.373520418 -102.1984339 8.25876245001663 MOZ 46
13.53404111 1.623140514 13.3234191888484 ETH 47
25.10772089 15.04265853 6.99780258872985 ERI 48
-95.13784695 40.39089962 16.4312709167503 AND 49
11.1886416 136.4667727 9.96243736450974 BIH 50
-13.73476087 -63.95782738 6.82381869292867 AGO 51
102.2004152 93.30990529 5.3718594734464 FIN 52
-4.91674272 -3.460916869 6.39379165963456 SDN 53
117.5674306 44.6164571 5.72642143950222 BTN 54
149.1775774 4.757744023 11.5099646442235 MMR 55
104.6156909 100.81867 1.87024141052192 MNG 56
238.428734 22.84388923 28.9925122658972 KOR 57
-6.287732773 -19.85048596 3.82714642842155 CAF 58
-58.14692424 44.60957327 25.9148251635459 ISR 59
456.6876352 22.78262036 184.133316611684 MAC 60
188.9834717 27.50830111 22.3550574622954 VNM 61
-54.03344517 12.00425905 11.5856889125373 MAR 62
-46.59871727 90.63825727 28.7920005430423 LBN 63
58.62118887 -2.882984261 5.22748366032762 SAU 64
95.42905271 37.15867886 9.32779973917061 IRN 65
31.86731718 -8.512489987 8.80951205175054 DJI 66
90.7410923 136.5802098 8.29837304872832 LTU 67
99.90976316 104.8321216 3.74048282104383 RUS 68
-5.844793313 -103.9846168 8.25876245001663 ZWE 69
-53.19149683 -2.542989183 2.72632192412523 MRT 70
-6.476568515 -93.51795723 2.72632192412523 BWA 71
88.35276746 -40.66611599 19.3515768500107 QAT 72
-129.8211489 -44.05416919 20.8366213464887 GMB 73
127.7421078 -26.0493008 27.5900228965372 IND 74
-10.48342227 -31.07599685 9.79647732562582 CMR 75
-147.5506528 20.98796284 43.1854697980164 VAT 76
-76.82157229 -74.07670032 9.44425618074768 LBR 77
-48.01710882 -54.54961621 15.415316630013 GHA 78
52.25263265 103.9930743 11.7076962918272 ROU 79
70.6926331 115.7619153 10.0280523703205 UKR 80
-37.49095792 -115.7252993 28.578610620582 BDI 81
42.69392165 -25.13092637 12.3881436750249 KEN 82
-84.54855616 -39.91644736 9.55929399281715 GIN 83
35.9721935 -106.9210016 18.7549408826919 MWI 84
-25.23802306 125.5931809 12.9151646291299 SVN 85
2.040127476 -135.2089293 11.0249105186245 LSO 86
-73.5782283 -55.35487923 11.993629377531 CIV 87
49.24113446 -9.762843894 6.77559322154946 SOM 88
-0.676295942 -12.6928309 5.26913757513467 SSD 89
211.4943397 -59.87908418 12.0391116392504 TLS 90
-54.00322711 166.6617545 19.7982964229255 LIE 91
-129.2252036 120.1289898 24.7277106772012 BEL 92
-9.867566482 -44.75876383 5.33100823819959 COG 93
9.138506373 -77.83049008 10.9851809821354 TZA 94
12.20802841 158.1501772 14.6742459125387 CZE 95
192.6144713 -22.89414448 12.8642839403294 MYS 96
31.78447464 140.215388 13.6796365795755 SVK 97
14.94223976 -28.31811156 19.5929546512516 UGA 98
158.9015564 81.21515197 18.5498345975362 PRK 99
-109.2310249 195.9712942 20.0724481670179 LUX 100
-64.82720261 -34.13788274 13.8779600097802 BEN 101
42.56428956 66.29430947 11.270047427916 GRC 102
-75.16863674 193.5852855 18.7782389548828 CHE 103
-87.81279838 -17.11757481 12.0934645640712 SEN 104
43.17839304 8.095490196 14.2202929681685 JOR 105
-20.05018113 213.6362045 28.7920005430423 NLD 106
63.43787655 -10.62549569 4.8814733928765 OMN 107
-52.91419302 133.6716856 17.7611402245702 ITA 108
166.7798729 8.87467335 7.24341383633885 LAO 109
75.14239088 36.43369445 12.4321827178424 ARM 110
-3.822922406 -294.0907945 169.558168780795 MCO 111
81.73555469 -3.105100874 14.5695887222231 ARE 112
-0.1032511205 56.6369037 37.5942947516013 PSE 113
91.97917647 91.44172187 6.42789212366825 SWE 114
51.05058827 125.5415983 12.8642839403294 MDA 115
-96.82827014 65.57409637 12.2729026244603 ESP 116
-35.18624318 -24.55480958 19.7319332314348 NGA 117
21.5745943 94.47065835 12.7961283140879 ALB 118
15.31735763 -121.9862034 10.5589994085372 SWZ 119
75.76184193 78.61276134 9.22173160658582 GEO 120
-19.93386935 -3.184158699 2.47409683194783 LBY 121
195.8914578 -63.64325021 6.00592147410119 PNG 122
70.87664723 139.2443088 14.5695887222231 POL 123
-10.77958575 143.0618807 13.1167138338067 AUT 124
267.0929051 -149.3042019 106.314218026856 HKG 125
103.9789429 136.3098764 6.99780258872985 EST 126
93.42904568 101.1479166 4.8814733928765 NOR 127
3.22785745 97.17114892 8.59599249493361 MNE 128
65.69907556 15.31780705 12.889749390406 IRQ 129
-102.749703 -35.16002207 11.005063678915 GNB 130
-51.4560098 -9.449428577 5.49259049106771 MLI 131
97.01983165 84.55208794 3.40389074702064 KAZ 132
