40.9778638 130.5743291 8.79715863219482 HRV 0
236.9543778 146.8538007 26.0545581424825 UZB 1
83.64503619 131.3946189 11.3626581397136 BGR 2
-183.9215815 7.976989229 3.36749164809655 ESH 3
-81.370042 -147.2114673 5.75325994545701 GNQ 4
61.17584218 129.3317732 11.7477657450257 SRB 5
-181.2306352 -80.13604648 21.1865523386888 BFA 6
-181.5704792 -114.5219238 13.2204387219184 TGO 7
199.8645614 143.9801691 11.2156141160438 TKM 8
177.9477818 227.1768829 5.94390444068542 LVA 9
-10.25860923 184.6696754 40.0998753115268 DEU 10
532.780153 -142.1626776 37.2307668467895 THA 11
162.6821106 136.1962862 14.1781522068286 AZE 12
453.4861679 81.31013269 165.899397226151 CHN 13
-69.17009148 -145.9125519 6.8585712797929 GAB 14
242.4731421 -4.155988598 68.1364806839919 PAK 15
42.71568136 -201.2529321 16.4954539191864 RWA 16
92.61056785 29.25109339 21.1754574921063 SYR 17
5.877691809 -238.4880026 19.9273681152329 ZMB 18
-25.09029575 233.7623419 10.6822282319748 DNK 19
320.8617893 -48.99157918 24.4225305814118 NPL 20
-88.52144031 -9.451257676 15.5083848288595 TUN 21
511.6700313 -232.1473994 57.783129025694 BGD 22
269.6740362 162.8901171 11.4030697621298 KGZ 23
-17.68512518 3.956974992 46.6476151587624 EGY 24
-135.1555704 -6.546367654 29.6720407117543 DZA 25
-130.1240396 -70.10598325 22.9161515093613 NER 26
260.9522332 98.60594322 28.555910071297 AFG 27
175.4649155 -83.41613792 25.788563356651 YEM 28
-158.5912703 87.84339552 14.0652052953378 PRT 29
-9.985160321 -170.3535038 44.4318579399962 COD 30
156.6272153 -6.603202907 9.12195154558496 KWT 31
-125.2058734 53.40805636 0.793725393319377 GIB 32
529.7311375 -88.43714775 18.0864590232582 KHM 33
644.6527965 -255.8230683 73.1969944738171 IDN 34
275.448172 138.2773183 13.9935699519458 TJK 35
-258.637513 -55.25750793 13.0272790712413 SLE 36
112.5861087 89.8286155 40.7023340854059 TUR 37
172.4179984 208.9803301 13.5410487038486 BLR 38
72.94518898 155.8501295 14.0024997768256 HUN 39
73.6465432 116.7565039 6.34507683168612 MKD 40
607.2890248 -156.2871201 2.9563490998189 BRN 41
-16.17252732 -313.5880152 34.1511346810029 ZAF 42
-80.9484947 -75.77616783 18.7848343085586 TCD 43
-5.546456467 135.3688549 0.806225774829855 SMR 44
-60.65547252 121.5026028 35.3571774891605 FRA 45
42.5976792 -306.5745324 25.581047672056 MOZ 46
100.6598204 -91.55396448 49.4227680325576 ETH 47
25.27705777 -61.66823561 8.50705589496155 ERI 48
-85.04627797 92.53122704 1.24498995979887 AND 49
47.60753674 115.3627879 7.87337284776988 BIH 50
-40.92751985 -232.1511701 26.6118394704312 AGO 51
192.3189127 250.5294756 10.3469802357983 FIN 52
-31.87513941 -70.70463253 30.4753999153415 SDN 53
375.390216 -69.55761006 3.89871773792358 BTN 54
467.0858221 -121.8384474 32.4596672811044 MMR 55
292.3246761 183.9393083 8.15781833580523 MNG 56
364.9288135 255.1847448 31.617874691383 KOR 57
-47.99707639 -116.5666605 10.5290075505719 CAF 58
40.4916556 18.91168684 13.3082681067072 ISR 59
549.6023323 -60.89455214 3.68646171823336 MAC 60
589.7000661 -84.61950826 43.6860389598325 VNM 61
-159.744088 43.75998773 27.0277635034792 MAR 62
50.49387321 42.58869148 10.1666120217111 LBN 63
122.5536756 -18.64721985 26.7069279401431 SAU 64
192.5378668 90.71627645 41.4907218544098 IRN 65
44.01036462 -72.1354452 4.68401537145215 DJI 66
163.7618458 227.2534916 7.24430811050993 LTU 67
249.1036584 227.0770645 52.8062496301337 RUS 68
15.51020661 -274.0405253 17.936833611315 ZWE 69
-196.3463763 3.756921722 9.68916921103146 MRT 70
-7.36864818 -264.6515765 7.18679344353238 BWA 71
143.2210795 -44.44430547 7.24154679609267 QAT 72
-250.3927005 5.172281566 7.31710325197068 GMB 73
293.6326997 -232.295071 166.071309984597 IND 74
-81.07862011 -118.1516881 23.5168025037419 CMR 75
-6.146153731 72.4801393 0.1 VAT 76
-256.0200042 -78.20049119 10.2274141404365 LBR 77
-219.4556407 -116.8860577 25.6657359138599 GHA 78
107.3056985 150.8945119 19.5966833928601 ROU 79
144.8661114 179.0274168 26.6338130953869 UKR 80
41.25577285 -233.6024185 15.9865568525559 BDI 81
21.59407035 -102.381401 32.6147206028198 KEN 82
-240.708491 -31.7427135 16.5514349831064 GIN 83
58.16096416 -264.6211504 20.1019899512461 MWI 84
45.90284692 144.9105745 6.39687423668779 SVN 85
15.72959095 -338.5552035 6.7074585350936 LSO 86
-223.7658862 -67.91634559 23.6091084117974 CIV 87
49.0635517 -49.93860062 18.7152344361486 SOM 88
-23.00036658 -113.8250431 14.6311311934518 SSD 89
709.5929012 -299.7408406 5.1254268114958 TLS 90
39.69572437 152.6353064 0.871779788708134 LIE 91
-62.74138079 170.5474165 15.0199866844148 BEL 92
-53.51682108 -138.6935376 10.8577161502776 COG 93
90.27214093 -220.0765548 36.0817128196542 TZA 94
65.93705031 183.9775222 14.234113952052 CZE 95
586.1148932 -175.5081312 25.7357727686581 MYS 96
89.09768912 175.2408246 10.5773342577419 SVK 97
62.21571189 -159.4133856 30.6248265301209 UGA 98
326.6731347 217.8457682 22.4730950249404 PRK 99
-47.04059664 160.5603814 3.55527776692624 LUX 100
-154.0375235 -104.4585408 16.2705254985818 BEN 101
58.28230551 86.51954653 14.129401968944 GRC 102
26.51453178 148.1272913 13.0315002973564 CHE 103
-225.1875977 -0.5227161829 18.5180992545132 SEN 104
70.08563509 1.982659172 14.7939176690963 JOR 105
-83.08537759 196.373621 18.4423425843899 NLD 106
174.4837498 -48.48490142 9.46889645101265 OMN 107
8.580196319 104.7143427 33.7120156620751 ITA 108
500.6067586 -92.47672983 12.1396046064112 LAO 109
151.6065627 117.9525925 7.32325064435187 ARM 110
-28.09375232 106.0212783 0.836660026534076 MCO 111
160.1322764 -31.2664594 13.5543350998859 ARE 112
62.31451378 25.69061822 10.1828286836222 PSE 113
177.3283044 269.2580459 14.3132805464017 SWE 114
134.9923725 146.6663095 8.14432317629893 MDA 115
-114.6961601 81.95686638 30.2881164815509 ESP 116
-140.906628 -183.1421256 65.7308907592161 NGA 117
65.46000287 106.1887758 7.39459261893445 ALB 118
19.54363506 -327.8472347 4.83425278610873 SWZ 119
141.0289708 129.6842166 8.48351342310484 GEO 120
-87.63107922 -36.43479649 11.5316954521007 LBY 121
730.5872307 -260.6060419 14.1216146385603 PNG 122
102.2104036 210.961148 28.1426722256434 POL 123
47.46207908 163.8622112 13.151045585808 AUT 124
430.4307828 -95.19971076 12.0262213516965 HKG 125
187.8581731 231.9521055 5.0537115073973 EST 126
173.3334758 244.0341902 10.2800778207171 NOR 127
58.69396621 114.317191 3.47706773014274 MNE 128
147.9191071 31.20022389 29.6389945848371 IRQ 129
-248.3278801 -8.747869643 6.44360147743481 GNB 130
-195.8824768 -29.20800974 21.2058954067024 MLI 131
202.4047481 174.5352342 19.4553334589773 KAZ 132
