-45.08691112 2.056954194 4.7472542821757884 ECU 0
-17.33638805 13.61157924 0.87865139884746146 SUR 1
-10.92490504 -2.378844211 16.374576927854349 BRA 2
-23.43299835 -27.78292484 7.5305872859570888 ARG 3
-54.90031583 13.25275688 2.9546166451499345 NIC 4
-68.43999678 24.69275462 0.71337910523848391 BLZ 5
-29.46795043 -15.63946641 3.9176719172431178 BOL 6
-61.18329388 16.55704802 3.6227725255447951 HND 7
-22.89595809 -17.39837511 2.9155880831169001 PRY 8
-87.54322536 101.0616986 6.9315283928660048 CAN 9
-14.75889758 -23.62425042 2.0592961534022747 URY 10
-67.06192894 12.02102905 2.8081764469030146 SLV 11
-80.75857364 33.92757773 12.615243031416425 MEX 12
-51.19404341 8.414184984 2.5411245245006104 CRI 13
-45.53118251 9.265304736 2.3528189967205462 PAN 14
-70.68729223 19.29436796 4.7343943900960257 GTM 15
-24.86149047 19.43965344 5.9773144476431224 VEN 16
-36.63932028 -22.08605302 4.9314512791066454 CHL 17
-37.32324517 -8.537725778 6.5237829189637537 PER 18
-84.18532411 70.00093363 20.523724091066036 USA 19
-33.40542717 7.587375383 8.0329855948055844 COL 20
-15.78736219 13.86253466 0.6220745687835374 GUF 21
-19.41796818 13.36615235 1.0040882470144172 GUY 22
