-44.49086071 -0.9704285164 4.74725428217579 ECU 0
-14.56380324 14.99773572 0.878651398847461 SUR 1
-14.05797019 -2.171021529 16.3745769278543 BRA 2
-26.16146831 -29.04958327 7.53058728595709 ARG 3
-55.22525153 18.55585431 2.95461664514993 NIC 4
-65.84244953 30.96057889 0.713379105238484 BLZ 5
-29.04423319 -15.71794396 3.91767191724312 BOL 6
-60.81407769 22.0252139 3.6227725255448 HND 7
-23.11079478 -19.10750628 2.9155880831169 PRY 8
-77.74725766 108.7508975 6.931528392866 CAN 9
-17.66298205 -24.60396456 2.05929615340227 URY 10
-65.99691727 18.21746447 2.80817644690301 SLV 11
-77.65507403 40.53233047 12.6152430314164 MEX 12
-53.38089565 13.37288274 2.54112452450061 CRI 13
-48.6315715 12.18533977 2.35281899672055 PAN 14
-68.18544527 25.99060604 4.73439439009603 GTM 15
-22.78851254 18.33176563 5.97731444764312 VEN 16
-35.87953546 -21.3373478 4.93145127910665 CHL 17
-37.81078194 -10.04639023 6.52378291896375 PER 18
-77.34578364 77.55606406 20.523724091066 USA 19
-36.0048776 8.510558534 8.03298559480558 COL 20
-13.06315265 14.97859123 0.622074568783537 GUF 21
-16.3548887 15.57786911 1.00408824701442 GUY 22
