-95.61625412 0.1724057339 2.16035532952908 ECU 0
-88.33031773 1.931376693 0.504866933196508 SUR 1
-88.8174334 -0.1221018422 1.28545492556643 BRA 2
-90.11766831 -4.012762768 1.0312657948377 ARG 3
-99.64731131 12.59110734 1.93046021830909 NIC 4
-109.3277526 24.11162369 1.0730342291487 BLZ 5
-90.74180964 -2.286898941 0.854116229664759 BOL 6
-102.615522 15.690186 2.45550026844296 HND 7
-88.89360346 -2.390383488 1.04817291823975 PRY 8
-108.8486874 28.31481885 0.521985903736631 CAN 9
-87.98591242 -4.290845147 1.11717729388826 URY 10
-107.2220438 10.74987904 4.42324003825118 SLV 11
-112.6131986 24.41205942 2.05185035997943 MEX 12
-99.60389762 8.233278556 2.55031478093684 CRI 13
-95.75441345 5.571595379 1.95758745277471 PAN 14
-109.2886917 19.87831123 3.27862054964304 GTM 15
-89.62101439 3.484953579 1.44328501015677 VEN 16
-92.5480831 -3.707617149 1.29567062205629 CHL 17
-92.5154391 -1.159840616 1.30580640067986 PER 18
-109.871661 26.5921637 1.53763787543597 USA 19
-92.19387338 1.783000257 1.72869106232576 COL 20
-87.66764354 1.222792562 0.487146750754583 GUF 21
-89.27843311 1.612577261 0.513497762378277 GUY 22
