-44.84315692 -1.280356158 4.74725428217579 ECU 0
-14.56834142 14.98291147 0.878651398847461 SUR 1
-14.47832594 -2.216797899 16.3745769278543 BRA 2
-26.40316555 -29.2328407 7.53058728595709 ARG 3
-55.22525153 18.55585431 2.95461664514993 NIC 4
-65.84244953 30.96057889 0.713379105238484 BLZ 5
-29.34985701 -15.97815856 3.91767191724312 BOL 6
-60.81407769 22.0252139 3.6227725255448 HND 7
-23.36527141 -19.26855303 2.9155880831169 PRY 8
-77.74725766 108.7508975 6.931528392866 CAN 9
-17.9831431 -24.64879932 2.05929615340227 URY 10
-65.99691727 18.21746447 2.80817644690301 SLV 11
-77.65507403 40.53233047 12.6152430314164 MEX 12
-53.37359521 13.37898385 2.54112452450061 CRI 13
-48.6649838 12.03374262 2.35281899672055 PAN 14
-68.18544527 25.99060604 4.73439439009603 GTM 15
-23.00715672 18.40234767 5.97731444764312 VEN 16
-36.19526924 -21.58587619 4.93145127910665 CHL 17
-38.10756002 -10.29158068 6.52378291896375 PER 18
-77.34578364 77.55606406 20.523724091066 USA 19
-36.42336118 8.29852735 8.03298559480558 COL 20
-13.0653143 14.97802564 0.622074568783537 GUF 21
-16.35392644 15.57410388 1.00408824701442 GUY 22
