-19.65519914 0.06309973185 0.443471156521669 ECU 0
-18.28162078 0.2669840537 0.10363754503432 SUR 1
-18.43060665 -0.06178702823 0.263874268600844 BRA 2
-18.5248593 -0.8262296322 0.211695098702862 ARG 3
-20.4560621 2.335770594 0.396278988891712 NIC 4
-22.19525636 4.558081074 0.220269195573323 BLZ 5
-18.64263514 -0.4531428773 0.175330375978439 BOL 6
-20.98991019 3.061981228 0.504057609876167 HND 7
-18.26080961 -0.5005743425 0.215165741455967 PRY 8
-22.55764684 5.532437041 0.107151675122144 CAN 9
-18.09241088 -0.9033513493 0.229330749339448 URY 10
-22.04004944 2.147110653 0.907989231458415 SLV 11
-22.82197216 4.421999212 0.421197587133886 MEX 12
-20.2079055 1.449750943 0.523520843972877 CRI 13
-19.45392679 0.9176113652 0.401847584889448 PAN 14
-22.00206692 3.69953136 0.673025232040346 GTM 15
-18.39184512 0.7099706626 0.296273147243853 VEN 16
-18.98906173 -0.7583084352 0.26597131563524 CHL 17
-19.02287112 -0.2348871351 0.268051957373663 PER 18
-22.59189494 5.116917298 0.315641615807596 USA 19
-18.93382367 0.3703919943 0.354860431614918 COL 20
-18.08161457 0.2654507727 0.1 GUF 21
-18.48045083 0.3182816447 0.105409255338946 GUY 22
