20.63967916 94.20560337 12.557061120706921 HRV 0
138.7497888 78.53163165 37.190267079057826 UZB 1
37.73015362 78.50089292 16.219054210516582 BGR 2
-131.4342056 46.64444988 4.8067563876665504 ESH 3
-54.78183015 -81.14266011 8.2122012116535252 GNQ 4
32.05334651 90.5151067 16.768756670155742 SRB 5
-132.3610279 -0.2820693171 30.241677316167273 BFA 6
-122.9325808 -43.75244714 18.870849556599598 TGO 7
128.3468099 59.66939421 16.009163623128554 TKM 8
105.1811195 152.9035457 8.4843270967260729 LVA 9
-20.20216555 138.5981028 57.238547839388026 DEU 10
238.1818968 -141.5096305 53.143183431408069 THA 11
115.2387739 66.8584184 20.237889446289813 AZE 12
241.3162353 12.83908501 236.80474093456917 CHN 13
-50.68736693 -88.56701681 9.789922219419763 GAB 14
167.4425479 -99.60821047 97.25798843362314 PAK 15
26.77697998 -136.0411493 23.545605091055275 RWA 16
60.40109724 43.16089693 30.225840536078788 SYR 17
-8.652096889 -158.2452742 28.444318200884272 ZMB 18
4.545236562 154.1952726 15.2478088008267 DNK 19
108.9680341 -123.7820011 34.860711515510097 NPL 20
-50.15352832 46.18122113 22.136663020574257 TUN 21
171.5383282 -173.0480501 82.479617937764189 BGD 22
163.2465883 87.135024 16.276737746062985 KGZ 23
4.847019018 13.36064383 66.584789381892961 EGY 24
-84.42668182 43.05400637 42.35386041920701 DZA 25
-70.18792118 8.90805569 32.710506560757047 NER 26
130.3272536 25.80357459 40.760695937709116 AFG 27
73.64230986 -46.7599479 36.810586215824081 YEM 28
-111.8834598 82.17278841 20.076669064768613 PRT 29
-8.159837458 -120.0633043 63.422018311371339 COD 30
75.77183148 -5.268962019 13.020670410425378 KWT 31
-72.74633923 59.35856988 1.1329633457435904 GIB 32
297.530102 -118.7690161 25.816605213989654 KHM 33
277.2670546 -194.0735043 104.48136402769953 IDN 34
149.2088393 57.71312578 19.974416800942763 TJK 35
-185.8661795 -16.62305005 18.595133539528913 SLE 36
67.56232654 78.09768885 58.098497280179103 TUR 37
99.9591019 127.8916058 19.3284881314313 BLR 38
41.238649 106.9361646 19.987163229818361 HUN 39
28.41479638 68.53311946 9.0569604257762002 MKD 40
278.6830109 -97.4385545 4.2198916596449774 BRN 41
-29.48640111 -190.746588 48.747317566996678 ZAF 42
-30.45079399 -32.48786735 26.813465849264972 TCD 43
-22.88883637 86.47248984 1.1508063858912092 SMR 44
-50.17374905 97.9516266 50.468822644874962 FRA 45
53.78755652 -174.8892824 36.514378401015769 MOZ 46
30.29532164 -63.58621881 70.546041612587103 ETH 47
44.14145357 -31.34993786 12.142968576167476 ERI 48
-46.16217493 74.02517356 1.7770982283583625 AND 49
23.66842526 83.20442484 11.238449618691737 BIH 50
-51.89739912 -133.6715236 37.985730249503682 AGO 51
125.9285062 170.2636609 14.769275929636084 FIN 52
-0.7899730194 -30.03585176 43.500575062320337 SDN 53
206.2181567 -80.44685526 5.565028320431276 BTN 54
259.3242452 -107.4198727 46.332917598525327 MMR 55
218.9225977 109.5212209 11.644467007726591 MNG 56
349.5581397 74.92566928 45.13134315363525 KOR 57
-17.92971378 -72.25600303 15.029101654374699 CAF 58
37.33841642 21.34330458 18.996217189388506 ISR 59
235.5853909 -87.72477589 5.2620541529842972 MAC 60
329.8761366 -104.7141487 62.357436562825313 VNM 61
-118.2334979 59.22120437 38.579420067195542 MAR 62
28.58415139 45.23967108 14.511818404630572 LBN 63
60.86622712 -19.39215786 38.121459497544961 SAU 64
105.0535401 -9.876704138 59.22384170286221 IRN 65
56.16144206 -45.00523674 6.6859618848297169 DJI 66
98.80680725 142.8929235 10.340522835179389 LTU 67
182.1717081 124.7200875 75.375622048486363 RUS 68
4.421911784 -175.8250409 25.603029953893035 ZWE 69
-136.2846702 39.862349 13.83031670550182 MRT 70
-21.36714807 -168.459476 10.258426419874205 BWA 71
80.25473057 -27.45213527 10.336581335956653 QAT 72
-183.7763005 4.502302038 10.444430594358346 GMB 73
123.1349008 -294.4264138 237.05012914518309 IND 74
-37.21008436 -76.09901952 33.567875577731229 CMR 75
-24.72879894 42.66247885 0.14273996463758234 VAT 76
-182.2637555 -36.92354155 14.598607327398124 LBR 77
-138.0385984 -26.74704326 36.635262367418953 GHA 78
63.77332359 113.07254 27.972298945107518 ROU 79
98.8198615 105.0945188 38.017095393994964 UKR 80
11.45260604 -149.678325 22.819205598105199 BDI 81
69.94030674 -101.4387309 46.5542406551113 KEN 82
-170.5012213 -1.921547523 23.625512441898575 GIN 83
28.56218906 -161.4419472 28.693573347859068 MWI 84
17.26988463 102.5077318 9.130896023358769 SVN 85
8.928909589 -162.4500426 9.5742239410731038 LSO 86
-166.2564765 -24.64993595 33.699632998247999 CIV 87
70.87060156 -72.1723827 26.714119015999053 SOM 88
3.925990203 -88.4216523 20.88447149161146 SSD 89
321.0586565 -180.2314157 7.3160324182542684 TLS 90
-3.196163441 106.7774423 1.2443781621195815 LIE 91
-52.87551561 129.6416938 21.43952368190336 BEL 92
-37.08730422 -95.91650473 15.498300193355377 COG 93
57.90431465 -139.722523 51.503024119408458 TZA 94
27.07492651 125.7482872 20.317769221632126 CZE 95
279.2037395 -137.3561994 36.735232949191008 MYS 96
48.43770221 121.2815091 15.098083179099644 SVK 97
33.76769961 -109.9511583 43.713866559415592 UGA 98
288.2360743 109.628809 32.078087891570178 PRK 99
-33.07033316 112.9250044 5.0748022272783357 LUX 100
-113.4164113 -10.41923813 23.22454234302446 BEN 101
19.80368593 56.11621473 20.168303373972602 GRC 102
-21.19849261 108.1879234 18.601158916192968 CHE 103
-172.8760408 23.34689608 26.432728327444451 SEN 104
45.98003739 7.625438587 21.116832849381122 JOR 105
-53.33041889 149.0305473 26.324593283299887 NLD 106
98.81380242 -53.31288946 13.515899445744749 OMN 107
-10.44924197 56.79365204 48.120519234662289 ITA 108
290.7564235 -95.80329521 17.328067322333666 LAO 109
106.6325354 57.73547785 10.453205380069374 ARM 110
-5.579718699 75.68671385 1.1942482260115264 MCO 111
95.30261354 -40.06915957 19.347453128436602 ARE 112
39.04289149 35.22965385 14.534966062107987 PSE 113
114.2677831 178.4441963 20.43077159041167 SWE 114
78.46194129 105.8833409 11.625204021819526 MDA 115
-87.62969809 91.48912702 43.233246755155612 ESP 116
-77.57701172 -43.63787274 93.824250225672941 NGA 117
20.0595954 68.70868642 10.55503888936032 ALB 118
23.73410251 -185.3263431 6.900410717382937 SWZ 119
110.4253214 79.16815942 12.109364060164401 GEO 120
-35.62175322 10.44830385 16.460338010442232 LBY 121
318.7770605 -146.570373 20.1571877413366 PNG 122
71.66369689 143.6154387 40.170840382954083 POL 123
15.47948772 113.8918846 18.771797818654669 AUT 124
278.8335419 -88.74191399 17.166224104648915 HKG 125
112.5230756 162.7710603 7.2136660185443509 EST 126
105.1540939 167.6093466 14.673779446007559 NOR 127
20.3719181 76.72222893 4.9631652484305366 MNE 128
75.26534974 18.36951841 42.306690389331351 IRQ 129
-178.1129874 9.992976398 9.1975944702771741 GNB 130
-127.2883625 24.41707753 30.269287604609637 MLI 131
129.1336245 103.4408301 27.770536099467865 KAZ 132
