-95.59550947 0.1571507872 2.16035532952908 ECU 0
-88.33110853 1.927724535 0.504866933196508 SUR 1
-88.81050873 -0.1321789659 1.28545492556643 BRA 2
-90.10039003 -4.013957045 1.0312657948377 ARG 3
-99.648697 12.59006271 1.93046021830909 NIC 4
-109.3262397 24.11376733 1.0730342291487 BLZ 5
-90.72869356 -2.29392603 0.854116229664759 BOL 6
-102.615522 15.690186 2.45550026844296 HND 7
-88.88424893 -2.397189192 1.04817291823975 PRY 8
-108.8484784 28.31183504 0.521985903736631 CAN 9
-87.96798165 -4.289859521 1.11717729388826 URY 10
-107.2220438 10.74987904 4.42324003825118 SLV 11
-112.6131986 24.41205942 2.05185035997943 MEX 12
-99.60611605 8.235371651 2.55031478093684 CRI 13
-95.75441345 5.571595379 1.95758745277471 PAN 14
-109.29503 19.88794296 3.27862054964304 GTM 15
-89.61360175 3.471578514 1.44328501015677 VEN 16
-92.5480831 -3.707617149 1.29567062205629 CHL 17
-92.49760791 -1.166736514 1.30580640067986 PER 18
-109.8672585 26.59061921 1.53763787543597 USA 19
-92.17634335 1.762530928 1.72869106232576 COL 20
-87.66764354 1.222792562 0.487146750754583 GUF 21
-89.26790776 1.603035069 0.513497762378277 GUY 22
