-7.152014074 -0.155998744 0.7631326725763790 ECU 0
-2.341166794 2.410922496 0.1412453495029798 SUR 1
-2.259852901 -0.348996991 2.6322530689326662 BRA 2
-4.205519663 -4.669791168 1.2105602228175165 ARG 3
-8.877593507 2.982898714 0.4749618122032645 NIC 4
-10.544106020 4.949656533 0.1146774263145803 BLZ 5
-4.668931129 -2.526697722 0.6297752896255032 BOL 6
-9.776010906 3.540606706 0.5823694951280696 HND 7
-3.715116473 -3.07157811 0.4686878759275299 PRY 8
-12.050046514 16.273229145 1.1142600486659602 CAN 9
-2.754886325 -4.152269244 0.3310368654724483 URY 10
-10.647832654 2.992948412 0.4514211941495024 SLV 11
-12.483242030 6.51567071 2.0279310012761704 MEX 12
-8.581108814 2.149723427 0.4084919480746116 CRI 13
-7.817643405 1.958823006 0.3782213764696206 PAN 14
-10.960976174 4.178053138 0.7610654136455232 GTM 15
-3.663308819 2.946875913 0.9608678360428272 VEN 16
-5.767722595 -3.430030558 0.7927427878542074 CHL 17
-6.078175164 -1.614981665 1.0487139719794314 PER 18
-12.462416319 11.889468919 3.2992385673633979 USA 19
-5.787871649 1.368092985 1.2913219729451464 COL 20
-2.099933562 2.407844973 0.1000000000000000 GUF 21
-2.629088138 2.504180349 0.1614096279450723 GUY 22