-0.749952588 92.41975567 28.537990747697954 HRV 0
109.1892143 74.68359264 30.116439969779236 UZB 1
56.74753311 70.34887488 26.454962073330357 BGR 2
-50.33199125 4.347343833 5.010715041841995 ESH 3
-23.44612699 -30.63951525 26.365837860205033 GNQ 4
43.96086071 70.86100989 30.47898970651816 SRB 5
-50.11956421 -9.922013195 31.090669201158288 BFA 6
-34.75811671 -45.62784647 43.502415068040477 TGO 7
96.65527797 69.17233872 12.526787604604987 TKM 8
96.19395201 114.5664028 18.282244620986376 LVA 9
-18.48078784 131.3070336 52.072878208319693 DEU 10
146.3660624 -34.71154041 39.968109165848851 THA 11
95.62908495 81.71914355 37.850803455379669 AZE 12
154.8058437 69.22530405 41.471046144172696 CHN 13
-23.07345085 -42.40945275 10.405531284211813 GAB 14
111.9278273 41.44370381 59.564842129320823 PAK 15
15.20693595 -27.50210591 80.600898744385262 RWA 16
73.62393016 58.91644775 37.933628069635212 SYR 17
-7.767188939 -71.36921201 17.759786582576918 ZMB 18
3.802453211 150.2226053 40.995335909946881 DNK 19
132.2118602 71.78798568 49.508552474614177 NPL 20
-22.59737556 17.59466343 30.19449566864866 TUN 21
136.6514162 0.6640832775 122.91581205230848 BGD 22
124.9670465 85.6493324 19.964414229695002 KGZ 23
-1.427709402 15.7064716 35.893126739560699 EGY 24
-31.55144807 10.54739922 14.768864773242742 DZA 25
-24.66654079 7.499924233 15.645952703424003 NER 26
104.3376908 60.78103723 27.128522113639942 AFG 27
76.93752795 -10.53495063 27.243963154759381 YEM 28
-111.5986125 68.2204506 35.673863070504133 PRT 29
-7.734200627 -30.98207287 22.6523670540011 COD 30
91.52623964 25.31084409 52.448210139348106 KWT 31
-173.2764562 3.715314402 233.79832081313785 GIB 32
162.9966473 -30.55639132 33.047935450320651 KHM 33
163.665596 -56.28956497 40.995335909946881 IDN 34
116.5810416 63.6720981 28.838830780073092 TJK 35
-73.9304419 -35.04257968 37.223745108606629 SLE 36
70.33557664 75.04794782 35.297989136289736 TUR 37
95.88423837 105.1972817 23.064262010133788 BLR 38
48.54440605 84.97574331 35.563724298623939 HUN 39
39.87590125 57.73323701 30.658656886243435 MKD 40
174.6213179 -39.13870223 31.241717875899614 BRN 41
4.217136223 -101.2895394 23.800896448749473 ZAF 42
0.16853971 -2.973554662 12.836137584002028 TCD 43
-30.14649639 83.32970797 79.847831307310187 SMR 44
-76.35857048 99.6016377 36.671622460846834 FRA 45
26.73165463 -91.38720032 22.126718509430216 MOZ 46
32.10436483 -5.202922706 35.695850045208161 ETH 47
40.48798562 3.74433252 18.7483789493274 ERI 48
-68.8121512 83.10176642 44.022346995388965 AND 49
17.68413003 94.89366103 26.691171778635322 BIH 50
-23.66170296 -56.40400682 18.282244620986376 AGO 51
111.1110035 101.2367109 14.392183230905879 FIN 52
12.1435315 1.40627373 17.13012441233149 SDN 53
122.4669407 28.3140348 15.342118873751685 BTN 54
168.1652856 14.86188078 30.837277289131155 MMR 55
130.0708342 97.02046569 5.010715041841995 MNG 56
239.5375246 10.8101182 77.676184739690541 KOR 57
-3.459402983 -13.63623276 10.253617564201088 CAF 58
22.12931466 18.10380262 69.430504277759582 ISR 59
360.4755884 -32.19895995 493.32646259444425 MAC 60
175.6863236 -12.59811119 59.893242689085007 VNM 61
-47.71444706 12.02155938 31.040156301507803 MAR 62
19.74550469 71.6453948 77.138977564123607 LBN 63
66.75806129 1.085248175 14.005374311799255 SAU 64
96.29792492 52.25938151 24.990862782419555 IRN 65
63.62375541 -9.924132068 23.602276316123458 DJI 66
87.09594158 114.13666 22.23284246843593 LTU 67
116.9871809 104.1677974 10.02143008368399 RUS 68
3.154171762 -90.64628091 22.126718509430216 ZWE 69
-51.68430299 1.903184678 7.3043095919396075 MRT 70
-8.401674152 -85.73788465 7.3043095919396075 BWA 71
97.32804466 2.587530935 51.846374837059365 QAT 72
-95.89935598 -29.12682372 55.825077668920258 GMB 73
101.7604642 -26.53759805 73.918662026558764 IND 74
-14.79657362 -22.48444475 26.246534814389989 CMR 75
-51.30757949 44.80696047 115.70168529502678 VAT 76
-70.7091996 -51.90423721 25.302870654904186 LBR 77
-48.59207606 -32.51399982 41.300421687918899 GHA 78
63.22507062 88.2438907 31.367036140219717 ROU 79
104.5525629 94.67566163 26.866966248128421 UKR 80
11.58299205 -62.65341465 76.567267362310048 BDI 81
58.31679277 -34.33736714 33.190077764145322 KEN 82
-67.33783125 -22.54752768 25.611077762325817 GIN 83
38.10256827 -73.06249043 50.247879156700158 MWI 84
0.5637836683 109.8766821 34.602062231627954 SVN 85
14.69009467 -95.45424092 29.537729546485483 LSO 86
-60.86708058 -43.549914 32.133102598504621 CIV 87
69.35376448 -17.36345916 18.15303985978268 SOM 88
19.90174892 -6.729916024 14.116972684234538 SSD 89
180.0345019 -54.52831563 32.254957804817671 TLS 90
-34.80463914 112.8327387 53.043217378827713 LIE 91
-69.67331826 126.7614833 66.25000983482235 BEL 92
-15.36575976 -35.08764586 14.282735382207104 COG 93
36.46152954 -55.17259548 29.431286931659752 TZA 94
19.30883332 117.0812453 39.314959185470592 CZE 95
147.0955396 -52.66223792 34.465743662657282 MYS 96
53.32531357 100.4962724 36.650220870193635 SVK 97
44.40975417 -21.02003133 52.493069628779978 UGA 98
168.7346857 85.77330327 49.698362317631073 PRK 99
-43.57630739 135.1844681 53.777719491839861 LUX 100
-34.77437532 -10.05210103 37.181565213916137 BEN 101
26.79670774 40.00728313 30.19449566864866 GRC 102
-55.0681083 99.25215272 50.310298906426482 CHE 103
-69.98257062 -9.1650139 32.400579122170356 SEN 104
55.04691755 0.9734862102 38.098737133147701 JOR 105
-32.96267454 162.6319434 77.138977564123607 NLD 106
83.85380638 -3.155006674 13.078350216409746 OMN 107
-9.441297951 63.53877444 47.585307427602821 ITA 108
179.7434538 14.28219804 19.406415909645048 LAO 109
86.2556878 68.75754906 33.308066325960112 ARM 110
74.56211623 -215.0767369 454.27700509530524 MCO 111
77.30682642 6.638998846 39.034563641451086 ARE 112
57.71371394 32.11304936 100.72191597272028 PSE 113
105.0163397 104.8904684 17.221485723821072 SWE 114
74.73079527 97.5566296 34.465743662657282 MDA 115
-80.86311381 60.97569916 32.881326144031945 ESP 116
-15.25592412 -4.69965961 52.865418384560847 NGA 117
12.20573552 40.35312447 34.283142411464119 ALB 118
29.28538159 -111.2536077 28.289469405125189 SWZ 119
87.23221599 92.99793235 24.706687068839141 GEO 120
-10.70889555 7.876537716 6.6285529456622623 LBY 121
172.9661169 -65.13513141 16.090950024469048 PNG 122
68.81103731 113.0608342 39.034563641451086 POL 123
-14.9811427 111.8973439 35.142049008662916 AUT 124
225.7400697 -146.2125824 284.83502099345412 HKG 125
95.51003626 122.8625945 18.7483789493274 EST 126
95.81841626 96.77233224 13.078350216409746 NOR 127
7.900394444 52.49701639 23.030218800419412 MNE 128
85.60918764 44.20833669 34.533970209790922 IRQ 129
-79.34493001 -19.45223258 29.484556272860946 GNB 130
-46.91700192 0.5739721089 14.715643465829876 MLI 131
107.9092216 87.31668754 9.1196390321201388 KAZ 132
