-1.446266989 95.06182991 12.557061120706921 HRV 0
112.5537156 89.33443899 37.190267079057826 UZB 1
15.81810517 70.9431986 16.219054210516582 BGR 2
-112.3535147 41.55035732 4.8067563876665504 ESH 3
-55.45907686 -69.74125352 8.2122012116535252 GNQ 4
9.487312024 80.72705655 16.768756670155742 SRB 5
-108.6524657 10.45859502 30.241677316167273 BFA 6
-96.36065259 -37.03788273 18.870849556599598 TGO 7
87.19206174 75.37971674 16.009163623128554 TKM 8
82.4775064 162.108522 8.4843270967260729 LVA 9
-23.33734155 129.6556958 57.238547839388026 DEU 10
210.7714198 -80.84894684 53.143183431408069 THA 11
92.99926986 93.65259173 20.237889446289813 AZE 12
218.1303384 49.34223692 236.80474093456917 CHN 13
-54.2530261 -75.91310406 9.789922219419763 GAB 14
127.8670054 -23.67949216 97.25798843362314 PAK 15
4.842750241 -84.21629367 23.545605091055275 RWA 16
37.49425529 46.9193507 30.225840536078788 SYR 17
-10.54695928 -115.7227102 28.444318200884272 ZMB 18
-3.386228992 145.1560228 15.2478088008267 DNK 19
172.7102837 -33.66324937 34.860711515510097 NPL 20
-47.91807382 54.58464302 22.136663020574257 TUN 21
163.875091 -83.46711395 82.479617937764189 BGD 22
129.9955876 82.75864302 16.276737746062985 KGZ 23
-7.016166313 26.90198153 66.584789381892961 EGY 24
-80.15576254 53.16505488 42.35386041920701 DZA 25
-62.61643217 32.88425353 32.710506560757047 NER 26
109.6507995 40.64375315 40.760695937709116 AFG 27
73.09119198 -33.06722281 36.810586215824081 YEM 28
-96.04007154 72.69684142 20.076669064768613 PRT 29
-25.45731824 -87.35466616 63.422018311371339 COD 30
74.41516168 -7.686892218 13.020670410425378 KWT 31
-67.44436125 61.90012973 1.1329633457435904 GIB 32
242.197891 -75.54069237 25.816605213989654 KHM 33
232.6992505 -154.0572558 104.48136402769953 IDN 34
122.8457892 72.28122099 19.974416800942763 TJK 35
-153.5892229 -17.9949456 18.595133539528913 SLE 36
40.94179886 77.53414269 58.098497280179103 TUR 37
81.34052131 145.522252 19.3284881314313 BLR 38
24.89757069 114.0925382 19.987163229818361 HUN 39
6.795639374 66.73514126 9.0569604257762002 MKD 40
234.7044434 -64.19266364 4.2198916596449774 BRN 41
-18.11464928 -152.1682395 48.747317566996678 ZAF 42
-19.18323117 -6.452029792 26.813465849264972 TCD 43
-22.78636422 85.69354935 1.1508063858912092 SMR 44
-49.9713937 102.1340835 50.468822644874962 FRA 45
26.49102116 -131.9887593 36.514378401015769 MOZ 46
38.47848044 -47.29470172 70.546041612587103 ETH 47
40.7308766 -18.48862351 12.142968576167476 ERI 48
-43.48222847 71.6461513 1.7770982283583625 AND 49
2.021667349 87.27263562 11.238449618691737 BIH 50
-32.82170559 -122.0240488 37.985730249503682 AGO 51
97.23077983 169.7958606 14.769275929636084 FIN 52
5.634730953 -10.00328456 43.500575062320337 SDN 53
186.0961557 -29.08784765 5.565028320431276 BTN 54
225.3958834 -49.19448305 46.332917598525327 MMR 55
191.662606 132.0720022 11.644467007726591 MNG 56
315.5926307 71.74598522 45.13134315363525 KOR 57
-27.36386425 -47.44848717 15.029101654374699 CAF 58
22.79350522 27.10434186 18.996217189388506 ISR 59
234.6524897 -33.72265809 5.2620541529842972 MAC 60
273.5256921 -58.66310759 62.357436562825313 VNM 61
-108.2433673 56.1626604 38.579420067195542 MAR 62
19.94818916 44.46957934 14.511818404630572 LBN 63
57.11218205 -12.18675983 38.121459497544961 SAU 64
86.24895512 14.61069879 59.22384170286221 IRN 65
57.07101882 -27.84076396 6.6859618848297169 DJI 66
79.53664453 155.9263792 10.340522835179389 LTU 67
164.6543826 145.9527885 75.375622048486363 RUS 68
-1.136279521 -132.5576742 25.603029953893035 ZWE 69
-117.8416146 32.26484463 13.83031670550182 MRT 70
-13.127319 -129.0086471 10.258426419874205 BWA 71
76.74697332 -15.56035472 10.336581335956653 QAT 72
-154.9150108 4.33148111 10.444430594358346 GMB 73
108.3083744 -180.992619 237.05012914518309 IND 74
-54.51394855 -55.1329484 33.567875577731229 CMR 75
-24.44331294 43.15547714 0.14273996463758234 VAT 76
-144.1512179 -38.09736376 14.598607327398124 LBR 77
-111.5829312 -25.08812944 36.635262367418953 GHA 78
40.34597375 107.5724058 27.972298945107518 ROU 79
81.96544232 124.457301 38.017095393994964 UKR 80
2.296468756 -100.2167731 22.819205598105199 BDI 81
59.53594619 -82.24891085 46.5542406551113 KEN 82
-141.4852539 -3.884491805 23.625512441898575 GIN 83
9.367099224 -116.8071529 28.693573347859068 MWI 84
-0.5891392902 103.2385228 9.130896023358769 SVN 85
10.73071 -135.7625714 9.5742239410731038 LSO 86
-136.0038004 -23.10096419 33.699632998247999 CIV 87
76.32780706 -55.07561182 26.714119015999053 SOM 88
7.553703157 -39.31352626 20.88447149161146 SSD 89
271.4476951 -147.2196558 7.3160324182542684 TLS 90
-17.59860769 99.75316521 1.2443781621195815 LIE 91
-52.09922531 127.1394405 21.43952368190336 BEL 92
-47.1651316 -70.65268238 15.498300193355377 COG 93
28.26671843 -96.08830739 51.503024119408458 TZA 94
10.62856767 116.7819533 20.317769221632126 CZE 95
230.9667124 -104.8479805 36.735232949191008 MYS 96
28.87617158 125.672721 15.098083179099644 SVK 97
1.103856662 -60.99199213 43.713866559415592 UGA 98
270.4346749 127.0995344 32.078087891570178 PRK 99
-32.11890442 109.7690468 5.0748022272783357 LUX 100
-101.4736442 -6.810792049 23.22454234302446 BEN 101
9.426386557 55.60934325 20.168303373972602 GRC 102
-29.00181349 90.23870264 18.601158916192968 CHE 103
-145.2239569 17.47502197 26.432728327444451 SEN 104
33.01553379 13.80951717 21.116832849381122 JOR 105
-49.60539028 143.5978661 26.324593283299887 NLD 106
88.22009211 -24.15483104 13.515899445744749 OMN 107
-26.71625834 66.97839144 48.120519234662289 ITA 108
248.337781 -46.99038469 17.328067322333666 LAO 109
84.0560793 84.16475902 10.453205380069374 ARM 110
-9.74227258 69.77855493 1.1942482260115264 MCO 111
87.22764577 -12.73384183 19.347453128436602 ARE 112
33.47979199 31.84130641 14.534966062107987 PSE 113
86.88581367 176.4831555 20.43077159041167 SWE 114
53.2421655 101.2995112 11.625204021819526 MDA 115
-76.25564625 82.7359045 43.233246755155612 ESP 116
-60.93508547 -11.20196322 93.824250225672941 NGA 117
1.012000547 63.09117234 10.55503888936032 ALB 118
13.96007854 -140.5212621 6.900410717382937 SWZ 119
86.60075602 106.5479787 12.109364060164401 GEO 120
-35.1528613 33.74226539 16.460338010442232 LBY 121
268.0553091 -123.5609433 20.1571877413366 PNG 122
49.24598565 142.1638931 40.170840382954083 POL 123
-2.44554891 112.7981358 18.771797818654669 AUT 124
243.5073487 -35.96617588 17.166224104648915 HKG 125
86.39257181 165.9307771 7.2136660185443509 EST 126
77.58180152 168.5329607 14.673779446007559 NOR 127
0.4474913034 78.59015857 4.9631652484305366 MNE 128
52.80728662 26.66104278 42.306690389331351 IRQ 129
-148.1586663 5.407107723 9.1975944702771741 GNB 130
-102.515792 31.03716056 30.269287604609637 MLI 131
106.5161199 114.6496007 27.770536099467865 KAZ 132
