-45.05810898 -1.586305292 4.7472542821757884 ECU 0
-14.56663554 14.97773373 0.87865139884746146 SUR 1
-14.91909266 -2.415334702 16.374576927854349 BRA 2
-26.61615583 -29.55756484 7.5305872859570888 ARG 3
-55.22525153 18.55585431 2.9546166451499345 NIC 4
-65.84244953 30.96057889 0.71337910523848391 BLZ 5
-29.58913621 -16.35329666 3.9176719172431178 BOL 6
-60.81407769 22.0252139 3.6227725255447951 HND 7
-23.57364514 -19.59478198 2.9155880831169001 PRY 8
-77.74725766 108.7508975 6.9315283928660048 CAN 9
-18.30584173 -24.73607085 2.0592961534022747 URY 10
-65.99691727 18.21746447 2.8081764469030146 SLV 11
-77.65507403 40.53233047 12.615243031416425 MEX 12
-53.37359521 13.37898385 2.5411245245006104 CRI 13
-48.6649838 12.03374262 2.3528189967205462 PAN 14
-68.18544527 25.99060604 4.7343943900960257 GTM 15
-22.90792968 18.39317982 5.9773144476431224 VEN 16
-36.43836257 -21.91733687 4.9314512791066454 CHL 17
-38.31350618 -10.61662397 6.5237829189637537 PER 18
-77.34578364 77.55606406 20.523724091066036 USA 19
-36.89628648 8.201841518 8.0329855948055844 COL 20
-13.06551323 14.97850596 0.6220745687835374 GUF 21
-16.35334913 15.57349996 1.0040882470144172 GUY 22
