74.26874377 83.43296657 12.557061120706921 HRV 0
204.9886822 64.05423445 37.190267079057826 UZB 1
105.727817 80.83923529 16.219054210516582 BGR 2
-145.3111996 45.34847191 4.8067563876665504 ESH 3
-69.04190194 -109.0467488 8.2122012116535252 GNQ 4
90.09700572 77.89569302 16.768756670155742 SRB 5
-165.2386181 -31.28384231 30.241677316167273 BFA 6
-167.2053607 -80.32771342 18.870849556599598 TGO 7
182.5751865 51.58127999 16.009163623128554 TKM 8
178.0757376 156.2345451 8.4843270967260729 LVA 9
43.41327337 161.0087427 57.238547839388026 DEU 10
233.1502567 -197.9834281 53.143183431408069 THA 11
177.633913 68.34552892 20.237889446289813 AZE 12
320.2228956 -21.52297595 236.80474093456917 CHN 13
-71.15686164 -117.4650939 9.789922219419763 GAB 14
192.1458192 -119.2041855 97.25798843362314 PAK 15
17.53651893 -180.5906457 23.545605091055275 RWA 16
99.77568105 -3.79299786 30.225840536078788 SYR 17
-26.01002022 -200.2417632 28.444318200884272 ZMB 18
14.51637764 187.8758664 15.2478088008267 DNK 19
103.969751 -127.7622458 34.860711515510097 NPL 20
-57.00906554 11.8736566 22.136663020574257 TUN 21
166.1581054 -208.9640754 82.479617937764189 BGD 22
230.4759554 67.92564108 16.276737746062985 KGZ 23
-9.333743742 12.22666795 66.584789381892961 EGY 24
-107.9676812 16.97146256 42.35386041920701 DZA 25
-102.8822327 -36.83336154 32.710506560757047 NER 26
190.6910798 13.05080441 40.760695937709116 AFG 27
110.4212092 -93.81254852 36.810586215824081 YEM 28
-115.1131476 93.83556109 20.076669064768613 PRT 29
-38.85635827 -155.2455306 63.422018311371339 COD 30
122.5891809 -68.48107416 13.020670410425378 KWT 31
-71.86773934 60.41934899 1.1329633457435904 GIB 32
311.8507018 -204.3720669 25.816605213989654 KHM 33
266.7453077 -266.1559755 104.48136402769953 IDN 34
211.232075 37.20811933 19.974416800942763 TJK 35
-222.0543335 -4.841330323 18.595133539528913 SLE 36
122.0656675 48.81149014 58.098497280179103 TUR 37
168.6366175 132.3209553 19.3284881314313 BLR 38
102.9651644 98.07649914 19.987163229818361 HUN 39
85.79024757 66.21153597 9.0569604257762002 MKD 40
288.8994606 -157.6798423 4.2198916596449774 BRN 41
-49.66853929 -233.6873495 48.747317566996678 ZAF 42
-51.50331071 -63.24845276 26.813465849264972 TCD 43
-16.12839685 84.22483057 1.1508063858912092 SMR 44
-26.93332273 107.3112683 50.468822644874962 FRA 45
28.28348986 -235.5834493 36.514378401015769 MOZ 46
24.01575732 -93.18595742 70.546041612587103 ETH 47
37.55743449 -55.64723527 12.142968576167476 ERI 48
-45.03024768 73.74089412 1.7770982283583625 AND 49
77.59599544 72.4485966 11.238449618691737 BIH 50
-85.35001305 -170.380846 37.985730249503682 AGO 51
200.5765418 171.5894626 14.769275929636084 FIN 52
-18.04532482 -57.76623124 43.500575062320337 SDN 53
243.688725 -148.8016049 5.565028320431276 BTN 54
264.9191538 -162.046394 46.332917598525327 MMR 55
294.2078945 103.369622 11.644467007726591 MNG 56
426.0541384 79.4934105 45.13134315363525 KOR 57
-39.51117178 -103.1129104 15.029101654374699 CAF 58
50.56216729 -2.892564008 18.996217189388506 ISR 59
266.0413247 -137.0863912 5.2620541529842972 MAC 60
371.121516 -181.3264917 62.357436562825313 VNM 61
-118.3270025 65.7371523 38.579420067195542 MAR 62
57.83389987 11.53520565 14.511818404630572 LBN 63
84.59361411 -67.21698832 38.121459497544961 SAU 64
144.5838293 -3.374743986 59.22384170286221 IRN 65
51.97827659 -67.75366973 6.6859618848297169 DJI 66
170.5872796 146.4924351 10.340522835179389 LTU 67
252.123 120.0521439 75.375622048486363 RUS 68
-15.06531432 -224.3191109 25.603029953893035 ZWE 69
-158.6048368 33.30806484 13.83031670550182 MRT 70
-44.57996999 -203.9498682 10.258426419874205 BWA 71
108.7068023 -69.60833319 10.336581335956653 QAT 72
-218.9142346 9.158115314 10.444430594358346 GMB 73
114.3430787 -354.0549237 237.05012914518309 IND 74
-59.6913963 -91.20344017 33.567875577731229 CMR 75
-16.46122492 45.67519468 0.14273996463758234 VAT 76
-223.2672733 -20.79998775 14.598607327398124 LBR 77
-184.3941013 -59.81434172 36.635262367418953 GHA 78
127.4178985 93.8667175 27.972298945107518 ROU 79
160.6186318 104.2990848 38.017095393994964 UKR 80
-2.084460997 -191.5905478 22.819205598105199 BDI 81
55.1022437 -140.3230091 46.5542406551113 KEN 82
-200.9935627 -2.16510361 23.625512441898575 GIN 83
18.31009167 -205.7669315 28.693573347859068 MWI 84
75.51192254 95.12670566 9.130896023358769 SVN 85
-2.426562062 -207.2397211 9.5742239410731038 LSO 86
-201.6219 -30.60338741 33.699632998247999 CIV 87
70.8637419 -95.30130369 26.714119015999053 SOM 88
-9.685262977 -121.6057178 20.88447149161146 SSD 89
336.147118 -232.0353545 7.3160324182542684 TLS 90
55.85501143 115.2000913 1.2443781621195815 LIE 91
-33.08001705 142.6004261 21.43952368190336 BEL 92
-61.11691816 -124.3839143 15.498300193355377 COG 93
53.13804194 -188.9671048 51.503024119408458 TZA 94
81.1590421 135.1280218 20.317769221632126 CZE 95
282.3483276 -198.1075139 36.735232949191008 MYS 96
109.0060591 116.8425537 15.098083179099644 SVK 97
12.36776323 -148.5738913 43.713866559415592 UGA 98
359.3353694 112.8552846 32.078087891570178 PRK 99
-10.54121858 129.8513388 5.0748022272783357 LUX 100
-153.8044471 -57.34170154 23.22454234302446 BEN 101
84.44565185 51.78356375 20.168303373972602 GRC 102
40.09946997 123.4460092 18.601158916192968 CHE 103
-197.6061004 24.57155964 26.432728327444451 SEN 104
60.92506536 -19.22296577 21.116832849381122 JOR 105
-38.98069647 166.806287 26.324593283299887 NLD 106
133.5582084 -79.9757814 13.515899445744749 OMN 107
27.8507014 64.69662509 48.120519234662289 ITA 108
294.1989202 -172.7462091 17.328067322333666 LAO 109
163.5376021 62.87310155 10.453205380069374 ARM 110
-4.220669324 80.68421513 1.1942482260115264 MCO 111
138.537315 -61.68551653 19.347453128436602 ARE 112
71.4436162 14.84175549 14.534966062107987 PSE 113
188.8875416 183.8946484 20.43077159041167 SWE 114
140.8686499 80.3167594 11.625204021819526 MDA 115
-83.7912365 84.79871405 43.233246755155612 ESP 116
-120.0903319 -107.3960277 93.824250225672941 NGA 117
71.13111981 58.33125231 10.55503888936032 ALB 118
4.861142393 -238.1153801 6.900410717382937 SWZ 119
172.702815 83.36574401 12.109364060164401 GEO 120
-65.97741629 -23.90437254 16.460338010442232 LBY 121
329.8499208 -177.590878 20.1571877413366 PNG 122
137.8395667 137.0872924 40.170840382954083 POL 123
75.54450936 111.5992748 18.771797818654669 AUT 124
300.7104702 -157.4421219 17.166224104648915 HKG 125
186.9442013 159.5941437 7.2136660185443509 EST 126
179.5257205 168.6309113 14.673779446007559 NOR 127
73.27417526 65.94119782 4.9631652484305366 MNE 128
115.5029819 -42.76263764 42.306690389331351 IRQ 129
-213.4186002 16.87120451 9.1975944702771741 GNB 130
-149.7078565 4.519589813 30.269287604609637 MLI 131
194.7173685 93.64345783 27.770536099467865 KAZ 132
