18.12223349 46.72520835 44.533807217745306 HRV 0
63.85003319 43.83016453 46.996992309527926 UZB 1
22.77880477 40.6307363 41.283221069846888 BGR 2
-11.32824632 26.87932583 7.8192686958681321 ESH 3
15.83537926 1.055672356 41.144141883759261 GNQ 4
19.4753205 42.53247171 47.562754637560218 SRB 5
2.077047747 13.69379654 48.517286333017566 BFA 6
0.5150034367 -0.7669131025 67.885934341846365 TGO 7
56.20451843 35.02807497 19.54817173967033 TKM 8
30.42470659 58.83881197 28.529617402176342 LVA 9
10.45999967 56.42871121 81.260223955657779 DEU 10
98.60393868 10.07838438 62.370616214222537 THA 11
46.78035417 39.52815484 59.066540424000038 AZE 12
106.5195763 37.47372786 64.715963728167878 CHN 13
8.761029318 -4.869013704 16.237930984916545 GAB 14
66.88083892 38.78560453 92.95150523365362 PAK 15
29.68719276 -5.652678165 125.77847256289328 RWA 16
38.37766691 39.81549134 59.195789025863917 SYR 17
30.23688549 -17.84268966 27.714316641600973 ZMB 18
13.34233942 58.40962169 63.973613362656039 DNK 19
82.50487152 21.37369505 77.258569148282902 NPL 20
10.04451128 25.89712131 47.118798973368882 TUN 21
89.90883594 26.75715714 191.81129906251886 BGD 22
70.71796891 46.3959499 31.15465914825036 KGZ 23
26.07205885 24.51315932 56.011567205046987 EGY 24
6.581709597 21.85085225 23.046954582448855 DZA 25
12.2410629 19.19330097 24.415658677317786 NER 26
65.15254584 39.49713024 42.334317948036556 AFG 27
50.16721684 17.224041 42.514464795643661 YEM 28
-6.841925633 38.73882806 55.669404154608429 PRT 29
22.82443559 -0.2190602951 35.349235211658097 COD 30
48.70552811 26.74650635 81.845933020002008 KWT 31
-5.950407827 31.56496275 364.84451337081953 GIB 32
105.4888077 10.32274447 51.571619014831185 KHM 33
122.0170175 -9.102764227 63.973613362656039 IDN 34
71.61104963 34.81314279 45.003270962534728 TJK 35
-16.24504359 4.928563561 58.088009882856824 SLE 36
33.86504856 39.76247242 55.08284928911408 TUR 37
33.10497165 44.07882759 35.992001226004987 BLR 38
19.88424412 48.1700394 55.497531548808638 HUN 39
22.74363625 37.7665322 47.843126988086951 MKD 40
117.632777 -1.182769366 48.752999233091558 BRN 41
23.65658922 -35.65654015 37.141526305373105 ZAF 42
13.8269576 17.0702496 20.030915338092207 TCD 43
15.51504295 45.02536197 124.60330363242798 SMR 44
4.365549302 46.07285441 57.226417215971679 FRA 45
34.52457696 -14.531397 34.528955635735002 MOZ 46
36.40590428 11.9085154 55.703715038700238 ETH 47
37.6035384 25.92668009 29.257024475064838 ERI 48
-1.512341046 42.78969268 68.697293081976909 AND 49
18.37903332 43.09898479 41.651828571755829 BIH 50
21.58464711 -11.13839758 28.529617402176342 AGO 51
40.05997368 63.66252116 22.459139436763884 FIN 52
34.7304816 14.21817761 26.731722809052243 SDN 53
89.1973085 21.69068551 23.941523083243005 BTN 54
96.66178808 22.0894582 48.121865833357347 MMR 55
93.64372275 50.55276227 7.8192686958681321 MNG 56
126.6001447 35.62520048 121.21442841543978 KOR 57
14.53766452 1.941155416 16.000868173434725 CAF 58
32.26444019 27.86465984 108.3469652742113 ISR 59
107.5530846 25.05368299 769.84065818877934 MAC 60
111.1127457 13.66872887 93.463977444750384 VNM 61
-10.55484531 26.67118598 48.438460470505902 MAR 62
32.56234495 36.02080787 120.37611148541555 LBN 63
52.29689794 20.54979824 21.855520422871578 SAU 64
54.54978611 32.63586176 38.998480138170763 IRN 65
46.04371903 1.917388981 36.831577690765926 DJI 66
24.04692232 53.25573278 34.694563087686532 LTU 67
70.38717608 53.6027335 15.638537391736264 RUS 68
28.54741141 -18.11083024 34.528955635735002 ZWE 69
-15.04262754 24.09520823 11.398444904619073 MRT 70
25.41334684 -25.51098192 11.398444904619073 BWA 71
56.03652729 28.24428288 80.906763280762021 QAT 72
-16.37748832 12.59310702 87.115567062965226 GMB 73
81.3244171 17.15900003 115.3507783217006 IND 74
13.9119329 4.218549374 40.957968340926769 CMR 75
19.99959834 39.3450746 180.55358533300256 VAT 76
-9.938088382 7.203028643 39.48537140414976 LBR 77
-4.674619539 12.62181475 64.44970263401359 GHA 78
31.6274731 42.92697429 48.948559581871748 ROU 79
39.30880406 41.58929634 41.926157520964892 UKR 80
24.66721445 -9.601318973 119.48395225328625 BDI 81
43.58117255 3.18363264 51.7934334536032 KEN 82
-6.129081834 8.250895614 39.966331539934984 GIN 83
42.95700267 -11.2910305 78.412295499309153 MWI 84
13.21622665 46.07890765 53.996848705407075 SVN 85
28.16492138 -24.82940944 46.09390916489771 LSO 86
-5.621748214 6.748447677 50.144013609131548 CIV 87
51.05342276 13.70506472 28.327992137877231 SOM 88
32.74386575 13.70625189 22.029670749283277 SSD 89
123.9800469 -6.940708933 50.334169822804569 TLS 90
9.121113067 50.75662741 82.774447501992341 LIE 91
9.480957885 48.09833177 103.3837733091176 BEL 92
13.47116045 1.851991155 22.288345023189358 COG 93
39.84131381 -7.927014871 45.927804447494381 TZA 94
20.43358903 51.55388867 61.351369429556172 CZE 95
117.6179284 -2.748925042 53.784122276120684 MYS 96
20.44990635 49.90517443 57.19301982928323 SVK 97
27.72022117 1.464440026 81.915936681853537 UGA 98
128.9478993 46.69456139 77.554769221780816 PRK 99
12.30097731 47.91539503 83.920645066883992 LUX 100
4.66272127 15.63137121 58.022187754200388 BEN 101
22.95672092 34.94640214 47.118798973368882 GRC 102
7.2205494 47.00530927 78.509702115123986 CHE 103
-16.47460905 15.86532036 50.561413279819419 SEN 104
36.67001992 32.99541842 59.453443296950098 JOR 105
5.617965133 53.75388481 120.37611148541555 NLD 106
62.59243538 28.48168507 20.408890465097933 OMN 107
17.31617255 41.89607705 74.257326877469239 ITA 108
105.1420806 12.65608159 30.283897438618197 LAO 109
39.52252532 48.56075106 51.977555731593327 ARM 110
8.131605634 36.16837448 708.90360667738537 MCO 111
61.14382364 27.43158814 60.913809504175333 ARE 112
39.64898343 37.11420461 157.1775121867293 PSE 113
36.99212859 72.42007987 26.87429300851052 SWE 114
33.81696345 47.5443336 53.784122276120684 MDA 115
-4.998069677 38.72488614 51.311623600559329 ESP 116
8.354878691 13.93466422 82.496990472722388 NGA 117
20.75600266 33.32914615 53.499171279035693 ALB 118
29.48599276 -19.20889361 44.145987288253025 SWZ 119
42.62578797 51.76600599 38.555021222074046 GEO 120
21.76964546 26.36225513 10.343920201829693 LBY 121
146.6865715 -14.10788984 25.110081248375081 PNG 122
21.82578155 53.20040887 60.913809504175333 POL 123
12.17605031 52.99918014 54.839503230079146 AUT 124
124.2819364 25.85149921 444.48777161398789 HKG 125
27.62399619 61.75824636 29.257024475064838 EST 126
34.43887502 56.25566635 20.408890465097933 NOR 127
11.12227287 26.32513085 35.938876471991861 MNE 128
40.8513981 28.27767545 53.890590454769722 IRQ 129
-17.18022842 8.466386569 46.010931763381734 GNB 130
1.496560174 14.49821765 22.963902223747191 MLI 131
69.83092324 52.94997061 14.23128383993285 KAZ 132
