56.29502673 97.66312964 7.26478614836657 HRV 0
191.8630502 107.2424447 21.5161282192423 UZB 1
86.36690197 83.01113927 9.38340263183605 BGR 2
-151.1626019 17.86065735 2.78091003046154 ESH 3
-47.2992753 -121.0304921 4.75110258973248 GNQ 4
74.29992721 98.57979379 9.70142854380077 SRB 5
-154.577238 -55.32629535 17.4960778129505 BFA 6
-164.0429833 -118.2214877 10.9175773812731 TGO 7
170.2084577 81.47727917 9.26197213012298 TKM 8
147.3222312 186.3564927 4.90853881955436 LVA 9
14.47056733 164.3924043 33.1148989002288 DEU 10
264.3810172 -168.8754277 30.7455589457912 THA 11
161.7611424 99.23122443 11.7084672526706 AZE 12
338.1900851 30.77026155 137.001467562511 CHN 13
-45.55593905 -130.7505587 5.66388031797865 GAB 14
198.4375035 -84.56623687 56.2678225739818 PAK 15
56.37433535 -180.2671142 13.6221193857483 RWA 16
96.33551863 17.11388616 17.4869155719201 SYR 17
12.18533534 -207.7435557 16.4562302340599 ZMB 18
-20.3144766 187.3376322 8.82149645560949 DNK 19
128.1290852 -112.3305793 20.1683826896769 NPL 20
-58.2205466 1.176957679 12.8069873465642 TUN 21
191.9413625 -181.8413094 47.717915852838 BGD 22
221.2859995 107.430775 9.41677497477506 KGZ 23
-9.558483616 8.991004355 38.522091351121 EGY 24
-109.4108156 -3.960172393 24.5034833824226 DZA 25
-95.29161055 -56.20081251 18.9243990042205 NER 26
188.5768871 54.40419007 23.5817709573576 AFG 27
126.565831 -73.48656082 21.2964669267229 YEM 28
-131.0659897 72.63357941 11.6151945049113 PRT 29
-13.86777185 -165.2672006 36.692295729143 COD 30
135.6168822 -44.86214004 7.53300355320557 KWT 31
-81.76125892 46.15805705 0.655466780136348 GIB 32
345.0553531 -147.6617801 14.9359881387502 KHM 33
342.4682234 -221.4797795 60.4468481004054 IDN 34
208.2524464 80.92125604 11.5560372847035 TJK 35
-217.103869 -45.63955383 10.7580641096212 SLE 36
119.7218614 58.92609671 33.6124156938241 TUR 37
139.5960127 172.1426999 11.1823404773063 BLR 38
78.01703169 118.1670648 11.5634116280348 HUN 39
72.84916591 80.72289884 5.23983120054918 MKD 40
313.9296792 -101.8773772 2.44138418869706 BRN 41
-9.463218782 -243.5852719 28.202366304227 ZAF 42
-55.63983261 -64.89805729 15.5127137965602 TCD 43
-30.41498826 79.3723059 0.665789726697101 SMR 44
-51.63500914 97.63862178 29.1983291432937 FRA 45
76.23076001 -235.8934928 21.1250982912299 MOZ 46
37.5276517 -85.12059878 40.8138417901053 ETH 47
52.78693313 -42.800457 7.02521625595351 ERI 48
-57.83448114 64.19202024 1.02812580663283 AND 49
64.0630511 87.35547889 6.50191412896388 BIH 50
-61.94599174 -191.9879115 21.9763370027021 AGO 51
165.7551981 204.7402274 8.54464513341348 FIN 52
-17.67541193 -57.19590521 25.16690586443 SDN 53
260.2710472 -98.16843944 3.21960212416811 BTN 54
281.512648 -117.710306 26.8055347304248 MMR 55
270.7395548 155.9095935 6.73681220547259 MNG 56
360.3124795 182.0953371 26.1103735538121 KOR 57
-21.79942462 -112.5481147 8.69496520495935 CAF 58
50.14600987 6.068427711 10.9901078112347 ISR 59
287.6095579 -90.39685971 3.04431887008312 MAC 60
407.5897027 -120.2493589 36.0763905689867 VNM 61
-130.070024 40.83262285 22.3198114448932 MAR 62
55.47072595 23.44606747 8.39569516466893 LBN 63
89.5422194 -53.90527139 22.0548620613619 SAU 64
163.7749527 6.145395521 34.2634746076466 IRN 65
65.23038915 -53.69668124 3.86810917160554 DJI 66
134.8625424 187.5764048 5.98242585090247 LTU 67
223.9882882 162.4323952 43.6079564890682 RUS 68
30.07912894 -230.964918 14.8124258994437 ZWE 69
-162.4232704 3.013705607 8.00141786870558 MRT 70
-8.761056818 -209.8834318 5.93492963383333 BWA 71
120.3467244 -48.68105051 5.98014552840648 QAT 72
-217.7902575 -29.90306515 6.04254084455702 GMB 73
171.1245339 -353.9034943 137.143434927032 IND 74
-43.56516881 -97.67801811 19.4204229144873 CMR 75
-23.85015129 42.24375359 0.0825810520430966 VAT 76
-217.6534419 -63.63582926 8.44590619397686 LBR 77
-179.367466 -92.30619475 21.1950347322684 GHA 78
101.3224535 101.8335145 16.1831473113787 ROU 79
119.1642373 132.8951963 21.9944830533625 UKR 80
32.11630764 -188.2530327 13.2018668343084 BDI 81
87.31118667 -129.1840804 26.9335793947252 KEN 82
-197.4660597 -25.51018607 13.6683491372784 GIN 83
53.8673192 -208.4912148 16.6004347833366 MWI 84
58.17071098 109.2764817 5.28260604253058 SVN 85
33.19719242 -206.1627425 5.53908982363477 LSO 86
-190.4666031 -55.8059617 19.4966501044575 CIV 87
90.5740486 -89.10778475 15.4552374897034 SOM 88
8.84655954 -125.5786145 12.0825420653582 SSD 89
389.3906113 -180.214847 4.23263138263217 TLS 90
35.65386291 123.6251808 0.719924921014262 LIE 91
-57.06734539 136.2624212 12.4036630207228 BEL 92
-32.39622096 -126.6772157 8.96641622475248 COG 93
97.04573341 -181.9776593 29.7966580416393 TZA 94
55.73044505 147.6520444 11.7546810506177 CZE 95
311.3140483 -151.5040514 21.2528719037786 MYS 96
88.21032428 134.2375716 8.73487390815811 SVK 97
41.31207162 -147.0336825 25.2903039349472 UGA 98
315.8170734 178.1627978 18.5585182982406 PRK 99
-34.38619118 126.4788363 2.935985782982 LUX 100
-147.1764503 -83.36671567 13.4363711296691 BEN 101
74.75540843 64.95972572 11.668208793352 GRC 102
18.25133545 122.6963136 10.7615500425562 CHE 103
-194.8831772 1.518913497 15.2924411827618 SEN 104
66.17030435 -8.653888684 12.2169728495293 JOR 105
-68.0814475 159.712425 15.2298805275812 NLD 106
146.6354179 -54.12348077 7.81951430611768 OMN 107
17.14855409 67.80402113 27.8397371986751 ITA 108
321.0418848 -122.87009 10.0250131978466 LAO 109
147.1138761 91.31549501 6.04761742585862 ARM 110
-19.00030614 78.52862528 0.690922651935891 MCO 111
150.6917837 -35.51348792 11.1933125229325 ARE 112
70.6098661 27.80922256 8.40908705468145 PSE 113
151.122776 217.0314603 11.8200576570984 SWE 114
125.7188649 105.0052684 6.7256677607774 MDA 115
-95.81921041 69.04847751 25.0122452345033 ESP 116
-104.2197135 -130.7792441 54.2812611062592 NGA 117
59.09809005 71.05137372 6.10653237901724 ALB 118
48.58201219 -234.8084113 3.9921768091913 SWZ 119
154.5490487 115.6177467 7.00577463501729 GEO 120
-59.61391819 -35.24139885 9.52299542275068 LBY 121
369.7431547 -144.1465329 11.661777933995 PNG 122
102.6866048 172.8939253 23.2405147969767 POL 123
55.61486127 124.1938327 10.8602717994275 AUT 124
331.8052919 -107.5659313 9.93138011326245 HKG 125
154.5722735 191.2723319 4.17340813003173 EST 126
145.4104855 198.8673769 8.48939641519723 NOR 127
60.33524703 79.37719657 2.87139911180289 MNE 128
114.2179964 -17.92955124 24.4761935431549 IRQ 129
-214.236862 -19.32944347 5.32119388953018 GNB 130
-147.9816776 -23.1147592 17.5120515220135 MLI 131
173.1908435 137.1236379 16.066419048916 KAZ 132
