-3.867396996 89.20868909 12.557061120706921 HRV 0
109.4364739 89.8961126 37.190267079057826 UZB 1
16.53006838 67.66976557 16.219054210516582 BGR 2
-98.29404768 38.83495757 4.8067563876665504 ESH 3
-49.26893093 -62.70892903 8.2122012116535252 GNQ 4
10.23599436 76.81292925 16.768756670155742 SRB 5
-94.7353189 11.07840169 30.241677316167273 BFA 6
-83.25867437 -34.40847647 18.870849556599598 TGO 7
87.22054604 74.88435699 16.009163623128554 TKM 8
77.71485493 159.5628241 8.4843270967260729 LVA 9
-23.93812973 129.0205526 57.238547839388026 DEU 10
212.2901908 -65.16412132 53.143183431408069 THA 11
91.68250414 96.55706542 20.237889446289813 AZE 12
214.3791055 61.75268596 236.80474093456917 CHN 13
-49.37108813 -68.90767569 9.789922219419763 GAB 14
126.8084238 -4.825246491 97.25798843362314 PAK 15
12.58234988 -68.69812589 23.545605091055275 RWA 16
38.43454149 46.61332558 30.225840536078788 SYR 17
-0.4331957893 -97.18356054 28.444318200884272 ZMB 18
-4.81543514 143.5786778 15.2478088008267 DNK 19
169.1451503 -15.61501492 34.860711515510097 NPL 20
-39.83520945 51.02872041 22.136663020574257 TUN 21
168.3012311 -56.85926193 82.479617937764189 BGD 22
125.7030982 82.99837949 16.276737746062985 KGZ 23
-4.722182975 29.15132218 66.584789381892961 EGY 24
-70.34474748 48.79613485 42.35386041920701 DZA 25
-48.73208194 34.41075747 32.710506560757047 NER 26
108.6359011 53.30606 40.760695937709116 AFG 27
76.84812971 -17.93345532 36.810586215824081 YEM 28
-90.85832906 73.0507907 20.076669064768613 PRT 29
-16.15521276 -71.27290711 63.422018311371339 COD 30
78.38830604 6.747520595 13.020670410425378 KWT 31
-64.79501211 62.6294175 1.1329633457435904 GIB 32
236.5734682 -75.04952225 25.816605213989654 KHM 33
225.8894305 -139.6056411 104.48136402769953 IDN 34
121.0008382 71.97747832 19.974416800942763 TJK 35
-136.7123568 -20.71368254 18.595133539528913 SLE 36
39.62179989 75.91622567 58.098497280179103 TUR 37
76.92902631 144.2500989 19.3284881314313 BLR 38
23.0446839 107.1762506 19.987163229818361 HUN 39
8.065946585 65.48416514 9.0569604257762002 MKD 40
226.6354155 -52.45591687 4.2198916596449774 BRN 41
-9.986918965 -130.5548937 48.747317566996678 ZAF 42
-9.18173701 -1.628610887 26.813465849264972 TCD 43
-22.5755896 85.64452913 1.1508063858912092 SMR 44
-50.4624617 100.7835157 50.468822644874962 FRA 45
27.66416894 -117.6420804 36.514378401015769 MOZ 46
43.24188477 -29.95968399 70.546041612587103 ETH 47
46.16196641 -2.82234364 12.142968576167476 ERI 48
-43.02197162 69.1260983 1.7770982283583625 AND 49
1.985664255 82.08148481 11.238449618691737 BIH 50
-22.64954607 -104.1438444 37.985730249503682 AGO 51
91.48261868 164.8989943 14.769275929636084 FIN 52
16.04715914 -1.080554568 43.500575062320337 SDN 53
183.3016748 -13.28851999 5.565028320431276 BTN 54
219.7623072 -33.20184599 46.332917598525327 MMR 55
185.7435822 138.5210918 11.644467007726591 MNG 56
308.9243645 70.84680892 45.13134315363525 KOR 57
-22.57838888 -41.24472441 15.029101654374699 CAF 58
23.50763242 29.98546377 18.996217189388506 ISR 59
226.9830842 -17.77106334 5.2620541529842972 MAC 60
256.3512575 -53.69579768 62.357436562825313 VNM 61
-96.76747583 53.18657228 38.579420067195542 MAR 62
20.07325036 44.4132678 14.511818404630572 LBN 63
62.16112811 1.964859282 38.121459497544961 SAU 64
85.85142763 29.45403821 59.22384170286221 IRN 65
62.09513147 -12.84841537 6.6859618848297169 DJI 66
74.97028524 153.8641716 10.340522835179389 LTU 67
160.5110498 152.3492943 75.375622048486363 RUS 68
7.468364957 -113.2500054 25.603029953893035 ZWE 69
-104.1876432 28.14259202 13.83031670550182 MRT 70
-3.908679924 -109.4890026 10.258426419874205 BWA 71
78.49867538 -1.120129955 10.336581335956653 QAT 72
-138.8254358 1.834015231 10.444430594358346 GMB 73
112.8778138 -147.5836039 237.05012914518309 IND 74
-44.13018669 -49.15360952 33.567875577731229 CMR 75
-24.02637301 43.02238407 0.14273996463758234 VAT 76
-128.4008682 -39.69223873 14.598607327398124 LBR 77
-97.02880013 -22.24842872 36.635262367418953 GHA 78
39.01314963 105.6358259 27.972298945107518 ROU 79
78.13079491 125.2867628 38.017095393994964 UKR 80
9.857875293 -83.75236419 22.819205598105199 BDI 81
65.51960102 -62.4135727 46.5542406551113 KEN 82
-125.6784535 -7.83736633 23.625512441898575 GIN 83
19.60492751 -97.68072047 28.693573347859068 MWI 84
-5.230279803 100.779084 9.130896023358769 SVN 85
12.99211654 -123.4742824 9.5742239410731038 LSO 86
-119.949222 -25.94933023 33.699632998247999 CIV 87
82.11787195 -38.22167979 26.714119015999053 SOM 88
9.47699532 -25.09840901 20.88447149161146 SSD 89
262.7164414 -134.2593132 7.3160324182542684 TLS 90
-22.31539078 96.68595743 1.2443781621195815 LIE 91
-52.08752255 124.5715949 21.43952368190336 BEL 92
-41.47274042 -65.14280672 15.498300193355377 COG 93
36.77984651 -77.37989227 51.503024119408458 TZA 94
5.60583214 111.7450066 20.317769221632126 CZE 95
222.1575341 -93.14190977 36.735232949191008 MYS 96
25.53485013 118.4823398 15.098083179099644 SVK 97
9.530650071 -46.70923309 43.713866559415592 UGA 98
266.3456538 134.0813041 32.078087891570178 PRK 99
-33.76767321 108.5886561 5.0748022272783357 LUX 100
-87.2720372 -4.944173023 23.22454234302446 BEN 101
9.106214736 55.8836928 20.168303373972602 GRC 102
-29.40620357 91.63897481 18.601158916192968 CHE 103
-130.0329322 12.28753288 26.432728327444451 SEN 104
33.77574016 15.5738284 21.116832849381122 JOR 105
-49.16102985 140.2689741 26.324593283299887 NLD 106
90.10171914 -7.727119564 13.515899445744749 OMN 107
-26.16838503 69.77344756 48.120519234662289 ITA 108
240.9181523 -32.24500121 17.328067322333666 LAO 109
82.4299567 87.72516953 10.453205380069374 ARM 110
-9.851584556 69.15128484 1.1942482260115264 MCO 111
88.42276117 3.041678524 19.347453128436602 ARE 112
34.31489732 32.40652833 14.534966062107987 PSE 113
80.83414381 171.3446119 20.43077159041167 SWE 114
50.91758708 100.1850164 11.625204021819526 MDA 115
-70.34292261 77.0783772 43.233246755155612 ESP 116
-48.71917022 -7.348724406 93.824250225672941 NGA 117
1.612442651 63.90406741 10.55503888936032 ALB 118
16.89151237 -127.2714684 6.900410717382937 SWZ 119
84.31770149 109.9458921 12.109364060164401 GEO 120
-31.42455509 35.46248993 16.460338010442232 LBY 121
258.0314861 -113.3986449 20.1571877413366 PNG 122
46.4417819 136.5078051 40.170840382954083 POL 123
-7.191876428 109.7961076 18.771797818654669 AUT 124
236.6077155 -20.00605176 17.166224104648915 HKG 125
82.33138647 161.9664576 7.2136660185443509 EST 126
71.65967453 164.2484817 14.673779446007559 NOR 127
0.7743114244 75.98109723 4.9631652484305366 MNE 128
52.42871886 27.01269251 42.306690389331351 IRQ 129
-132.442544 0.671380964 9.1975944702771741 GNB 130
-89.72049188 30.4064304 30.269287604609637 MLI 131
104.2115254 115.2284165 27.770536099467865 KAZ 132
