29.60382089 53.29248014 44.533807217745306 HRV 0
76.05111018 45.88277585 46.996992309527926 UZB 1
52.81262951 52.29448336 41.283221069846888 BGR 2
-44.16779313 -4.127571746 7.8192686958681321 ESH 3
2.184749242 -19.85828672 41.144141883759261 GNQ 4
41.46131654 56.1030536 47.562754637560218 SRB 5
-16.21362122 -4.686418997 48.517286333017566 BFA 6
-9.156177903 -17.91606306 67.885934341846365 TGO 7
72.60618324 42.25614939 19.54817173967033 TKM 8
52.85862549 86.99067451 28.529617402176342 LVA 9
-0.5423443818 106.2685536 81.260223955657779 DEU 10
104.0447685 -13.94697895 62.370616214222537 THA 11
70.38630368 51.71695367 59.066540424000038 AZE 12
108.6883423 48.83974297 64.715963728167878 CHN 13
5.886262738 -21.71891291 16.237930984916545 GAB 14
80.61036799 30.61467534 92.95150523365362 PAK 15
23.44628749 -15.85863094 125.77847256289328 RWA 16
60.37420598 39.17868243 59.195789025863917 SYR 17
29.04951507 -37.51469193 27.714316641600973 ZMB 18
6.720364463 113.8421722 63.973613362656039 DNK 19
89.88359448 38.82423869 77.258569148282902 NPL 20
-0.4218473722 11.35038537 47.118798973368882 TUN 21
98.75307825 20.94161058 191.81129906251886 BGD 22
84.6732009 47.15816082 31.15465914825036 KGZ 23
22.55951741 6.648609692 56.011567205046987 EGY 24
-14.09846541 2.826489366 23.046954582448855 DZA 25
-3.611868088 -4.48929691 24.415658677317786 NER 26
76.24125696 39.34703534 42.334317948036556 AFG 27
55.75106924 5.619338283 42.514464795643661 YEM 28
-90.97287759 83.11945716 55.669404154608429 PRT 29
11.95916403 -17.90587022 35.349235211658097 COD 30
68.66800355 23.5356498 81.845933020002008 KWT 31
-111.8643536 21.75531693 364.84451337081953 GIB 32
108.8813984 -20.67099172 51.571619014831185 KHM 33
120.6901313 -22.96860071 63.973613362656039 IDN 34
81.8361222 42.44857202 45.003270962534728 TJK 35
-33.61983869 -14.32327974 58.088009882856824 SLE 36
56.88208886 46.6465311 55.08284928911408 TUR 37
53.48275816 78.89005577 35.992001226004987 BLR 38
43.1866847 63.34554517 55.497531548808638 HUN 39
46.46242518 51.35169067 47.843126988086951 MKD 40
122.4498637 -15.0179639 48.752999233091558 BRN 41
20.63250474 -47.54405953 37.141526305373105 ZAF 42
17.17067233 4.02939124 20.030915338092207 TCD 43
18.44238798 59.09916518 124.60330363242798 SMR 44
-74.46141338 102.3368021 57.226417215971679 FRA 45
42.44722822 -42.9094025 34.528955635735002 MOZ 46
42.41059228 -0.9811372688 55.703715038700238 ETH 47
41.48100472 8.697036981 29.257024475064838 ERI 48
-80.16359155 95.26229507 68.697293081976909 AND 49
36.01935168 52.65457069 41.651828571755829 BIH 50
11.46572058 -22.72993415 28.529617402176342 AGO 51
69.65372528 71.17389526 22.459139436763884 FIN 52
25.76647166 1.611752037 26.731722809052243 SDN 53
86.69255994 11.06740516 23.941523083243005 BTN 54
110.6794034 8.386324292 48.121865833357347 MMR 55
99.73320994 63.05429509 7.8192686958681321 MNG 56
231.5718808 32.92556973 121.21442841543978 KOR 57
12.30718533 -10.57547345 16.000868173434725 CAF 58
32.48082452 13.16559367 108.3469652742113 ISR 59
168.1313599 22.43904856 769.84065818877934 MAC 60
112.4556324 -5.524294098 93.463977444750384 VNM 61
-43.15022317 -0.1531580741 48.438460470505902 MAR 62
54.0462782 27.71704391 120.37611148541555 LBN 63
55.54929538 11.68547048 21.855520422871578 SAU 64
71.5505851 35.79644622 38.998480138170763 IRN 65
46.12849691 7.606128513 36.831577690765926 DJI 66
48.40660141 85.98328051 34.694563087686532 LTU 67
96.59377757 86.28117607 15.638537391736264 RUS 68
26.63809776 -41.31227855 34.528955635735002 ZWE 69
-43.15376888 -5.153435607 11.398444904619073 MRT 70
23.40175026 -40.59315665 11.398444904619073 BWA 71
70.96176243 12.01673515 80.906763280762021 QAT 72
-51.30753145 -5.904651588 87.115567062965226 GMB 73
81.89506018 2.221750999 115.3507783217006 IND 74
9.093717592 -13.15814408 40.957968340926769 CMR 75
13.04836385 20.83178747 180.55358533300256 VAT 76
-29.91494254 -20.3119139 39.48537140414976 LBR 77
-17.23341324 -12.77518311 64.44970263401359 GHA 78
49.30961064 57.82933649 48.948559581871748 ROU 79
62.26703601 62.76834525 41.926157520964892 UKR 80
18.10686342 -32.73324195 119.48395225328625 BDI 81
46.56886223 -7.532597953 51.7934334536032 KEN 82
-27.30802803 -11.08290815 39.966331539934984 GIN 83
36.74388975 -37.08484077 78.412295499309153 MWI 84
29.30575413 66.03710577 53.996848705407075 SVN 85
31.55127687 -44.42903426 46.09390916489771 LSO 86
-24.38472533 -16.93264209 50.144013609131548 CIV 87
50.76758625 4.467307251 28.327992137877231 SOM 88
27.64903362 -1.368053763 22.029670749283277 SSD 89
128.9913202 -23.0749357 50.334169822804569 TLS 90
17.4410963 79.32281994 82.774447501992341 LIE 91
-62.55009459 110.6737488 103.3837733091176 BEL 92
8.4395607 -20.1293169 22.288345023189358 COG 93
42.52771525 -30.20450867 45.927804447494381 TZA 94
33.86921436 76.99961744 61.351369429556172 CZE 95
115.1778857 -16.41874787 53.784122276120684 MYS 96
39.62405594 70.66093591 57.19301982928323 SVK 97
37.15616491 -9.803104074 81.915936681853537 UGA 98
189.5469316 79.72072598 77.554769221780816 PRK 99
-26.511738 110.4931146 83.920645066883992 LUX 100
-8.929344976 -7.167035207 58.022187754200388 BEN 101
46.96256471 40.42124381 47.118798973368882 GRC 102
6.822474244 84.18870867 78.509702115123986 CHE 103
-42.06566226 -9.554932937 50.561413279819419 SEN 104
44.62930378 14.41734736 59.453443296950098 JOR 105
-10.76420357 120.6182143 120.37611148541555 NLD 106
67.01674119 5.857630727 20.408890465097933 OMN 107
19.76093015 40.13399004 74.257326877469239 ITA 108
113.3814844 3.40407109 30.283897438618197 LAO 109
64.59342544 46.16751111 51.977555731593327 ARM 110
-41.62042926 54.46603368 708.90360667738537 MCO 111
60.93990772 14.25840211 60.913809504175333 ARE 112
34.54980567 32.31418292 157.1775121867293 PSE 113
67.03512066 68.76072226 26.87429300851052 SWE 114
57.36531325 57.46347928 53.784122276120684 MDA 115
-84.97426784 88.05961539 51.311623600559329 ESP 116
0.4313800583 -11.06920733 82.496990472722388 NGA 117
41.86928723 45.65185751 53.499171279035693 ALB 118
37.8250231 -46.20930406 44.145987288253025 SWZ 119
61.10521163 51.94562898 38.555021222074046 GEO 120
17.7968114 6.139578956 10.343920201829693 LBY 121
145.2587693 -30.17363035 25.110081248375081 PNG 122
41.67133152 84.48519954 60.913809504175333 POL 123
25.95940087 74.21675441 54.839503230079146 AUT 124
217.3325386 -50.08518162 444.48777161398789 HKG 125
52.42874564 91.14117663 29.257024475064838 EST 126
64.14082175 70.6026809 20.408890465097933 NOR 127
35.53253613 47.07642649 35.938876471991861 MNE 128
65.52756738 32.84927289 53.890590454769722 IRQ 129
-41.35811856 -16.49192568 46.010931763381734 GNB 130
-16.48454287 0.4770544854 22.963902223747191 MLI 131
77.58206615 63.24686197 14.23128383993285 KAZ 132
