23.67729516 45.35410988 44.533807217745306 HRV 0
63.19599932 43.98198321 46.996992309527926 UZB 1
35.21810139 41.92130774 41.283221069846888 BGR 2
-23.32184691 10.30728439 7.8192686958681321 ESH 3
11.1545647 1.526172256 41.144141883759261 GNQ 4
31.38770871 44.71682631 47.562754637560218 SRB 5
1.614132862 6.913538298 48.517286333017566 BFA 6
4.698991405 1.177013861 67.885934341846365 TGO 7
57.90495275 39.50296075 19.54817173967033 TKM 8
31.87212032 59.72529835 28.529617402176342 LVA 9
11.99126067 62.67505452 81.260223955657779 DEU 10
97.12616586 6.751388536 62.370616214222537 THA 11
51.81094386 42.01638569 59.066540424000038 AZE 12
90.78540702 46.36210538 64.715963728167878 CHN 13
11.45306766 -2.914434811 16.237930984916545 GAB 14
68.01787679 33.16366234 92.95150523365362 PAK 15
27.62067868 -1.194947162 125.77847256289328 RWA 16
43.77834811 36.86822303 59.195789025863917 SYR 17
30.98419908 -16.18311779 27.714316641600973 ZMB 18
14.85710873 66.90898008 63.973613362656039 DNK 19
74.44188416 29.35825713 77.258569148282902 NPL 20
14.75094933 19.27579671 47.118798973368882 TUN 21
83.2833965 25.78519711 191.81129906251886 BGD 22
76.27489156 45.9148457 31.15465914825036 KGZ 23
30.09422822 20.60204298 56.011567205046987 EGY 24
5.818356129 12.09250745 23.046954582448855 DZA 25
8.566152501 9.636153774 24.415658677317786 NER 26
63.23189196 33.55083323 42.334317948036556 AFG 27
50.16721684 17.224041 42.514464795643661 YEM 28
-35.40548995 45.20368604 55.669404154608429 PRT 29
20.33937468 -1.293950106 35.349235211658097 COD 30
53.70565873 23.79013946 81.845933020002008 KWT 31
-45.63159991 31.7177383 364.84451337081953 GIB 32
104.7801297 -1.296814414 51.571619014831185 KHM 33
121.0061702 -7.578336661 63.973613362656039 IDN 34
70.25222176 38.49227228 45.003270962534728 TJK 35
-12.25420317 2.875733711 58.088009882856824 SLE 36
40.62528594 39.3615483 55.08284928911408 TUR 37
36.02676228 54.20766474 35.992001226004987 BLR 38
30.30764102 50.75370764 55.497531548808638 HUN 39
32.05460374 41.3960553 47.843126988086951 MKD 40
118.090014 -0.3323548287 48.752999233091558 BRN 41
20.20182474 -32.04630755 37.141526305373105 ZAF 42
19.4337722 12.98947464 20.030915338092207 TCD 43
18.41884349 48.22046528 124.60330363242798 SMR 44
-26.33188264 54.97621263 57.226417215971679 FRA 45
37.58750537 -17.0452121 34.528955635735002 MOZ 46
37.82922406 8.960662321 55.703715038700238 ETH 47
40.88526047 19.07914478 29.257024475064838 ERI 48
-28.75369245 51.24523214 68.697293081976909 AND 49
27.22541563 43.63808353 41.651828571755829 BIH 50
20.23537788 -11.12578692 28.529617402176342 AGO 51
46.2070937 64.37522274 22.459139436763884 FIN 52
30.56445241 13.93044258 26.731722809052243 SDN 53
75.62283847 24.93870241 23.941523083243005 BTN 54
90.11249378 20.17428434 48.121865833357347 MMR 55
90.21767203 49.95057358 7.8192686958681321 MNG 56
147.6254506 38.00806344 121.21442841543978 KOR 57
17.46112128 3.023257884 16.000868173434725 CAF 58
34.2247356 24.71984256 108.3469652742113 ISR 59
116.6792286 31.94812086 769.84065818877934 MAC 60
108.0742034 2.697887234 93.463977444750384 VNM 61
-20.94822214 11.55605825 48.438460470505902 MAR 62
35.02343267 35.93613466 120.37611148541555 LBN 63
49.03336693 20.35292256 21.855520422871578 SAU 64
55.3869544 29.06473506 38.998480138170763 IRN 65
46.33726794 10.32669716 36.831577690765926 DJI 66
29.64312645 58.97701378 34.694563087686532 LTU 67
75.05407177 66.75452655 15.638537391736264 RUS 68
29.43482191 -19.37068204 34.528955635735002 ZWE 69
-22.17614487 8.942355821 11.398444904619073 MRT 70
24.07650896 -24.25808443 11.398444904619073 BWA 71
58.84970977 26.5020626 80.906763280762021 QAT 72
-27.98260134 8.372836437 87.115567062965226 GMB 73
72.17660296 19.88848175 115.3507783217006 IND 74
13.85735058 3.559517736 40.957968340926769 CMR 75
21.92749889 23.2807824 180.55358533300256 VAT 76
-8.715359363 1.65210707 39.48537140414976 LBR 77
0.3022560943 2.838766419 64.44970263401359 GHA 78
36.04524882 46.22163209 48.948559581871748 ROU 79
41.6512364 48.8351987 41.926157520964892 UKR 80
26.02194709 -9.705763601 119.48395225328625 BDI 81
41.69335966 1.033370713 51.7934334536032 KEN 82
-9.237427282 4.707529068 39.966331539934984 GIN 83
38.63601653 -13.07072722 78.412295499309153 MWI 84
22.8302338 52.7810687 53.996848705407075 SVN 85
31.79657698 -27.7747685 46.09390916489771 LSO 86
-3.751176106 2.726703437 50.144013609131548 CIV 87
53.15869597 11.54631195 28.327992137877231 SOM 88
31.07255143 11.91989586 22.029670749283277 SSD 89
125.0535409 -8.029528156 50.334169822804569 TLS 90
13.45823288 55.63220155 82.774447501992341 LIE 91
-13.07579215 65.94205629 103.3837733091176 BEL 92
16.01207781 -0.9182697764 22.288345023189358 COG 93
41.10407145 -9.41005513 45.927804447494381 TZA 94
22.00073777 57.49420666 61.351369429556172 CZE 95
116.7336504 -3.779401345 53.784122276120684 MYS 96
27.67794273 53.77681261 57.19301982928323 SVK 97
30.184328 5.686123594 81.915936681853537 UGA 98
134.504865 55.93551093 77.554769221780816 PRK 99
5.660650167 63.17177939 83.920645066883992 LUX 100
5.348053153 5.883617051 58.022187754200388 BEN 101
29.63079144 33.61627716 47.118798973368882 GRC 102
7.793836236 57.68182826 78.509702115123986 CHE 103
-23.20408285 6.958251109 50.561413279819419 SEN 104
44.09310852 21.54197547 59.453443296950098 JOR 105
4.265720223 70.78642828 120.37611148541555 NLD 106
64.85932882 22.40070021 20.408890465097933 OMN 107
20.83403397 40.20412124 74.257326877469239 ITA 108
102.8742626 7.10042747 30.283897438618197 LAO 109
47.88718533 41.77128574 51.977555731593327 ARM 110
-7.424797924 34.34422258 708.90360667738537 MCO 111
63.7682631 25.63900725 60.913809504175333 ARE 112
42.51062911 29.28283707 157.1775121867293 PSE 113
43.10364824 62.06443425 26.87429300851052 SWE 114
39.67988064 45.41222508 53.784122276120684 MDA 115
-32.11293976 47.49501505 51.311623600559329 ESP 116
10.30508554 6.237593677 82.496990472722388 NGA 117
28.09793272 36.79290966 53.499171279035693 ALB 118
32.57310568 -21.38002368 44.145987288253025 SWZ 119
47.19316187 44.91240378 38.555021222074046 GEO 120
20.24951416 15.91947821 10.343920201829693 LBY 121
146.6865715 -14.10788984 25.110081248375081 PNG 122
26.42821477 57.80190372 60.913809504175333 POL 123
18.42165085 55.46784432 54.839503230079146 AUT 124
153.012904 9.065777387 444.48777161398789 HKG 125
31.83351928 61.89150205 29.257024475064838 EST 126
39.69582702 60.54861602 20.408890465097933 NOR 127
27.16292971 39.8574589 35.938876471991861 MNE 128
52.00911146 28.44200019 53.890590454769722 IRQ 129
-23.43512855 3.553402531 46.010931763381734 GNB 130
-0.283030455 8.549157381 22.963902223747191 MLI 131
63.78048868 55.33634487 14.23128383993285 KAZ 132
