-0.392777174 5.896822514 0.5695392874947230 HRV 0
4.105045515 5.207030985 0.6010407640085650 UZB 1
3.192853945 4.050307254 0.5279678020485710 BGR 2
-2.597863886 -0.106654696 0.1000000000000000 ESH 3
-1.347652651 -2.679171962 0.5261891294962290 GNQ 4
1.923008891 6.020946071 0.6082762530298210 SRB 5
-3.597178870 -0.576682938 0.6204836822995420 BFA 6
-1.624088554 -4.090308039 0.8681877677092640 TGO 7
4.877168679 4.318257298 0.2500000000000000 TKM 8
5.583868984 6.624682986 0.3648629879831600 LVA 9
-0.285672420 9.595394383 1.0392304845413300 DEU 10
8.975115389 -1.426946726 0.7976528066771920 THA 11
4.408283411 3.119031967 0.7553972464869030 AZE 12
6.658164528 3.633801907 0.8276472678623420 CHN 13
-0.702876543 -2.827421785 0.2076655965729520 GAB 14
7.486101374 1.801196416 1.1887493427968701 PAK 15
2.530056721 -3.481312457 1.6085707942145400 RWA 16
2.245474973 1.79281185 0.7570501964863350 SYR 17
0.074480258 -4.849244304 0.3544361719689450 ZMB 18
1.162864488 10.43546809 0.8181534085976790 DNK 19
6.686551722 5.46521798 0.9880536422684730 NPL 20
-1.722906746 0.91860921 0.6025985396596970 TUN 21
7.974865933 -4.679290098 2.4530593144072101 BGD 22
5.823305809 4.561202886 0.3984344362627300 KGZ 23
-0.615605318 0.48529577 0.7163274390947180 EGY 24
-2.212807935 -0.043794332 0.2947456530637890 DZA 25
-1.641778945 -0.14834589 0.3122498999199190 NER 26
5.586329527 2.78811598 0.5414101956926930 AFG 27
3.519548094 -1.293999178 0.5437140792732870 YEM 28
-4.713431748 8.540859508 0.7119515432949050 PRT 29
-0.036363110 -2.848441009 0.4520785330006270 COD 30
5.735705822 0.651785349 1.0467210707729100 KWT 31
-11.174647860 1.325352181 4.6659672094861397 GIB 32
9.611402837 -0.215670994 0.6595452979136420 KHM 33
10.013631940 -2.547902868 0.8181534085976790 IDN 34
5.402803079 3.790357307 0.5755432216610650 TJK 35
-5.144401651 -3.220292698 0.7428828979051830 SLE 36
3.142741443 2.75770338 0.7044501401802690 TUR 37
4.910740570 6.277874421 0.4602988159880480 BLR 38
0.738856540 6.11968886 0.7097534783289210 HUN 39
2.346008114 4.632390897 0.6118619125260180 MKD 40
11.193274210 -0.426347285 0.6234981956669930 BRN 41
-0.194752970 -6.347410576 0.4749999999999990 ZAF 42
-0.698888690 -0.677675645 0.2561737691489900 TCD 43
-5.484917637 5.323044784 1.5935416530483200 SMR 44
-3.433930361 8.780020986 0.7318640584152210 FRA 45
0.531359817 -5.516868261 0.4415880433163920 MOZ 46
0.735964078 0.006898505 0.7123903424387490 ETH 47
1.293960959 0.823930981 0.3741657386773940 ERI 48
-6.087253779 8.130112513 0.8785641695402790 AND 49
0.821727696 7.23675641 0.5326818938165619 BIH 50
-0.338893392 -3.587481976 0.3648629879831600 AGO 51
5.444582309 5.049752853 0.2872281323269010 FIN 52
-0.241152603 -0.392176497 0.3418698582794330 SDN 53
6.281704510 2.406059451 0.3061862178478970 BTN 54
7.991818231 0.217154479 0.6154266812545590 MMR 55
5.584853165 5.385742739 0.1000000000000000 MNG 56
10.758341540 3.782603167 1.5502015997927401 KOR 57
-0.348093160 -1.039678071 0.2046338192968110 CAF 58
-3.614362436 2.191763474 1.3856406460551001 ISR 59
12.348458880 13.9324178 9.8454304121251806 MAC 60
9.896655884 1.462234566 1.1953033087881899 VNM 61
-2.775028905 0.590668594 0.6194755846681920 MAR 62
-2.662664207 4.651176545 1.5394804318340600 LBN 63
3.480056217 -0.094725493 0.2795084971874730 SAU 64
5.074475574 1.979133834 0.4987484335814990 IRN 65
1.690103984 -0.539530142 0.4710360920354190 DJI 66
4.890730849 7.181656318 0.4437059837324710 LTU 67
5.372245534 5.596605203 0.2000000000000000 RUS 68
-0.319086204 -5.530478686 0.4415880433163920 ZWE 69
-2.837413759 -0.131050167 0.1457737973711320 MRT 70
-0.353177911 -5.002048142 0.1457737973711320 BWA 71
4.716870240 -2.138835561 1.0347101043287401 QAT 72
-6.296401867 -0.532405101 1.1141139977578600 GMB 73
6.886178597 -1.309279106 1.4752118491931900 IND 74
-0.510601588 -1.685699382 0.5238081709939230 CMR 75
-8.785938389 7.142273784 2.3090853167434000 VAT 76
-4.138013593 -3.965423392 0.5049752469181030 LBR 77
-2.604342685 -2.921056009 0.8242420760917230 GHA 78
3.006330859 5.532051128 0.6259992012774430 ROU 79
3.914455741 6.257332332 0.5361902647381770 UKR 80
-1.996010870 -6.218370305 1.5280706789936100 BDI 81
2.412736458 -1.397331107 0.6623820649745850 KEN 82
-4.543005173 -2.118805735 0.5111262075065210 GIN 83
1.951040535 -5.763271794 1.0028085560065800 MWI 84
-1.465486182 6.270804392 0.6905613658466540 SVN 85
0.087618216 -7.295771193 0.5894913061275781 LSO 86
-3.925217149 -2.954167785 0.6412877669190310 CIV 87
2.646389964 -0.503591912 0.3622844186547350 SOM 88
0.073197413 -0.85828615 0.2817356917396150 SSD 89
11.313429460 -3.162408488 0.6437196594791850 TLS 90
-1.803169144 7.811761659 1.0585957679869999 LIE 91
-2.117219056 11.74001837 1.3221667822177301 BEL 92
-0.539533351 -2.414345769 0.2850438562747840 COG 93
0.523197791 -4.117518789 0.5873670062235340 TZA 94
0.886158993 8.441900006 0.7846177413237591 CZE 95
10.299720440 -1.220672422 0.6878408246098791 MYS 96
1.922582728 7.531598377 0.7314369419163910 SVK 97
0.905639767 -1.72185053 1.0476163419878399 UGA 98
8.186752739 4.335154279 0.9918417212438680 PRK 99
-3.840719383 10.39902238 1.0732543966832799 LUX 100
-3.459394064 -1.797303768 0.7420411039827920 BEN 101
2.262142003 3.54071797 0.6025985396596970 GRC 102
-2.127346607 9.642861756 1.0040542814011599 CHE 103
-4.656598225 -1.004001248 0.6466258578188750 SEN 104
2.243404119 0.424822157 0.7603453162872760 JOR 105
0.376041994 12.40997237 1.5394804318340600 NLD 106
3.409554519 -0.576898573 0.2610076627227630 OMN 107
-3.305447209 6.801219329 0.9496709956611260 ITA 108
8.854300828 0.487971779 0.3872983346207410 LAO 109
4.028127909 1.896427094 0.6647367900154130 ARM 110
-8.727372264 18.446884597 9.0661113494154293 MCO 111
4.457187840 -0.384859337 0.7790218225441410 ARE 112
-0.006343917 2.866600192 2.0101305927725099 PSE 113
4.894779027 4.888062973 0.3436931771216880 SWE 114
2.905343862 6.712215325 0.6878408246098791 MDA 115
-4.669526437 7.286330079 0.6562202374203320 ESP 116
-1.897116917 -1.363770137 1.0550473923004600 NGA 117
1.224617929 4.960652892 0.6841966091702000 ALB 118
0.733085770 -6.479750043 0.5645794895318110 SWZ 119
4.097464468 4.220666859 0.4930770730829000 GEO 120
-1.123897862 -0.171498285 0.1322875655532300 LBY 121
10.494450950 -3.455518372 0.3211308144666280 PNG 122
3.875877730 7.612030047 0.7790218225441410 POL 123
-0.231296846 7.595709555 0.7013380069552770 AUT 124
16.880186420 0.212689917 5.6845184492619802 HKG 125
5.619863396 7.291389669 0.3741657386773940 EST 126
4.994117429 5.424104586 0.2610076627227630 NOR 127
0.204477080 5.186784715 0.4596194077712550 MNE 128
3.510656140 0.790913421 0.6892024376045079 IRQ 129
-5.530691709 -1.875554028 0.5884301147969910 GNB 130
-2.774818023 -0.522263492 0.2936835031117680 MLI 131
5.302304412 4.646117294 0.1820027472320130 KAZ 132
