-19.65630847 0.06230385582 0.443471156521669 ECU 0
-18.28122604 0.2647407975 0.10363754503432 SUR 1
-18.43446196 -0.06186909152 0.263874268600844 BRA 2
-18.52407204 -0.8252673985 0.211695098702862 ARG 3
-20.45456979 2.338537787 0.396278988891712 NIC 4
-22.1953526 4.558755826 0.220269195573323 BLZ 5
-18.64194873 -0.4525509552 0.175330375978439 BOL 6
-20.9889509 3.063709997 0.504057609876167 HND 7
-18.26103793 -0.4988228032 0.215165741455967 PRY 8
-22.55743425 5.532918198 0.107151675122144 CAN 9
-18.09202863 -0.9009137626 0.229330749339448 URY 10
-22.04023821 2.147229477 0.907989231458415 SLV 11
-22.82207714 4.421155532 0.421197587133886 MEX 12
-20.20713683 1.448572848 0.523520843972877 CRI 13
-19.4523256 0.917684026 0.401847584889448 PAN 14
-21.9985591 3.700276684 0.673025232040346 GTM 15
-18.38926954 0.7070328138 0.296273147243853 VEN 16
-18.98818274 -0.7587976098 0.26597131563524 CHL 17
-19.02258233 -0.2340284774 0.268051957373663 PER 18
-22.59183679 5.117338163 0.315641615807596 USA 19
-18.93269489 0.3704573797 0.354860431614918 COL 20
-18.08131551 0.264818607 0.1 GUF 21
-18.48083958 0.3179937746 0.105409255338946 GUY 22
