-95.7270127 0.2573163132 2.16035532952908 ECU 0
-88.31712532 1.930903058 0.504866933196508 SUR 1
-88.84143784 -0.1012997879 1.28545492556643 BRA 2
-90.2351681 -3.969785897 1.0312657948377 ARG 3
-99.64221893 12.59503328 1.93046021830909 NIC 4
-109.3470124 24.09636464 1.0730342291487 BLZ 5
-90.81466214 -2.206587005 0.854116229664759 BOL 6
-102.6179109 15.69007027 2.45550026844296 HND 7
-88.96188995 -2.381057096 1.04817291823975 PRY 8
-108.8435575 28.32017216 0.521985903736631 CAN 9
-88.11895018 -4.324433143 1.11717729388826 URY 10
-107.2220438 10.74987904 4.42324003825118 SLV 11
-112.616872 24.38968596 2.05185035997943 MEX 12
-99.60048714 8.21029743 2.55031478093684 CRI 13
-95.75441345 5.571595379 1.95758745277471 PAN 14
-109.2994328 19.83763961 3.27862054964304 GTM 15
-89.64538861 3.503632055 1.44328501015677 VEN 16
-92.5474959 -3.71529009 1.29567062205629 CHL 17
-92.62616927 -1.118594721 1.30580640067986 PER 18
-109.8831765 26.59373922 1.53763787543597 USA 19
-92.25643118 1.826872575 1.72869106232576 COL 20
-87.65856554 1.21801163 0.487146750754583 GUF 21
-89.27826359 1.624885228 0.513497762378277 GUY 22
