-95.68896292 0.2435461891 2.16035532952908 ECU 0
-88.31555543 1.929319345 0.504866933196508 SUR 1
-88.82169471 -0.1182095845 1.28545492556643 BRA 2
-90.21632052 -3.971558793 1.0312657948377 ARG 3
-99.64766948 12.59079762 1.93046021830909 NIC 4
-109.3375764 24.1096969 1.0730342291487 BLZ 5
-90.80159883 -2.199391127 0.854116229664759 BOL 6
-102.615522 15.690186 2.45550026844296 HND 7
-88.95994619 -2.384638976 1.04817291823975 PRY 8
-108.8469326 28.31491264 0.521985903736631 CAN 9
-88.09396996 -4.305352613 1.11717729388826 URY 10
-107.2220438 10.74987904 4.42324003825118 SLV 11
-112.6131986 24.41205942 2.05185035997943 MEX 12
-99.60173876 8.226653219 2.55031478093684 CRI 13
-95.75441345 5.571595379 1.95758745277471 PAN 14
-109.3010022 19.87123481 3.27862054964304 GTM 15
-89.65314515 3.488263047 1.44328501015677 VEN 16
-92.5474959 -3.71529009 1.29567062205629 CHL 17
-92.60237143 -1.115854742 1.30580640067986 PER 18
-109.8785494 26.59435618 1.53763787543597 USA 19
-92.24672354 1.815246182 1.72869106232576 COL 20
-87.65933596 1.220088335 0.487146750754583 GUF 21
-89.28366757 1.620412235 0.513497762378277 GUY 22
