40.79194 130.6277429 8.79715863219482 HRV 0
236.5184249 147.0425381 26.0545581424825 UZB 1
83.45107598 132.0688132 11.3626581397136 BGR 2
-183.9628636 7.987834832 3.36749164809655 ESH 3
-81.34084441 -147.4318634 5.75325994545701 GNQ 4
61.25790764 129.2002806 11.7477657450257 SRB 5
-181.1293159 -80.16481247 21.1865523386888 BFA 6
-181.6237809 -114.4989064 13.2204387219184 TGO 7
199.8050819 143.9940686 11.2156141160438 TKM 8
178.0215031 227.1563648 5.94390444068542 LVA 9
-9.561670963 184.3047527 40.0998753115268 DEU 10
532.5629684 -142.3150751 37.2307668467895 THA 11
162.5293043 136.3637302 14.1781522068286 AZE 12
452.8304536 78.94659518 165.899397226151 CHN 13
-68.96490042 -145.9912021 6.8585712797929 GAB 14
242.3346544 -3.349617582 68.1364806839919 PAK 15
43.02034717 -201.4590228 16.4954539191864 RWA 16
92.85773628 29.1135535 21.1754574921063 SYR 17
5.975545497 -238.5110739 19.9273681152329 ZMB 18
-25.0826717 233.7991922 10.6822282319748 DNK 19
320.7761206 -49.38642567 24.4225305814118 NPL 20
-88.51762652 -9.36874304 15.5083848288595 TUN 21
512.3021524 -232.343091 57.783129025694 BGD 22
269.5171438 162.873366 11.4030697621298 KGZ 23
-17.72446465 4.465162785 46.6476151587624 EGY 24
-134.6922331 -6.366128175 29.6720407117543 DZA 25
-130.0499345 -69.81678538 22.9161515093613 NER 26
261.3179745 98.52573346 28.555910071297 AFG 27
175.5807889 -83.59618054 25.788563356651 YEM 28
-158.7017357 87.78235946 14.0652052953378 PRT 29
-10.10653599 -171.3876112 44.4318579399962 COD 30
156.6285525 -6.586982163 9.12195154558496 KWT 31
-125.208508 53.40550113 0.793725393319377 GIB 32
529.8583852 -88.23093804 18.0864590232582 KHM 33
644.5130423 -255.9155986 73.1969944738171 IDN 34
275.473192 138.4138713 13.9935699519458 TJK 35
-258.5836374 -55.31276427 13.0272790712413 SLE 36
112.5287035 90.71576156 40.7023340854059 TUR 37
172.462757 208.9914165 13.5410487038486 BLR 38
73.12027313 155.9420542 14.0024997768256 HUN 39
73.63998842 116.8521509 6.34507683168612 MKD 40
607.2766594 -156.2654995 2.9563490998189 BRN 41
-16.06511802 -313.5936549 34.1511346810029 ZAF 42
-80.94286118 -75.86166351 18.7848343085586 TCD 43
-5.548584654 135.3716953 0.806225774829855 SMR 44
-60.55876377 121.5809254 35.3571774891605 FRA 45
42.17960892 -307.1764224 25.581047672056 MOZ 46
100.7703131 -91.53655359 49.4227680325576 ETH 47
25.08549424 -61.29701853 8.50705589496155 ERI 48
-85.04746929 92.5383965 1.24498995979887 AND 49
47.45741779 115.2406781 7.87337284776988 BIH 50
-41.11283654 -232.6065761 26.6118394704312 AGO 51
192.3471387 250.4650709 10.3469802357983 FIN 52
-31.99061734 -70.31371276 30.4753999153415 SDN 53
375.3917668 -69.56005684 3.89871773792358 BTN 54
467.0258724 -121.8769504 32.4596672811044 MMR 55
292.2790642 183.958641 8.15781833580523 MNG 56
364.9542321 255.2289044 31.617874691383 KOR 57
-48.174516 -116.5828129 10.5290075505719 CAF 58
40.40314689 19.10209817 13.3082681067072 ISR 59
549.6131228 -60.90734098 3.68646171823336 MAC 60
589.4006665 -84.50203635 43.6860389598325 VNM 61
-159.6381034 43.94825925 27.0277635034792 MAR 62
50.39520965 42.55443026 10.1666120217111 LBN 63
123.1269196 -18.48455923 26.7069279401431 SAU 64
191.9044218 90.40238554 41.4907218544098 IRN 65
44.05375215 -71.80489466 4.68401537145215 DJI 66
163.7196395 227.2564022 7.24430811050993 LTU 67
249.1767842 228.3114439 52.8062496301337 RUS 68
15.91600105 -273.7112719 17.936833611315 ZWE 69
-196.4656646 3.686536415 9.68916921103146 MRT 70
-7.386919014 -264.669885 7.18679344353238 BWA 71
143.2701884 -44.34910328 7.24154679609267 QAT 72
-250.395653 5.203697582 7.31710325197068 GMB 73
293.9597494 -231.6105942 166.071309984597 IND 74
-81.02749634 -118.1891615 23.5168025037419 CMR 75
-6.145516026 72.47959646 0.1 VAT 76
-256.0192432 -78.23664824 10.2274141404365 LBR 77
-219.6891718 -117.1408163 25.6657359138599 GHA 78
107.5160194 151.0007339 19.5966833928601 ROU 79
144.3172851 178.988122 26.6338130953869 UKR 80
41.62030488 -233.7512875 15.9865568525559 BDI 81
22.3958967 -103.0935208 32.6147206028198 KEN 82
-240.7390304 -31.72653 16.5514349831064 GIN 83
58.3256955 -264.4754677 20.1019899512461 MWI 84
45.83396137 144.9010434 6.39687423668779 SVN 85
15.75530763 -338.5477805 6.7074585350936 LSO 86
-223.8264307 -68.00119057 23.6091084117974 CIV 87
49.82109321 -49.89619433 18.7152344361486 SOM 88
-23.06874352 -113.781271 14.6311311934518 SSD 89
709.5794503 -299.7576721 5.1254268114958 TLS 90
39.70621326 152.6596903 0.871779788708134 LIE 91
-62.91425846 170.1830701 15.0199866844148 BEL 92
-53.45717596 -137.4944585 10.8577161502776 COG 93
90.13463562 -220.3910258 36.0817128196542 TZA 94
66.15852132 183.8492693 14.234113952052 CZE 95
586.0673308 -175.5769649 25.7357727686581 MYS 96
89.16898205 175.2006466 10.5773342577419 SVK 97
63.16595376 -159.225644 30.6248265301209 UGA 98
326.6079494 217.7645093 22.4730950249404 PRK 99
-47.02868329 160.5646837 3.55527776692624 LUX 100
-153.9724429 -104.8758774 16.2705254985818 BEN 101
58.08962759 86.34923885 14.129401968944 GRC 102
26.67160399 147.9469155 13.0315002973564 CHE 103
-225.0973662 -0.5759122352 18.5180992545132 SEN 104
69.91949577 1.881169183 14.7939176690963 JOR 105
-83.20960003 196.2688839 18.4423425843899 NLD 106
174.5421225 -48.57439204 9.46889645101265 OMN 107
8.335733349 104.9670462 33.7120156620751 ITA 108
500.4601984 -92.47064586 12.1396046064112 LAO 109
151.6743131 118.0429215 7.32325064435187 ARM 110
-28.09135026 106.0149188 0.836660026534076 MCO 111
160.1455023 -31.20581015 13.5543350998859 ARE 112
62.22668536 25.29615356 10.1828286836222 PSE 113
177.4392814 269.4405517 14.3132805464017 SWE 114
135.0616091 146.6981318 8.14432317629893 MDA 115
-114.7436407 81.95761664 30.2881164815509 ESP 116
-140.5411676 -182.9406792 65.7308907592161 NGA 117
65.41986184 106.0401123 7.39459261893445 ALB 118
19.53922305 -327.8448323 4.83425278610873 SWZ 119
141.0595643 129.6607091 8.48351342310484 GEO 120
-87.58030238 -36.34440617 11.5316954521007 LBY 121
730.6342382 -260.5589413 14.1216146385603 PNG 122
101.6993486 211.4652447 28.1426722256434 POL 123
47.36701987 163.9455178 13.151045585808 AUT 124
430.3901455 -95.19350008 12.0262213516965 HKG 125
187.8820627 231.9289491 5.0537115073973 EST 126
173.2673577 243.9338987 10.2800778207171 NOR 127
58.7188332 114.3132874 3.47706773014274 MNE 128
148.491864 31.23030475 29.6389945848371 IRQ 129
-248.3445036 -8.713098296 6.44360147743481 GNB 130
-195.8229239 -29.12143321 21.2058954067024 MLI 131
202.6079173 175.1240799 19.4553334589773 KAZ 132
