-1.753465817 92.40804252 10.651759603917837 HRV 0
108.4000423 75.82206097 11.240913262605497 UZB 1
55.99142453 70.95506037 9.8742724681347713 BGR 2
-50.37172654 3.781697904 1.8702414105219167 ESH 3
-23.28759506 -30.89230318 9.8410069975032801 GNQ 4
43.18582487 71.31269072 11.376234374534803 SRB 5
-50.01878099 -10.47910727 11.604542771897298 BFA 6
-34.26822401 -46.0027129 16.237207152784535 TGO 7
95.89500239 70.22253001 4.6756035263047915 TKM 8
94.945044 115.6089618 6.8238186929286737 LVA 9
-19.91197297 131.0976351 19.436118872659453 DEU 10
146.7391672 -33.12519349 14.918033102667151 THA 11
94.7613656 82.73692919 14.127752117740437 AZE 12
154.0093298 70.9476244 15.479001936614779 CHN 13
-22.60886383 -42.66057754 3.8838479825147276 GAB 14
111.4177041 42.65267345 22.232482476294273 PAK 15
17.0973919 -27.98025596 30.084157110961634 RWA 16
72.92705569 59.71039117 14.158666273124991 SYR 17
-7.880780077 -71.76044337 6.6288120620318942 ZMB 18
2.163613141 150.2551449 15.301443849190363 DNK 19
131.5101326 73.24350123 18.478988375875101 NPL 20
-22.80381682 17.36806782 11.270047427915996 TUN 21
136.674212 2.113914371 45.878131122708773 BGD 22
124.0253571 87.00736549 7.4516858207651406 KGZ 23
-1.710047776 15.65629296 13.397052400880618 EGY 24
-31.67192587 10.20501062 5.5124552593122589 DZA 25
-24.75630397 7.240125739 5.8398269326155834 NER 26
103.6951553 61.94463764 10.125677680632489 AFG 27
77.07587219 -9.688025135 10.168765865407005 YEM 28
-112.3361154 66.99908494 13.315212585551224 PRT 29
-5.768412032 -32.09488872 8.4549599322577347 COD 30
91.26995924 26.32367989 19.576210918253498 KWT 31
-173.3066738 1.825010309 87.264850953183938 GIB 32
163.3174186 -28.78212327 12.335089282731149 KHM 33
164.3031651 -54.43559078 15.301443849190363 IDN 34
115.961138 64.92098522 10.764047666957218 TJK 35
-73.54777618 -35.85373166 13.893703588307952 SLE 36
69.49931787 75.82757431 13.174918238131072 TUR 37
94.73105202 106.2369193 8.6086990687505729 BLR 38
47.56686049 85.51112643 13.274103464327151 HUN 39
39.24967729 58.13141419 11.443294863273028 MKD 40
175.0451641 -37.24799341 11.66092144922113 BRN 41
4.909197141 -101.3870967 8.8836466999791028 ZAF 42
0.2009649337 -2.971539341 4.7910679135192282 TCD 43
-31.04375422 83.00442025 29.803075889225333 SMR 44
-77.44169183 98.77710852 13.6876246892078 FRA 45
25.75474906 -90.30741469 8.2587624500166275 MOZ 46
31.30017867 -4.024195671 13.323419188848396 ETH 47
40.49847581 4.248896014 6.9978025887298454 ERI 48
-69.71413419 82.34842775 16.431270916750275 AND 49
16.61702827 95.11738016 9.9624373645097446 BIH 50
-23.04504573 -56.65875078 6.8238186929286737 AGO 51
110.0017739 102.4400558 5.3718594734463982 FIN 52
12.09144355 1.478082616 6.3937916596345561 SDN 53
122.1419818 29.65084316 5.7264214395022215 BTN 54
168.0315056 16.72146018 11.509964644223476 MMR 55
129.0048059 98.43349391 1.8702414105219167 MNG 56
239.4302456 13.42382579 28.992512265897236 KOR 57
1.82493584 -11.43626963 3.8271464284215528 CAF 58
21.83473276 18.34032744 25.914825163545935 ISR 59
360.7879141 -28.72738521 184.13331661168428 MAC 60
175.8132905 -10.68099203 22.355057462295424 VNM 61
-47.87225261 11.49824402 11.585688912537307 MAR 62
18.86083018 71.86530226 28.792000543042317 LBN 63
66.7389902 1.813438236 5.2274836603276205 SAU 64
95.69200829 53.36968027 9.3277997391706116 IRN 65
63.76952729 -9.178839033 8.8095120517505396 DJI 66
85.84424097 115.0776193 8.2983730487283154 LTU 67
115.8328547 105.4247694 3.7404828210438335 RUS 68
4.142745098 -90.60648269 8.2587624500166275 ZWE 69
-51.7058332 1.340636782 2.7263219241252297 MRT 70
-7.465953643 -85.82442852 2.7263219241252297 BWA 71
97.31497824 3.650883249 19.351576850010694 QAT 72
-95.59876789 -30.19089579 20.836621346488705 GMB 73
102.0546156 -25.50275357 27.590022896537221 IND 74
-14.53246338 -22.68436611 9.7964773256258191 CMR 75
-51.90220283 44.26635771 43.185469798016364 VAT 76
-70.18099202 -52.68260022 9.4442561807476775 LBR 77
-48.22340017 -32.99009027 15.415316630013042 GHA 78
62.22496043 88.96572849 11.707696291827231 ROU 79
103.5007177 95.80307475 10.028052370320545 UKR 80
11.40570804 -62.88774852 28.578610620581966 BDI 81
57.68754554 -32.84427423 12.388143675024942 KEN 82
-67.09111394 -23.27749606 9.5592939928171514 GIN 83
37.37855516 -74.69748127 18.754940882691905 MWI 84
-0.6299808528 109.9257904 12.915164629129924 SVN 85
15.26403452 -95.31517354 11.024910518624518 LSO 86
-60.37654051 -44.26196 11.993629377531024 CIV 87
69.54352701 -16.58973328 6.7755932215494594 SOM 88
19.89400445 -6.387178897 5.2691375751346747 SSD 89
180.6787508 -52.58203936 12.039111639250418 TLS 90
-36.04494211 112.4817751 19.798296422925503 LIE 91
-71.05187536 125.993952 24.727710677201209 BEL 92
-15.0214361 -37.43269844 5.3310082381995949 COG 93
37.06117775 -54.7715942 10.985180982135423 TZA 94
18.03057353 117.2848987 14.674245912538705 CZE 95
147.6651271 -51.05383791 12.864283940329408 MYS 96
52.22590515 101.0798778 13.67963657957546 SVK 97
45.34119924 -18.04253447 19.592954651251638 UGA 98
167.7890401 87.60874222 18.549834597536183 PRK 99
-45.0646591 134.7598704 20.072448167017935 LUX 100
-34.65880612 -10.41591286 13.877960009780162 BEN 101
26.3391912 40.31836641 11.270047427915996 GRC 102
-56.1288806 98.65693933 18.778238954882752 CHE 103
-69.8773237 -9.927833932 12.09346456407123 SEN 104
54.92361661 1.520862114 14.220292968168506 JOR 105
-34.78551904 162.362845 28.792000543042317 NLD 106
83.88323217 -2.240149651 4.8814733928765035 OMN 107
-10.1195237 63.40248443 17.761140224570227 ITA 108
179.5769715 16.2419728 7.2434138363388518 LAO 109
85.52132806 69.65014381 12.432182717842437 ARM 110
76.76848754 -214.390953 169.55816878079546 MCO 111
77.22972324 7.500503158 14.569588722223145 ARE 112
57.32574295 32.69375636 37.594294751601325 PSE 113
103.8543106 106.0178457 6.4278921236682471 SWE 114
73.66653012 98.37128438 12.864283940329408 MDA 115
-81.52342013 60.0900244 12.272902624460331 ESP 116
-15.1663018 -4.894893633 19.731933231434812 NGA 117
11.83363909 40.47774344 12.796128314087881 ALB 118
30.49718305 -110.9275467 10.558999408537172 SWZ 119
86.22020268 93.92790093 9.2217316065858199 GEO 120
-10.8097592 7.779725384 2.4740968319478251 LBY 121
173.6698272 -63.24288254 6.0059214741011866 PNG 122
67.57368674 113.804692 14.569588722223145 POL 123
-16.21912292 111.7169514 13.116713833806669 AUT 124
227.2852562 -143.6809593 106.31421802685612 HKG 125
94.16191863 123.9034106 6.9978025887298454 EST 126
94.74270036 97.82444617 4.8814733928765035 NOR 127
7.268008893 52.53875918 8.5959924949336148 MNE 128
85.08341718 45.16531417 12.88974939040604 IRQ 129
-79.13158293 -20.33042924 11.005063678914977 GNB 130
-46.91826663 0.06586493533 5.4925904910677117 MLI 131
106.9575718 88.48109949 3.4038907470206374 KAZ 132
