15.5 45.2 116.33321069125279 HRV 0
64.0 41.0 122.76765337999177 UZB 1
25.0 43.0 107.84188361102821 BGR 2
-13.0 24.5 20.425844756553353 ESH 3
10.0 2.0 107.47857471675937 GNQ 4
21.0 44.0 124.2455631348511 SRB 5
-2.0 13.0 126.73903368625034 BFA 6
1.2 8.0 177.3346856276809 TGO 7
60.0 40.0 51.064611891383386 TKM 8
25.0 57.0 74.52634749956229 LVA 9
9.0 51.0 212.27160543518852 DEU 10
100.0 15.0 162.92732398817364 THA 11
47.5 40.5 154.29626886269418 AZE 12
105.0 35.0 169.05394606541736 CHN 13
11.8 -1.0 42.41745236876153 GAB 14
70.0 30.0 242.81209530423774 PAK 15
30.0 -2.0 328.5641732255195 RWA 16
38.0 35.0 154.63389786348114 SYR 17
30.0 -15.0 72.39658224744731 ZMB 18
10.0 56.0 167.11474511061147 DNK 19
84.0 28.0 201.81830308122977 NPL 20
9.0 34.0 123.0858422161474 TUN 21
90.0 24.0 501.05808734698996 BGD 22
75.0 41.0 81.38359940767388 KGZ 23
30.0 27.0 146.3159306580818 EGY 24
3.0 28.0 60.204289521499064 DZA 25
8.0 16.0 63.77967981013605 NER 26
65.0 33.0 110.58760606834116 AFG 27
48.0 15.0 111.05819375188538 YEM 28
-8.0 39.5 145.42211697530345 PRT 29
25.0 0.0 92.34085932841212 COD 30
47.7 29.3 213.80162095020881 KWT 31
-5.4 36.2 953.0632186013262 GIB 32
105.0 13.0 134.71769865098864 KHM 33
120.0 -5.0 167.11474511061147 IDN 34
71.0 39.0 117.55956496335529 TJK 35
-11.5 8.5 151.74010744909708 SLE 36
35.0 39.0 143.88989202054412 TUR 37
28.0 53.0 94.01992156997213 BLR 38
20.0 47.0 144.97314363770263 HUN 39
22.0 41.8 124.9779643770433 MKD 40
114.7 4.5 127.35477350685193 BRN 41
24.0 -29.0 97.02276259362843 ZAF 42
19.0 15.0 52.32565639338406 TCD 43
12.4 43.8 325.4943441826657 SMR 44
2.0 46.0 149.48941640090428 FRA 45
35.0 -18.2 90.19808819130787 MOZ 46
38.0 8.0 145.51174540721797 ETH 47
39.0 15.0 76.42651291445564 ERI 48
1.6 42.5 179.45415335699957 AND 49
18.0 44.0 108.80477667723952 BIH 50
18.5 -12.5 74.52634749956229 AGO 51
26.0 64.0 58.66877240624053 FIN 52
30.0 15.0 69.82980652160606 SDN 53
90.5 27.5 62.54112152357375 BTN 54
98.0 22.0 125.70609850346456 MMR 55
105.0 46.0 20.425844756553353 MNG 56
127.5 37.0 316.64177218727355 KOR 57
21.0 7.0 41.798186248972584 CAF 58
34.8 31.5 283.028807246918 ISR 59
113.5 22.2 2011.0123315951867 MAC 60
106.0 16.0 244.15079822302167 VNM 61
-5.0 32.0 126.5331212290764 MAR 62
35.8 33.8 314.45188306394334 LBN 63
45.0 25.0 57.09197171688868 SAU 64
53.0 32.0 101.87358076909882 IRN 65
43.0 11.5 96.21310090649051 DJI 66
24.0 56.0 90.63069541273245 LTU 67
100.0 60.0 40.851689513106706 RUS 68
30.0 -20.0 90.19808819130787 ZWE 69
-12.0 20.0 29.775529546760183 MRT 70
24.0 -22.0 29.775529546760183 BWA 71
51.2 25.5 211.34827959056045 QAT 72
-16.6 13.5 227.5671955930507 GMB 73
77.0 20.0 301.32448214648156 IND 74
12.0 6.0 106.99224382936046 CMR 75
12.4 41.9 471.6501820943766 VAT 76
-9.5 6.5 103.14545999451387 LBR 77
-2.0 8.0 168.35840688068848 GHA 78
25.0 46.0 127.86562503019502 ROU 79
32.0 49.0 109.52139107517317 UKR 80
30.0 -3.5 312.12134466164605 BDI 81
38.0 1.0 135.2971322869618 KEN 82
-10.0 11.0 104.40184565534089 GIN 83
34.0 -13.5 204.8321188553382 MWI 84
15.0 46.0 141.05299253657253 SVN 85
28.5 -29.5 120.40857904299813 LSO 86
-5.0 8.0 130.9884437136494 CIV 87
49.0 10.0 73.99965293159819 SOM 88
30.0 8.0 57.5468950185357 SSD 89
125.5 -8.6 131.48517831263254 TLS 90
9.5 47.2 216.22712816846965 LIE 91
4.0 50.8 270.06373435851145 BEL 92
15.0 -1.0 58.22261557078055 COG 93
35.0 -6.0 119.97467284243464 TZA 94
15.5 49.8 160.26480177516675 CZE 95
112.5 2.5 140.49729900701055 MYS 96
19.5 48.7 149.40217424792309 SVK 97
32.0 1.0 213.98448765872092 UGA 98
127.0 40.0 202.59205021199926 PRK 99
6.2 49.8 219.2212769094109 LUX 100
2.2 9.5 151.56816392933965 BEN 101
22.0 39.0 123.0858422161474 GRC 102
8.0 47.0 205.0865687905283 CHE 103
-14.0 14.0 132.07879387381547 SEN 104
36.0 31.0 155.30695391856386 JOR 105
5.8 52.5 314.45188306394334 NLD 106
57.0 21.0 53.313019990460106 OMN 107
12.8 42.8 193.97832327175672 ITA 108
105.0 18.0 79.10895657434922 LAO 109
45.0 40.0 135.77810476824504 ARM 110
7.4 43.7 1851.8298296878684 MCO 111
54.0 24.0 159.12178809253945 ARE 112
35.2 32.0 410.5861542837005 PSE 113
15.0 62.0 70.20223479774194 SWE 114
29.0 47.0 140.49729900701055 MDA 115
-4.0 40.0 134.03852695656335 ESP 116
8.0 10.0 215.50234245935633 NGA 117
20.0 41.0 139.75293721870725 ALB 118
31.5 -26.5 115.32013005910905 SWZ 119
43.5 42.0 100.71515747807038 GEO 120
17.0 25.0 27.020852772126418 LBY 121
147.0 -6.0 65.59368162840886 PNG 122
20.0 52.0 159.12178809253945 POL 123
13.3 47.3 143.25421251939022 AUT 124
114.2 22.2 1161.1109136038892 HKG 125
26.0 59.0 76.42651291445564 EST 126
10.0 62.0 53.313019990460106 NOR 127
19.0 42.0 93.88114670234665 MNE 128
44.0 33.0 140.77541996347892 IRQ 129
-15.0 12.0 120.19182174924207 GNB 130
-4.0 17.0 59.98733642121732 MLI 131
68.0 48.0 37.175598602273176 KAZ 132