18.61939729 47.60818177 44.533807217745306 HRV 0
63.85003319 43.83016453 46.996992309527926 UZB 1
27.57721938 38.72986244 41.283221069846888 BGR 2
-13.91191351 25.43538894 7.8192686958681321 ESH 3
11.78171979 2.33988912 41.144141883759261 GNQ 4
22.53090293 43.25875227 47.562754637560218 SRB 5
2.146711936 14.67956794 48.517286333017566 BFA 6
3.489424743 1.2468412 67.885934341846365 TGO 7
55.89028843 38.35211408 19.54817173967033 TKM 8
29.30556177 58.45190129 28.529617402176342 LVA 9
12.9933806 55.84442934 81.260223955657779 DEU 10
98.60393868 10.07838438 62.370616214222537 THA 11
48.61454061 41.83248419 59.066540424000038 AZE 12
97.27844356 41.87042365 64.715963728167878 CHN 13
10.42084021 -5.118238238 16.237930984916545 GAB 14
66.82407227 37.01041196 92.95150523365362 PAK 15
28.93377681 -5.528413581 125.77847256289328 RWA 16
38.07555034 39.17950636 59.195789025863917 SYR 17
29.99609614 -17.18917016 27.714316641600973 ZMB 18
13.49442134 59.01760287 63.973613362656039 DNK 19
82.50487152 21.37369505 77.258569148282902 NPL 20
15.53206467 21.95079122 47.118798973368882 TUN 21
87.58904173 26.88508435 191.81129906251886 BGD 22
73.62634366 46.11405663 31.15465914825036 KGZ 23
26.07205885 24.51315932 56.011567205046987 EGY 24
9.252038892 17.77605884 23.046954582448855 DZA 25
11.03039898 16.74253609 24.415658677317786 NER 26
63.77494386 36.48959175 42.334317948036556 AFG 27
50.16721684 17.224041 42.514464795643661 YEM 28
-13.57784315 39.21336959 55.669404154608429 PRT 29
22.6211278 -0.2707572778 35.349235211658097 COD 30
49.46240483 27.09620864 81.845933020002008 KWT 31
-21.20202623 32.1351471 364.84451337081953 GIB 32
106.3277742 6.780337894 51.571619014831185 KHM 33
121.7086062 -8.210729423 63.973613362656039 IDN 34
69.87351192 36.88288096 45.003270962534728 TJK 35
-16.27842899 5.817936262 58.088009882856824 SLE 36
35.57931122 39.70188174 55.08284928911408 TUR 37
34.60894099 44.99475356 35.992001226004987 BLR 38
21.34020035 48.50556321 55.497531548808638 HUN 39
25.80783423 35.24696685 47.843126988086951 MKD 40
117.8434137 -0.9208453886 48.752999233091558 BRN 41
20.81266527 -33.67218844 37.141526305373105 ZAF 42
16.01475675 15.76244409 20.030915338092207 TCD 43
15.02687731 46.13424237 124.60330363242798 SMR 44
-5.160240167 48.4882277 57.226417215971679 FRA 45
36.82124268 -16.54365144 34.528955635735002 MOZ 46
36.50339884 9.313070459 55.703715038700238 ETH 47
41.29726366 24.04087281 29.257024475064838 ERI 48
-10.7616986 43.39858902 68.697293081976909 AND 49
19.53756516 45.82520051 41.651828571755829 BIH 50
21.58464711 -11.13839758 28.529617402176342 AGO 51
43.84218405 65.17769457 22.459139436763884 FIN 52
31.84090378 15.73180629 26.731722809052243 SDN 53
89.1973085 21.69068551 23.941523083243005 BTN 54
91.81585137 21.39741091 48.121865833357347 MMR 55
91.48227017 50.08386695 7.8192686958681321 MNG 56
126.7071279 35.83829338 121.21442841543978 KOR 57
15.13467468 3.067990708 16.000868173434725 CAF 58
31.85536991 28.68423844 108.3469652742113 ISR 59
108.8513615 27.49309429 769.84065818877934 MAC 60
109.0985435 8.40099647 93.463977444750384 VNM 61
-12.66441897 25.47691715 48.438460470505902 MAR 62
32.56669573 36.04463101 120.37611148541555 LBN 63
50.35756859 21.51996363 21.855520422871578 SAU 64
54.54978611 32.63586176 38.998480138170763 IRN 65
45.74781278 8.29001876 36.831577690765926 DJI 66
24.24100861 53.71669331 34.694563087686532 LTU 67
71.1853766 61.80313103 15.638537391736264 RUS 68
28.67589834 -18.77414238 34.528955635735002 ZWE 69
-14.10023344 23.2792478 11.398444904619073 MRT 70
24.87147143 -25.29475506 11.398444904619073 BWA 71
56.52428248 27.87936581 80.906763280762021 QAT 72
-17.60886977 12.86048032 87.115567062965226 GMB 73
81.3244171 17.15900003 115.3507783217006 IND 74
13.48482115 4.175095635 40.957968340926769 CMR 75
21.47758209 37.8789713 180.55358533300256 VAT 76
-9.262470763 5.365275789 39.48537140414976 LBR 77
-3.932695104 7.767180868 64.44970263401359 GHA 78
30.84304018 43.93068079 48.948559581871748 ROU 79
40.1624721 44.31519616 41.926157520964892 UKR 80
25.00962415 -10.05991469 119.48395225328625 BDI 81
42.77578702 2.17279525 51.7934334536032 KEN 82
-6.975951182 8.81421087 39.966331539934984 GIN 83
40.80352237 -9.44905684 78.412295499309153 MWI 84
19.00088483 49.79363943 53.996848705407075 SVN 85
30.79167804 -26.69041762 46.09390916489771 LSO 86
-6.363891904 6.905267791 50.144013609131548 CIV 87
52.83308732 11.89290521 28.327992137877231 SOM 88
32.04304671 13.22953237 22.029670749283277 SSD 89
124.2681559 -7.84786929 50.334169822804569 TLS 90
10.47381866 53.20608583 82.774447501992341 LIE 91
5.591521333 53.7463392 103.3837733091176 BEL 92
15.42634735 -0.7190772444 22.288345023189358 COG 93
39.8212291 -6.870023397 45.927804447494381 TZA 94
19.41484937 52.68092615 61.351369429556172 CZE 95
117.585195 -3.176459645 53.784122276120684 MYS 96
21.58512488 50.9870966 57.19301982928323 SVK 97
27.99890905 1.499941976 81.915936681853537 UGA 98
128.9478993 46.69456139 77.554769221780816 PRK 99
9.691114319 48.91599077 83.920645066883992 LUX 100
4.838026563 14.74603694 58.022187754200388 BEN 101
24.70474429 30.14219369 47.118798973368882 GRC 102
4.300833168 49.83706825 78.509702115123986 CHE 103
-15.51095136 15.55928879 50.561413279819419 SEN 104
38.40487118 29.62254855 59.453443296950098 JOR 105
7.905278872 58.12036494 120.37611148541555 NLD 106
62.98156329 26.84398282 20.408890465097933 OMN 107
19.78193993 43.25212401 74.257326877469239 ITA 108
104.3698258 10.37757219 30.283897438618197 LAO 109
41.54692787 45.87514036 51.977555731593327 ARM 110
2.539196986 32.50015944 708.90360667738537 MCO 111
60.99216837 27.75532873 60.913809504175333 ARE 112
38.52271605 34.41507527 157.1775121867293 PSE 113
42.7619347 65.33320515 26.87429300851052 SWE 114
32.64365682 45.32140386 53.784122276120684 MDA 115
-11.98993964 40.96679974 51.311623600559329 ESP 116
8.457285295 13.81284428 82.496990472722388 NGA 117
22.48132861 30.32425846 53.499171279035693 ALB 118
30.16609227 -19.76559876 44.145987288253025 SWZ 119
41.95119585 51.08711128 38.555021222074046 GEO 120
19.31073646 21.48096272 10.343920201829693 LBY 121
146.6865715 -14.10788984 25.110081248375081 PNG 122
21.98948886 53.5677093 60.913809504175333 POL 123
13.72368012 51.94834822 54.839503230079146 AUT 124
135.6550215 25.81244643 444.48777161398789 HKG 125
28.31711873 62.20956289 29.257024475064838 EST 126
35.27061772 58.75805307 20.408890465097933 NOR 127
20.5197428 30.57647305 35.938876471991861 MNE 128
43.8547642 29.2692022 53.890590454769722 IRQ 129
-17.18022842 8.466386569 46.010931763381734 GNB 130
0.6704881759 15.29303022 22.963902223747191 MLI 131
66.83267815 53.67000931 14.23128383993285 KAZ 132
