43.00608007 96.28171256 12.557061120706921 HRV 0
172.3003428 75.28420824 37.190267079057826 UZB 1
59.83470506 63.65184275 16.219054210516582 BGR 2
-137.0862265 56.05788032 4.8067563876665504 ESH 3
-50.86405984 -83.05297202 8.2122012116535252 GNQ 4
54.62889947 77.42297986 16.768756670155742 SRB 5
-137.3469932 -8.612377897 30.241677316167273 BFA 6
-141.879952 -54.2444016 18.870849556599598 TGO 7
157.2849826 57.62047647 16.009163623128554 TKM 8
141.925864 153.3791824 8.4843270967260729 LVA 9
8.811916358 137.210064 57.238547839388026 DEU 10
235.7281354 -163.1756154 53.143183431408069 THA 11
147.5913475 72.4084258 20.237889446289813 AZE 12
281.2293705 4.988508459 236.80474093456917 CHN 13
-54.52532094 -92.66146749 9.789922219419763 GAB 14
189.0822619 -104.5956626 97.25798843362314 PAK 15
24.97148609 -157.5540857 23.545605091055275 RWA 16
77.97139174 14.79400922 30.225840536078788 SYR 17
-12.17500837 -179.5562569 28.444318200884272 ZMB 18
18.19803961 167.6761166 15.2478088008267 DNK 19
105.8556688 -124.2039344 34.860711515510097 NPL 20
-47.98100829 36.34086395 22.136663020574257 TUN 21
167.8898543 -180.7994142 82.479617937764189 BGD 22
196.302429 83.19489828 16.276737746062985 KGZ 23
-10.20456644 12.7321288 66.584789381892961 EGY 24
-97.71451935 30.15057735 42.35386041920701 DZA 25
-84.13926965 -9.888730877 32.710506560757047 NER 26
164.3688667 31.3048321 40.760695937709116 AFG 27
89.97629975 -61.27405964 36.810586215824081 YEM 28
-115.9926639 87.99591702 20.076669064768613 PRT 29
-17.67905019 -136.0266858 63.422018311371339 COD 30
97.49460642 -36.41757813 13.020670410425378 KWT 31
-72.35171606 59.83894112 1.1329633457435904 GIB 32
303.6711362 -144.946177 25.816605213989654 KHM 33
269.0652177 -223.620072 104.48136402769953 IDN 34
181.418675 52.44084197 19.974416800942763 TJK 35
-203.7636524 -8.45768022 18.595133539528913 SLE 36
89.07510174 51.3368503 58.098497280179103 TUR 37
136.5556513 130.4305727 19.3284881314313 BLR 38
74.00824022 103.8460496 19.987163229818361 HUN 39
48.70797092 64.14775774 9.0569604257762002 MKD 40
281.7029065 -123.7076718 4.2198916596449774 BRN 41
-27.70290172 -215.5937784 48.747317566996678 ZAF 42
-33.45280527 -40.61227871 26.813465849264972 TCD 43
-22.3157778 86.62214723 1.1508063858912092 SMR 44
-48.13062538 96.94731347 50.468822644874962 FRA 45
49.48944574 -199.0611112 36.514378401015769 MOZ 46
29.83344305 -76.86040299 70.546041612587103 ETH 47
40.99113221 -42.87324876 12.142968576167476 ERI 48
-45.70383881 74.12653512 1.7770982283583625 AND 49
45.85302566 86.48051166 11.238449618691737 BIH 50
-70.58799311 -148.2435358 37.985730249503682 AGO 51
162.5149378 169.8647094 14.769275929636084 FIN 52
-1.861105028 -39.2243301 43.500575062320337 SDN 53
235.2193781 -100.2429214 5.565028320431276 BTN 54
257.8080546 -125.7390389 46.332917598525327 MMR 55
260.8547732 111.0140313 11.644467007726591 MNG 56
390.0845455 83.00264934 45.13134315363525 KOR 57
-25.26057617 -81.56283958 15.029101654374699 CAF 58
33.47135453 15.22266302 18.996217189388506 ISR 59
240.2276928 -105.2282516 5.2620541529842972 MAC 60
339.680087 -132.0600567 62.357436562825313 VNM 61
-117.6127763 62.07268108 38.579420067195542 MAR 62
36.55784216 29.7890836 14.511818404630572 LBN 63
65.96385926 -38.67307422 38.121459497544961 SAU 64
132.9808225 -2.38753474 59.22384170286221 IRN 65
55.35508436 -54.98506477 6.6859618848297169 DJI 66
137.0792705 144.8751962 10.340522835179389 LTU 67
221.1750689 128.9126409 75.375622048486363 RUS 68
0.6575303612 -199.3131162 25.603029953893035 ZWE 69
-149.5046234 42.16874668 13.83031670550182 MRT 70
-29.12069588 -179.8720002 10.258426419874205 BWA 71
87.00853939 -39.29174123 10.336581335956653 QAT 72
-201.0688947 9.001076304 10.444430594358346 GMB 73
122.5788187 -315.1670848 237.05012914518309 IND 74
-40.61139401 -66.93501704 33.567875577731229 CMR 75
-24.53536758 42.65260058 0.14273996463758234 VAT 76
-207.2470465 -30.805287 14.598607327398124 LBR 77
-156.1652926 -34.32841155 36.635262367418953 GHA 78
91.50703031 92.76495542 27.972298945107518 ROU 79
132.3625681 106.1480674 38.017095393994964 UKR 80
7.959834008 -170.1252473 22.819205598105199 BDI 81
65.90884789 -117.9037523 46.5542406551113 KEN 82
-188.1087299 1.482392108 23.625512441898575 GIN 83
27.4236616 -181.044099 28.693573347859068 MWI 84
46.5452976 107.2904358 9.130896023358769 SVN 85
4.42531015 -183.8253656 9.5742239410731038 LSO 86
-185.8047785 -26.29830953 33.699632998247999 CIV 87
72.72298535 -83.31929255 26.714119015999053 SOM 88
0.1365888613 -103.4225537 20.88447149161146 SSD 89
324.790232 -202.6701191 7.3160324182542684 TLS 90
27.30734416 114.3573292 1.2443781621195815 LIE 91
-51.63802262 129.4402556 21.43952368190336 BEL 92
-47.85042386 -101.7718802 15.498300193355377 COG 93
64.24614545 -161.4249372 51.503024119408458 TZA 94
52.2303972 138.7690088 20.317769221632126 CZE 95
276.3836086 -160.110892 36.735232949191008 MYS 96
80.44531564 117.6077378 15.098083179099644 SVK 97
27.7867154 -127.359883 43.713866559415592 UGA 98
327.9680946 118.3091046 32.078087891570178 PRK 99
-31.39036644 114.6927231 5.0748022272783357 LUX 100
-130.1488481 -32.7721852 23.22454234302446 BEN 101
38.81515901 51.2969291 20.168303373972602 GRC 102
12.53596619 104.2773134 18.601158916192968 CHE 103
-187.5474955 29.59019562 26.432728327444451 SEN 104
45.0767982 1.958362916 21.116832849381122 JOR 105
-52.39883049 150.3286534 26.324593283299887 NLD 106
110.309232 -51.7871653 13.515899445744749 OMN 107
10.64763174 64.65843596 48.120519234662289 ITA 108
294.207448 -124.721913 17.328067322333666 LAO 109
137.0052588 64.51773778 10.453205380069374 ARM 110
-4.797495499 80.51594159 1.1942482260115264 MCO 111
112.1539184 -35.86743385 19.347453128436602 ARE 112
46.91064644 37.20373513 14.534966062107987 PSE 113
151.5742814 180.3807045 20.43077159041167 SWE 114
108.8228871 89.81008493 11.625204021819526 MDA 115
-88.24405993 87.43727964 43.233246755155612 ESP 116
-95.40041793 -73.23821842 93.824250225672941 NGA 117
40.92485818 69.05840143 10.55503888936032 ALB 118
26.44737121 -204.41514 6.900410717382937 SWZ 119
143.8832551 86.08250537 12.109364060164401 GEO 120
-47.62938138 -0.6704951365 16.460338010442232 LBY 121
322.4338923 -163.2533414 20.1571877413366 PNG 122
105.9245995 137.8630529 40.170840382954083 POL 123
46.75220216 119.3340632 18.771797818654669 AUT 124
283.2450822 -114.4353212 17.166224104648915 HKG 125
146.0546046 158.7305573 7.2136660185443509 EST 126
142.2904427 167.6545797 14.673779446007559 NOR 127
42.30798409 79.5434411 4.9631652484305366 MNE 128
90.6563947 -13.54763281 42.306690389331351 IRQ 129
-194.4274464 14.96677074 9.1975944702771741 GNB 130
-139.8525324 17.72317333 30.269287604609637 MLI 131
161.3538757 101.0355243 27.770536099467865 KAZ 132
