-75.67808044 -20.24655954 23.901803645853672 ECU 0
-32.12890137 -10.46017058 5.5857618140890297 SUR 1
-38.06027567 -25.74920079 14.222054495628539 BRA 2
-42.2289047 -51.05536427 11.409749219480975 ARG 3
-93.73133074 22.20995939 21.358283266398406 NIC 4
-128.5597979 52.13569182 11.871868067177079 BLZ 5
-48.47820566 -36.89053644 9.4497965835249929 BOL 6
-97.92202625 48.29456631 27.167237012560403 HND 7
-36.44541508 -39.81243949 11.596806754993013 PRY 8
-124.6666702 97.02020106 5.7751631902776213 CAN 9
-26.9261805 -49.67811125 12.360259421742416 URY 10
-140.2263953 -14.93107042 48.937974891289677 SLV 11
-161.6701461 59.952791 22.701323131687296 MEX 12
-99.34047753 -4.436356002 28.216248640152315 CRI 13
-68.94553117 4.133956876 21.658414371124419 PAN 14
-146.2228521 31.25357871 36.274099698178354 GTM 15
-44.08406295 3.71699679 15.968259686840874 VEN 16
-66.3913248 -51.09570227 14.33507922275045 CHL 17
-61.99919849 -36.06263331 14.447219752202678 PER 18
-132.4198802 85.84955663 17.012163728227698 USA 19
-53.05987712 -13.13815344 19.125943668285029 COL 20
-26.15698364 -10.55142069 5.3897087317528332 GUF 21
-36.87995715 -5.968328509 5.6812518390788114 GUY 22
