15.13417626 44.25662763 12.557061120706921 HRV 0
64.56666341 40.00328392 37.190267079057826 UZB 1
24.83221099 43.94918231 16.219054210516582 BGR 2
-14.48147445 24.21160218 4.8067563876665504 ESH 3
9.279229524 2.186563127 8.2122012116535252 GNQ 4
21.04600579 44.41925225 16.768756670155742 SRB 5
-1.473572972 13.18754389 30.241677316167273 BFA 6
1.049410448 7.705059087 18.870849556599598 TGO 7
60.27331397 40.14192487 16.009163623128554 TKM 8
25.48128327 57.27823618 8.4843270967260729 LVA 9
8.769372724 50.56824705 57.238547839388026 DEU 10
99.92398114 14.66934835 53.143183431408069 THA 11
46.99016787 41.13676563 20.237889446289813 AZE 12
104.2377131 35.13877251 236.80474093456917 CHN 13
11.72585309 0.07716092235 9.789922219419763 GAB 14
70.19169997 30.84991094 97.25798843362314 PAK 15
29.71246363 -1.578756266 23.545605091055275 RWA 16
38.31630763 35.35334648 30.225840536078788 SYR 17
29.91543279 -14.7760978 28.444318200884272 ZMB 18
10.21054317 56.27723153 15.2478088008267 DNK 19
84.72060279 27.9048043 34.860711515510097 NPL 20
9.031280291 34.88819088 22.136663020574257 TUN 21
90.9897291 23.5651407 82.479617937764189 BGD 22
74.8263584 40.51814962 16.276737746062985 KGZ 23
31.13288902 27.27040218 66.584789381892961 EGY 24
2.196795879 26.58936137 42.35386041920701 DZA 25
7.508064677 15.69389503 32.710506560757047 NER 26
64.18553988 32.82727648 40.760695937709116 AFG 27
48.23213425 14.60682263 36.810586215824081 YEM 28
-7.679273135 39.95744676 20.076669064768613 PRT 29
24.87329977 -1.417122541 63.422018311371339 COD 30
48.73119883 28.85285582 13.020670410425378 KWT 31
-5.717111737 36.6707957 1.1329633457435904 GIB 32
104.9993831 13.22561771 25.816605213989654 KHM 33
119.607771 -4.917997187 104.48136402769953 IDN 34
71.68703964 38.42559475 19.974416800942763 TJK 35
-10.79617823 8.240778873 18.595133539528913 SLE 36
33.18930122 38.16509999 58.098497280179103 TUR 37
28.64531639 53.76506255 19.3284881314313 BLR 38
20.33220211 46.01810115 19.987163229818361 HUN 39
22.05835106 41.04361345 9.0569604257762002 MKD 40
114.6893254 3.626389231 4.2198916596449774 BRN 41
24.18047056 -29.77504749 48.747317566996678 ZAF 42
18.70136918 15.39514365 26.813465849264972 TCD 43
11.89422934 44.04028742 1.1508063858912092 SMR 44
1.327544474 46.6056971 50.468822644874962 FRA 45
35.18402244 -17.90817089 36.514378401015769 MOZ 46
37.74195502 7.983290077 70.546041612587103 ETH 47
39.53455319 14.47902669 12.142968576167476 ERI 48
1.382234034 41.52245897 1.7770982283583625 AND 49
17.6440821 43.17874477 11.238449618691737 BIH 50
17.46556179 -12.59844608 37.985730249503682 AGO 51
26.95943828 63.78167444 14.769275929636084 FIN 52
30.19386941 16.16429685 43.500575062320337 SDN 53
90.86567574 26.90241784 5.565028320431276 BTN 54
98.37553356 21.92286299 46.332917598525327 MMR 55
105.045582 46.21639055 11.644467007726591 MNG 56
127.9748149 37.92791271 45.13134315363525 KOR 57
21.38942514 7.681031816 15.029101654374699 CAF 58
34.02317213 31.06612756 18.996217189388506 ISR 59
112.7719269 21.67302118 5.2620541529842972 MAC 60
107.4154753 15.83534975 62.357436562825313 VNM 61
-4.545260915 31.7725986 38.579420067195542 MAR 62
35.07537557 33.86372089 14.511818404630572 LBN 63
45.17062994 24.63198799 38.121459497544961 SAU 64
52.69159565 31.04546141 59.22384170286221 IRN 65
43.06251529 11.20628978 6.6859618848297169 DJI 66
23.78066802 56.43560768 10.340522835179389 LTU 67
99.6813121 59.46404263 75.375622048486363 RUS 68
28.87056821 -19.82030413 25.603029953893035 ZWE 69
-11.60524467 20.17161005 13.83031670550182 MRT 70
24.49054852 -21.92022098 10.258426419874205 BWA 71
50.88212124 25.55382477 10.336581335956653 QAT 72
-17.45767681 13.53633505 10.444430594358346 GMB 73
77.09204564 20.0003591 237.05012914518309 IND 74
11.14358824 5.468211978 33.567875577731229 CMR 75
13.14703668 40.76380079 0.14273996463758234 VAT 76
-10.01922673 7.24177356 14.598607327398124 LBR 77
-2.472842256 7.483158302 36.635262367418953 GHA 78
25.31820652 46.88159385 27.972298945107518 ROU 79
32.63427993 49.87307359 38.017095393994964 UKR 80
29.57860047 -3.344107042 22.819205598105199 BDI 81
38.17357632 1.002688634 46.5542406551113 KEN 82
-9.927557611 10.84397269 23.625512441898575 GIN 83
34.65170319 -14.4251141 28.693573347859068 MWI 84
14.2512479 45.46102778 9.130896023358769 SVN 85
28.75679287 -29.87380957 9.5742239410731038 LSO 86
-5.083989655 6.973124584 33.699632998247999 CIV 87
48.84925277 10.16000695 26.714119015999053 SOM 88
29.18861884 7.495844717 20.88447149161146 SSD 89
126.2843018 -6.827216816 7.3160324182542684 TLS 90
9.081130475 47.09184418 1.2443781621195815 LIE 91
4.137925663 51.03446399 21.43952368190336 BEL 92
14.91161043 -0.5201971652 15.498300193355377 COG 93
35.44904931 -5.663037894 51.503024119408458 TZA 94
15.79046661 50.06890945 20.317769221632126 CZE 95
112.175423 2.491860976 36.735232949191008 MYS 96
20.54574439 48.43937957 15.098083179099644 SVK 97
31.71787689 1.28896408 43.713866559415592 UGA 98
126.5257962 40.63354718 32.078087891570178 PRK 99
5.047125193 50.63513867 5.0748022272783357 LUX 100
2.468598094 9.557584013 23.22454234302446 BEN 101
22.91237312 38.88382842 20.168303373972602 GRC 102
6.753610881 46.20927839 18.601158916192968 CHE 103
-13.78062355 13.84562119 26.432728327444451 SEN 104
36.90075499 30.74471411 21.116832849381122 JOR 105
5.638586988 52.04657885 26.324593283299887 NLD 106
56.57861264 20.99954856 13.515899445744749 OMN 107
13.23180628 42.65974803 48.120519234662289 ITA 108
105.0954342 17.85601323 17.328067322333666 LAO 109
44.43131174 40.21705827 10.453205380069374 ARM 110
7.285871734 43.36947602 1.1942482260115264 MCO 111
53.55926654 22.80259856 19.347453128436602 ARE 112
35.62423011 32.09127678 14.534966062107987 PSE 113
15.48955441 62.57905183 20.43077159041167 SWE 114
29.32354627 46.13744837 11.625204021819526 MDA 115
-3.985722904 40.34033758 43.233246755155612 ESP 116
7.926290179 10.54330881 93.824250225672941 NGA 117
19.80143277 40.79769122 10.55503888936032 ALB 118
32.07169631 -26.08051391 6.900410717382937 SWZ 119
42.6174265 41.7019573 12.109364060164401 GEO 120
16.33844526 25.18631509 16.460338010442232 LBY 121
146.3746289 -7.638640043 20.1571877413366 PNG 122
20.1312299 51.55605317 40.170840382954083 POL 123
12.90681604 46.95342147 18.771797818654669 AUT 124
114.8647014 21.61738297 17.166224104648915 HKG 125
27.06078238 58.54107257 7.2136660185443509 EST 126
9.763411893 62.68530287 14.673779446007559 NOR 127
18.2433353 41.8988526 4.9631652484305366 MNE 128
43.78497219 33.12265199 42.306690389331351 IRQ 129
-15.25127898 12.40165552 9.1975944702771741 GNB 130
-3.473444485 18.29497235 30.269287604609637 MLI 131
68.01522621 47.54893119 27.770536099467865 KAZ 132
