40.156941998 130.532624292 8.7971586321948205 HRV 0
236.443434140 145.663790208 26.0545581424824597 UZB 1
83.432234432 132.579504957 11.3626581397136128 BGR 2
-183.857009590 7.979167021 3.3674916480965460 ESH 3
-81.294733429 -147.417212723 5.7532599454570050 GNQ 4
60.748479943 129.327690745 11.7477657450257276 SRB 5
-180.998862332 -80.166073733 21.1865523386888057 BFA 6
-182.153141529 -114.471226014 13.2204387219183666 TGO 7
199.291522968 144.407217818 11.2156141160437528 TKM 8
178.109233245 227.235544423 5.9439044406854249 LVA 9
-10.032934299 185.842847122 40.0998753115268158 DEU 10
532.996552285 -142.828961083 37.2307668467895141 THA 11
162.161309104 136.793037559 14.1781522068286314 AZE 12
455.832630109 80.286393633 165.8993972261506542 CHN 13
-68.758213490 -145.933421435 6.8585712797928995 GAB 14
239.828476388 -7.096606886 68.1364806839918913 PAK 15
42.986620451 -201.965913819 16.4954539191863567 RWA 16
93.614108488 27.926764287 21.1754574921063004 SYR 17
5.835332481 -236.993908963 19.9273681152328770 ZMB 18
-25.602824385 234.045764638 10.6822282319748272 DNK 19
321.140069418 -50.258519854 24.4225305814118485 NPL 20
-88.089455188 -9.61248964 15.5083848288595494 TUN 21
514.181158128 -234.544501726 57.7831290256939809 BGD 22
269.507806323 162.947655147 11.4030697621298476 KGZ 23
-18.558006783 6.310981131 46.6476151587624059 EGY 24
-132.489006731 -4.795497629 29.6720407117542671 DZA 25
-130.387284570 -69.799079513 22.9161515093612742 NER 26
263.247143772 97.997226092 28.5559100712969567 AFG 27
177.018600405 -83.818040239 25.7885633566510002 YEM 28
-158.921583285 88.058605311 14.0652052953378153 PRT 29
-9.782905351 -171.399626183 44.4318579399961919 COD 30
156.682105924 -6.4896795 9.1219515455849596 KWT 31
-125.204854158 53.387413454 0.7937253933193772 GIB 32
529.723680114 -87.850385072 18.0864590232582074 KHM 33
643.666882686 -257.023423355 73.1969944738170568 IDN 34
275.977023859 138.498465532 13.9935699519458137 TJK 35
-258.562941640 -55.404461711 13.0272790712412903 SLE 36
112.155450504 90.042756977 40.7023340854059086 TUR 37
172.475321731 208.615925491 13.5410487038486362 BLR 38
73.447504857 156.452214768 14.0024997768255588 HUN 39
73.561614096 116.886650148 6.3450768316861206 MKD 40
607.305909167 -156.263761281 2.9563490998188957 BRN 41
-16.710173289 -313.56046901 34.1511346810028797 ZAF 42
-81.230672890 -76.060109738 18.7848343085585512 TCD 43
-5.520937743 135.365389716 0.8062257748298547 SMR 44
-61.296703587 120.269331636 35.3571774891605415 FRA 45
42.356975277 -307.919304897 25.5810476720559841 MOZ 46
102.849219729 -90.556867913 49.4227680325576060 ETH 47
24.901919241 -60.864291147 8.5070558949615460 ERI 48
-85.095478963 92.558679603 1.2449899597988674 AND 49
47.521456229 114.630651921 7.8733728477698790 BIH 50
-41.824301609 -234.321249268 26.6118394704311854 AGO 51
192.492310363 250.630551657 10.3469802357982612 FIN 52
-32.645909447 -69.343443639 30.4753999153415265 SDN 53
375.431771664 -69.593309589 3.8987177379235805 BTN 54
466.787818917 -121.574153609 32.4596672811043732 MMR 55
292.369891569 183.900481634 8.1578183358052261 MNG 56
365.252628845 255.322908309 31.6178746913830473 KOR 57
-48.295638418 -116.560660897 10.5290075505719010 CAF 58
39.871274373 19.152524809 13.3082681067072031 ISR 59
549.689090050 -60.848388576 3.6864617182333550 MAC 60
590.482350354 -84.661002651 43.6860389598324659 VNM 61
-159.417596704 46.524298419 27.0277635034791714 MAR 62
50.345778507 42.723349918 10.1666120217110674 LBN 63
122.661164146 -17.525638911 26.7069279401431245 SAU 64
193.849553547 91.815631715 41.4907218544097915 IRN 65
44.272754215 -71.944446159 4.6840153714521451 DJI 66
163.347234823 227.655306452 7.2443081105099267 LTU 67
252.082168427 230.112544583 52.8062496301336850 RUS 68
16.201964517 -273.378549697 17.9368336113150200 ZWE 69
-196.683459924 3.649391153 9.6891692110314587 MRT 70
-7.402548430 -264.791827625 7.1867934435323821 BWA 71
143.104508313 -44.411772485 7.2415467960926678 QAT 72
-250.367887081 5.4458759 7.3171032519706793 GMB 73
290.877142235 -237.967186473 166.0713099845966099 IND 74
-82.244765304 -118.252486559 23.5168025037418502 CMR 75
-6.143917795 72.478564474 0.1000000000000000 VAT 76
-256.336455352 -78.512927368 10.2274141404364691 LBR 77
-220.788664255 -117.702718837 25.6657359138599297 GHA 78
108.107309427 151.421671444 19.5966833928601432 ROU 79
144.327865716 179.960171278 26.6338130953868628 UKR 80
41.832365047 -234.26164055 15.9865568525558839 BDI 81
22.079403276 -101.760144647 32.6147206028198440 KEN 82
-240.763679296 -31.800273211 16.5514349831064074 GIN 83
59.150907129 -265.699523161 20.1019899512461109 MWI 84
45.929620527 144.99020068 6.3968742366877880 SVN 85
15.518951478 -338.531784504 6.7074585350935996 LSO 86
-224.107352015 -68.274220569 23.6091084117973935 CIV 87
48.988156809 -48.963895803 18.7152344361485881 SOM 88
-23.302023132 -113.837971767 14.6311311934518358 SSD 89
709.641572902 -299.792572393 5.1254268114957968 TLS 90
39.701510109 152.662713899 0.8717797887081344 LIE 91
-62.874348395 170.653373157 15.0199866844148424 BEL 92
-53.443645547 -137.20782215 10.8577161502776391 COG 93
92.237929544 -220.421280181 36.0817128196542143 TZA 94
66.205253345 183.810395538 14.2341139520519580 CZE 95
586.741126251 -175.761750626 25.7357727686580695 MYS 96
89.474141758 175.290665617 10.5773342577418852 SVK 97
63.938862758 -159.958546218 30.6248265301209095 UGA 98
326.273299353 217.819971301 22.4730950249404202 PRK 99
-47.093418934 160.54313663 3.5552777669262396 LUX 100
-153.832449465 -105.923219245 16.2705254985817547 BEN 101
57.897109054 85.034606284 14.1294019689440482 GRC 102
26.890204230 147.80269333 13.0315002973564287 CHE 103
-224.887588528 -0.202690735 18.5180992545131673 SEN 104
69.482456828 1.109815551 14.7939176690963272 JOR 105
-84.192203611 196.349215938 18.4423425843899125 NLD 106
174.387898460 -49.105727255 9.4688964510126468 OMN 107
7.583847246 103.371382561 33.7120156620750819 ITA 108
500.303865652 -92.572105399 12.1396046064112202 LAO 109
151.621662323 118.051733459 7.3232506443518650 ARM 110
-28.116624756 106.024986653 0.8366600265340759 MCO 111
160.285747184 -31.161091623 13.5543350998859200 ARE 112
62.411127862 25.593484773 10.1828286836222404 PSE 113
177.392306317 270.081629965 14.3132805464016908 SWE 114
135.401537505 146.521712658 8.1443231762989328 MDA 115
-114.985087572 82.590075039 30.2881164815509436 ESP 116
-141.051410466 -186.634008406 65.7308907592160807 NGA 117
65.602814459 105.726317987 7.3945926189344533 ALB 118
19.541660641 -327.870325776 4.8342527861087330 SWZ 119
140.985604043 129.594695339 8.4835134231048368 GEO 120
-87.714558383 -36.338087253 11.5316954521006991 LBY 121
730.821456872 -260.599262786 14.1216146385602652 PNG 122
100.226771314 211.895841316 28.1426722256434410 POL 123
46.902036946 164.524451722 13.1510455858080455 AUT 124
430.674473722 -95.374512623 12.0262213516964636 HKG 125
187.991970748 232.028743228 5.0537115073973045 EST 126
173.165461037 243.55198405 10.2800778207171142 NOR 127
58.863330640 114.22628404 3.4770677301427355 MNE 128
150.084524759 31.307529452 29.6389945848370928 IRQ 129
-248.313210190 -8.509591745 6.4436014774348083 GNB 130
-195.595389618 -29.573918462 21.2058954067023535 MLI 131
201.640753763 175.431958722 19.4553334589772646 KAZ 132