19.75282287 47.09107431 44.533807217745306 HRV 0
63.85003319 43.83016453 46.996992309527926 UZB 1
29.09714788 38.44158877 41.283221069846888 BGR 2
-17.65729498 24.11199885 7.8192686958681321 ESH 3
11.70726982 2.125048181 41.144141883759261 GNQ 4
23.49078492 44.67023444 47.562754637560218 SRB 5
0.1562144945 11.58736605 48.517286333017566 BFA 6
3.489424743 1.2468412 67.885934341846365 TGO 7
56.05693703 38.56515519 19.54817173967033 TKM 8
29.21398717 58.46483294 28.529617402176342 LVA 9
12.92881669 56.35344805 81.260223955657779 DEU 10
98.60393868 10.07838438 62.370616214222537 THA 11
49.53120257 42.34467324 59.066540424000038 AZE 12
95.91111611 42.64063823 64.715963728167878 CHN 13
10.74101495 -4.858511409 16.237930984916545 GAB 14
66.85526494 37.01157518 92.95150523365362 PAK 15
28.99579817 -5.361266489 125.77847256289328 RWA 16
39.14194772 37.9808132 59.195789025863917 SYR 17
29.91842781 -17.20124398 27.714316641600973 ZMB 18
13.3381422 59.90787052 63.973613362656039 DNK 19
82.83686441 21.85739051 77.258569148282902 NPL 20
17.03552919 21.37260167 47.118798973368882 TUN 21
87.1414762 27.52608528 191.81129906251886 BGD 22
74.23547115 46.14758283 31.15465914825036 KGZ 23
26.07205885 24.51315932 56.011567205046987 EGY 24
12.43149375 17.27863857 23.046954582448855 DZA 25
12.07588462 15.86445964 24.415658677317786 NER 26
63.45621358 36.53926037 42.334317948036556 AFG 27
50.16721684 17.224041 42.514464795643661 YEM 28
-16.35438812 40.14649414 55.669404154608429 PRT 29
22.38617476 -0.1066746161 35.349235211658097 COD 30
49.6363865 27.11837143 81.845933020002008 KWT 31
-25.77262276 32.25888139 364.84451337081953 GIB 32
106.489777 5.372481882 51.571619014831185 KHM 33
121.6231464 -8.012749078 63.973613362656039 IDN 34
70.24638258 37.2310758 45.003270962534728 TJK 35
-16.35756478 5.936557869 58.088009882856824 SLE 36
36.44944662 38.74705749 55.08284928911408 TUR 37
34.95894927 45.42916799 35.992001226004987 BLR 38
24.49178299 48.55908959 55.497531548808638 HUN 39
26.94399686 34.69523383 47.843126988086951 MKD 40
118.0433883 -0.6288877966 48.752999233091558 BRN 41
20.42789225 -33.43174982 37.141526305373105 ZAF 42
16.41652744 15.36909738 20.030915338092207 TCD 43
14.02413351 47.76079518 124.60330363242798 SMR 44
-8.764635658 48.58729498 57.226417215971679 FRA 45
36.98610256 -16.66336254 34.528955635735002 MOZ 46
36.47173387 9.414720851 55.703715038700238 ETH 47
41.23154573 23.98644527 29.257024475064838 ERI 48
-10.95164095 46.31707563 68.697293081976909 AND 49
21.69644666 45.98534272 41.651828571755829 BIH 50
21.58464711 -11.13839758 28.529617402176342 AGO 51
43.97930817 65.22411463 22.459139436763884 FIN 52
31.58164172 16.15407845 26.731722809052243 SDN 53
86.68368054 21.78808611 23.941523083243005 BTN 54
91.74211251 22.12454021 48.121865833357347 MMR 55
91.10956042 50.15258454 7.8192686958681321 MNG 56
131.1986605 37.39166237 121.21442841543978 KOR 57
15.73119038 2.832063579 16.000868173434725 CAF 58
31.85536991 28.68423844 108.3469652742113 ISR 59
111.0957099 28.59216203 769.84065818877934 MAC 60
109.6656283 7.491534525 93.463977444750384 VNM 61
-17.44232392 25.753616 48.438460470505902 MAR 62
32.55705709 36.10532483 120.37611148541555 LBN 63
50.27051116 21.84557837 21.855520422871578 SAU 64
54.54978611 32.63586176 38.998480138170763 IRN 65
45.85163831 8.795909432 36.831577690765926 DJI 66
24.26605206 53.69250165 34.694563087686532 LTU 67
71.83055188 62.62461761 15.638537391736264 RUS 68
28.91929904 -18.68840073 34.528955635735002 ZWE 69
-14.98805938 21.68990281 11.398444904619073 MRT 70
24.52301028 -25.52952027 11.398444904619073 BWA 71
56.64324671 27.82000674 80.906763280762021 QAT 72
-17.65245642 12.94576306 87.115567062965226 GMB 73
80.4185375 17.39696815 115.3507783217006 IND 74
13.48482115 4.175095635 40.957968340926769 CMR 75
21.37633225 36.99759331 180.55358533300256 VAT 76
-9.194374762 5.08563206 39.48537140414976 LBR 77
-3.456878734 6.518346419 64.44970263401359 GHA 78
30.29685011 43.91954369 48.948559581871748 ROU 79
40.25420364 44.3248182 41.926157520964892 UKR 80
25.2107474 -10.10358403 119.48395225328625 BDI 81
42.28319105 2.094775115 51.7934334536032 KEN 82
-7.436412019 9.178080741 39.966331539934984 GIN 83
40.37180031 -10.02059988 78.412295499309153 MWI 84
19.2663412 50.78803669 53.996848705407075 SVN 85
30.85913 -26.72937836 46.09390916489771 LSO 86
-6.485243551 6.589573837 50.144013609131548 CIV 87
52.83308732 11.89290521 28.327992137877231 SOM 88
32.03217048 13.02140236 22.029670749283277 SSD 89
124.5254592 -8.094847034 50.334169822804569 TLS 90
10.82112682 52.93168784 82.774447501992341 LIE 91
3.835029497 55.16780216 103.3837733091176 BEL 92
15.86815192 -0.7418824462 22.288345023189358 COG 93
39.89445143 -6.806939411 45.927804447494381 TZA 94
18.694941 53.96057405 61.351369429556172 CZE 95
117.5572091 -3.112894741 53.784122276120684 MYS 96
22.26316894 50.41658008 57.19301982928323 SVK 97
28.41800412 1.969872447 81.915936681853537 UGA 98
128.9478993 46.69456139 77.554769221780816 PRK 99
8.709374232 49.41175929 83.920645066883992 LUX 100
3.923264376 11.4614934 58.022187754200388 BEN 101
26.62288252 30.73843837 47.118798973368882 GRC 102
4.780764469 50.06807802 78.509702115123986 CHE 103
-15.43579297 15.52516318 50.561413279819419 SEN 104
39.09784009 27.29035964 59.453443296950098 JOR 105
8.12740804 58.57617645 120.37611148541555 NLD 106
63.12883446 26.67449517 20.408890465097933 OMN 107
19.65691563 43.46171904 74.257326877469239 ITA 108
104.587543 9.911618641 30.283897438618197 LAO 109
43.57030356 45.4307839 51.977555731593327 ARM 110
0.5358967515 31.03008426 708.90360667738537 MCO 111
60.99216837 27.75532873 60.913809504175333 ARE 112
38.60243418 32.61733322 157.1775121867293 PSE 113
43.07759579 64.19285854 26.87429300851052 SWE 114
32.86698701 44.64885132 53.784122276120684 MDA 115
-14.21457916 42.20460912 51.311623600559329 ESP 116
9.328847623 12.38390357 82.496990472722388 NGA 117
24.15667754 31.16486567 53.499171279035693 ALB 118
30.30410355 -20.33078013 44.145987288253025 SWZ 119
43.78403695 50.87034754 38.555021222074046 GEO 120
19.22010587 20.67909469 10.343920201829693 LBY 121
146.6865715 -14.10788984 25.110081248375081 PNG 122
21.65623564 53.37330151 60.913809504175333 POL 123
14.44975752 52.27913758 54.839503230079146 AUT 124
140.7258493 25.35898316 444.48777161398789 HKG 125
28.44277318 62.20781016 29.257024475064838 EST 126
36.35569801 58.92461648 20.408890465097933 NOR 127
21.98537704 31.50804451 35.938876471991861 MNE 128
44.51646335 29.46347435 53.890590454769722 IRQ 129
-17.18022842 8.466386569 46.010931763381734 GNB 130
-1.907849696 12.56019699 22.963902223747191 MLI 131
66.2409078 53.45796023 14.23128383993285 KAZ 132
