40.9778638 130.5743291 8.79715863219482 HRV 0
236.9494525 146.839622 26.0545581424825 UZB 1
83.64398492 131.3950704 11.3626581397136 BGR 2
-183.9215815 7.976989229 3.36749164809655 ESH 3
-81.37567068 -147.2158029 5.75325994545701 GNQ 4
61.17584218 129.3317732 11.7477657450257 SRB 5
-181.2306352 -80.13604648 21.1865523386888 BFA 6
-181.5704792 -114.5219238 13.2204387219184 TGO 7
199.8645614 143.9801691 11.2156141160438 TKM 8
177.9477818 227.1768829 5.94390444068542 LVA 9
-10.25860923 184.6696754 40.0998753115268 DEU 10
532.7884908 -142.1617197 37.2307668467895 THA 11
162.6821106 136.1962862 14.1781522068286 AZE 12
453.5353053 81.27587348 165.899397226151 CHN 13
-69.1722683 -145.9191185 6.8585712797929 GAB 14
242.4387755 -4.137253238 68.1364806839919 PAK 15
42.71254958 -201.2538321 16.4954539191864 RWA 16
92.61816269 29.25639605 21.1754574921063 SYR 17
5.882433723 -238.4784558 19.9273681152329 ZMB 18
-25.09029575 233.7623419 10.6822282319748 DNK 19
320.8682361 -48.98612339 24.4225305814118 NPL 20
-88.52144031 -9.451257676 15.5083848288595 TUN 21
511.6491866 -232.1629243 57.783129025694 BGD 22
269.6735233 162.8890228 11.4030697621298 KGZ 23
-17.68512518 3.956974992 46.6476151587624 EGY 24
-135.1555704 -6.546367654 29.6720407117543 DZA 25
-130.1240396 -70.10598325 22.9161515093613 NER 26
260.9522332 98.60594322 28.555910071297 AFG 27
175.4649155 -83.41613792 25.788563356651 YEM 28
-158.5912703 87.84339552 14.0652052953378 PRT 29
-9.986337071 -170.3693594 44.4318579399962 COD 30
156.6272153 -6.603202907 9.12195154558496 KWT 31
-125.2058734 53.40805636 0.793725393319377 GIB 32
529.727964 -88.42210095 18.0864590232582 KHM 33
644.6527965 -255.8230683 73.1969944738171 IDN 34
275.448172 138.2773183 13.9935699519458 TJK 35
-258.637513 -55.25750793 13.0272790712413 SLE 36
112.5757485 89.80731766 40.7023340854059 TUR 37
172.4186671 208.9759889 13.5410487038486 BLR 38
72.94518898 155.8501295 14.0024997768256 HUN 39
73.65148626 116.7601063 6.34507683168612 MKD 40
607.2890248 -156.2871201 2.9563490998189 BRN 41
-16.1908592 -313.5854492 34.1511346810029 ZAF 42
-80.9484947 -75.77616783 18.7848343085586 TCD 43
-5.546456467 135.3688549 0.806225774829855 SMR 44
-60.65547252 121.5026028 35.3571774891605 FRA 45
42.60810259 -306.5798407 25.581047672056 MOZ 46
100.6324004 -91.66046757 49.4227680325576 ETH 47
25.27705777 -61.66823561 8.50705589496155 ERI 48
-85.04627797 92.53122704 1.24498995979887 AND 49
47.6091211 115.3626919 7.87337284776988 BIH 50
-40.9295168 -232.1854299 26.6118394704312 AGO 51
192.3230856 250.5290012 10.3469802357983 FIN 52
-31.87513941 -70.70463253 30.4753999153415 SDN 53
375.390216 -69.55761006 3.89871773792358 BTN 54
467.0858221 -121.8384474 32.4596672811044 MMR 55
292.3246761 183.9393083 8.15781833580523 MNG 56
364.9288135 255.1847448 31.617874691383 KOR 57
-47.99145218 -116.5653096 10.5290075505719 CAF 58
40.48443323 18.9162494 13.3082681067072 ISR 59
549.6023323 -60.89455214 3.68646171823336 MAC 60
589.714408 -84.63345352 43.6860389598325 VNM 61
-159.744088 43.75998773 27.0277635034792 MAR 62
50.49387321 42.58869148 10.1666120217111 LBN 63
122.5536756 -18.64721985 26.7069279401431 SAU 64
192.5498448 90.71683943 41.4907218544098 IRN 65
44.00629275 -72.13781499 4.68401537145215 DJI 66
163.7628986 227.2549995 7.24430811050993 LTU 67
249.1238983 227.0812855 52.8062496301337 RUS 68
15.51031508 -274.0410993 17.936833611315 ZWE 69
-196.3463763 3.756921722 9.68916921103146 MRT 70
-7.36864818 -264.6515765 7.18679344353238 BWA 71
143.2210795 -44.44430547 7.24154679609267 QAT 72
-250.3927005 5.172281566 7.31710325197068 GMB 73
293.6271107 -232.3344098 166.071309984597 IND 74
-81.08087074 -118.1483523 23.5168025037419 CMR 75
-6.146153731 72.4801393 0.1 VAT 76
-256.0200042 -78.20049119 10.2274141404365 LBR 77
-219.4556407 -116.8860577 25.6657359138599 GHA 78
107.3056985 150.8945119 19.5966833928601 ROU 79
144.8837671 179.0272101 26.6338130953869 UKR 80
41.25577285 -233.6024185 15.9865568525559 BDI 81
21.52185966 -102.3444344 32.6147206028198 KEN 82
-240.708491 -31.7427135 16.5514349831064 GIN 83
58.16096416 -264.6211504 20.1019899512461 MWI 84
45.901645 144.9084553 6.39687423668779 SVN 85
15.72959095 -338.5552035 6.7074585350936 LSO 86
-223.7658862 -67.91634559 23.6091084117974 CIV 87
49.10234033 -49.93949072 18.7152344361486 SOM 88
-23.00036658 -113.8250431 14.6311311934518 SSD 89
709.5929012 -299.7408406 5.1254268114958 TLS 90
39.69572437 152.6353064 0.871779788708134 LIE 91
-62.74138079 170.5474165 15.0199866844148 BEL 92
-53.51008022 -138.7174743 10.8577161502776 COG 93
90.28438929 -220.0759585 36.0817128196542 TZA 94
65.93705031 183.9775222 14.234113952052 CZE 95
586.1148932 -175.5081312 25.7357727686581 MYS 96
89.09768912 175.2408246 10.5773342577419 SVK 97
62.22151558 -159.4203361 30.6248265301209 UGA 98
326.6731347 217.8457682 22.4730950249404 PRK 99
-47.04059664 160.5603814 3.55527776692624 LUX 100
-154.0356771 -104.4533589 16.2705254985818 BEN 101
58.28328328 86.51516069 14.129401968944 GRC 102
26.51453178 148.1272913 13.0315002973564 CHE 103
-225.1875977 -0.5227161829 18.5180992545132 SEN 104
70.08563509 1.982659172 14.7939176690963 JOR 105
-83.08537759 196.373621 18.4423425843899 NLD 106
174.4837498 -48.48490142 9.46889645101265 OMN 107
8.572267374 104.7129487 33.7120156620751 ITA 108
500.5982179 -92.47930047 12.1396046064112 LAO 109
151.6065627 117.9525925 7.32325064435187 ARM 110
-28.09375232 106.0212783 0.836660026534076 MCO 111
160.1322764 -31.2664594 13.5543350998859 ARE 112
62.31374659 25.69515741 10.1828286836222 PSE 113
177.3259608 269.2608452 14.3132805464017 SWE 114
134.9904759 146.6651885 8.14432317629893 MDA 115
-114.6961601 81.95686638 30.2881164815509 ESP 116
-140.9243388 -183.1600345 65.7308907592161 NGA 117
65.46363073 106.1892824 7.39459261893445 ALB 118
19.54363506 -327.8472347 4.83425278610873 SWZ 119
141.0289708 129.6842166 8.48351342310484 GEO 120
-87.63107922 -36.43479649 11.5316954521007 LBY 121
730.5872307 -260.6060419 14.1216146385603 PNG 122
102.2082684 210.9618768 28.1426722256434 POL 123
47.46065476 163.8653274 13.151045585808 AUT 124
430.4307828 -95.19971076 12.0262213516965 HKG 125
187.8581731 231.9521055 5.0537115073973 EST 126
173.3311796 244.0340211 10.2800778207171 NOR 127
58.69303008 114.3183476 3.47706773014274 MNE 128
147.9205681 31.1939555 29.6389945848371 IRQ 129
-248.3278801 -8.747869643 6.44360147743481 GNB 130
-195.8824768 -29.20800974 21.2058954067024 MLI 131
202.3977196 174.5358911 19.4553334589773 KAZ 132
