19.55649105 47.83174195 44.533807217745306 HRV 0
64.21328318 44.53991827 46.996992309527926 UZB 1
22.92313121 43.54605399 41.283221069846888 BGR 2
-10.88162538 25.91352958 7.8192686958681321 ESH 3
18.2798463 0.5481413604 41.144141883759261 GNQ 4
19.44724016 44.63173748 47.562754637560218 SRB 5
1.190435208 14.16263433 48.517286333017566 BFA 6
1.390366966 -2.038814637 67.885934341846365 TGO 7
57.85781657 36.84368088 19.54817173967033 TKM 8
29.66939308 59.76168186 28.529617402176342 LVA 9
8.257363512 54.6983741 81.260223955657779 DEU 10
98.67724104 11.40249366 62.370616214222537 THA 11
47.29795777 40.62446607 59.066540424000038 AZE 12
106.8939157 33.52507552 64.715963728167878 CHN 13
7.014023563 -2.295580382 16.237930984916545 GAB 14
69.02095074 36.68510384 92.95150523365362 PAK 15
30.53868203 -3.627142588 125.77847256289328 RWA 16
38.8412663 39.42052624 59.195789025863917 SYR 17
31.266082 -16.67627508 27.714316641600973 ZMB 18
14.04523619 59.96728284 63.973613362656039 DNK 19
82.49781065 22.46635769 77.258569148282902 NPL 20
9.130388057 29.74159959 47.118798973368882 TUN 21
90.26747455 29.4778827 191.81129906251886 BGD 22
70.88920737 45.95173801 31.15465914825036 KGZ 23
28.05119503 25.45941639 56.011567205046987 EGY 24
4.276113889 21.90368972 23.046954582448855 DZA 25
11.9867796 18.03726551 24.415658677317786 NER 26
62.2922015 41.94788586 42.334317948036556 AFG 27
49.48097739 19.90345012 42.514464795643661 YEM 28
-7.691517709 37.3834139 55.669404154608429 PRT 29
20.77181375 -1.246554492 35.349235211658097 COD 30
47.8889613 26.26548857 81.845933020002008 KWT 31
-0.53225805 33.30392575 364.84451337081953 GIB 32
105.209355 10.97849564 51.571619014831185 KHM 33
122.4342747 -8.732538499 63.973613362656039 IDN 34
71.27661202 34.28988758 45.003270962534728 TJK 35
-16.2104488 6.521506148 58.088009882856824 SLE 36
35.73904511 42.70426821 55.08284928911408 TUR 37
32.52866435 45.88915393 35.992001226004987 BLR 38
20.67117531 47.68440326 55.497531548808638 HUN 39
23.11378472 38.94318584 47.843126988086951 MKD 40
115.6962406 -1.573914122 48.752999233091558 BRN 41
24.9214 -34.90024081 37.141526305373105 ZAF 42
14.11774741 18.38941469 20.030915338092207 TCD 43
13.70317957 43.91965753 124.60330363242798 SMR 44
1.717620819 41.64490659 57.226417215971679 FRA 45
32.41869101 -13.51190506 34.528955635735002 MOZ 46
38.35318713 14.84789194 55.703715038700238 ETH 47
38.74186577 23.19532714 29.257024475064838 ERI 48
-1.591651561 42.82899199 68.697293081976909 AND 49
18.76041213 41.75876477 41.651828571755829 BIH 50
20.84458613 -14.05513975 28.529617402176342 AGO 51
39.02949056 64.56569545 22.459139436763884 FIN 52
36.65400405 13.88457685 26.731722809052243 SDN 53
89.292255 23.65447832 23.941523083243005 BTN 54
96.43342604 20.59529002 48.121865833357347 MMR 55
94.84530417 52.4419255 7.8192686958681321 MNG 56
127.8749209 34.56623161 121.21442841543978 KOR 57
15.215357 -0.4218104592 16.000868173434725 CAF 58
35.36437468 27.55596209 108.3469652742113 ISR 59
108.2581239 26.25423218 769.84065818877934 MAC 60
109.7719143 15.4045267 93.463977444750384 VNM 61
-9.230813942 26.82599378 48.438460470505902 MAR 62
33.49415038 37.73715249 120.37611148541555 LBN 63
52.39665728 20.12996147 21.855520422871578 SAU 64
54.98918166 30.62087087 38.998480138170763 IRN 65
45.4628053 1.854897613 36.831577690765926 DJI 66
22.05010538 53.56707282 34.694563087686532 LTU 67
71.49107338 53.39409953 15.638537391736264 RUS 68
29.44386265 -18.51365616 34.528955635735002 ZWE 69
-15.8102108 26.05298853 11.398444904619073 MRT 70
24.49978204 -23.0542907 11.398444904619073 BWA 71
57.07265137 27.61402232 80.906763280762021 QAT 72
-15.26300475 12.99103608 87.115567062965226 GMB 73
79.10882077 20.3271359 115.3507783217006 IND 74
13.71054039 5.940433935 40.957968340926769 CMR 75
16.61962284 38.7148529 180.55358533300256 VAT 76
-9.367035961 6.683545156 39.48537140414976 LBR 77
-4.424304097 11.53907072 64.44970263401359 GHA 78
29.83520458 40.82554768 48.948559581871748 ROU 79
37.26129788 42.08146748 41.926157520964892 UKR 80
22.73725824 -8.559871611 119.48395225328625 BDI 81
40.30813535 2.579023559 51.7934334536032 KEN 82
-7.267014324 8.284278216 39.966331539934984 GIN 83
41.62859839 -14.61826205 78.412295499309153 MWI 84
13.63833391 47.26340087 53.996848705407075 SVN 85
26.5795704 -24.10635424 46.09390916489771 LSO 86
-6.051111981 7.734707789 50.144013609131548 CIV 87
53.02097994 13.92314674 28.327992137877231 SOM 88
33.14379085 13.05691009 22.029670749283277 SSD 89
124.1579023 -6.11215677 50.334169822804569 TLS 90
8.33671679 49.43345381 82.774447501992341 LIE 91
10.35632827 48.10654454 103.3837733091176 BEL 92
13.28600943 2.837520554 22.288345023189358 COG 93
38.34979493 -7.340997253 45.927804447494381 TZA 94
20.59478922 53.13096842 61.351369429556172 CZE 95
116.2750487 -3.647822063 53.784122276120684 MYS 96
20.19765646 51.7255532 57.19301982928323 SVK 97
29.12718273 0.2860023155 81.915936681853537 UGA 98
127.6451985 44.54466354 77.554769221780816 PRK 99
10.89846466 49.95109897 83.920645066883992 LUX 100
3.663866176 12.68146501 58.022187754200388 BEN 101
20.90282983 38.03224203 47.118798973368882 GRC 102
4.917815537 47.31444605 78.509702115123986 CHE 103
-15.15202507 18.8350462 50.561413279819419 SEN 104
35.4149588 33.47844511 59.453443296950098 JOR 105
8.12089385 52.8621789 120.37611148541555 NLD 106
63.37158129 27.72166013 20.408890465097933 OMN 107
14.44338719 40.52000287 74.257326877469239 ITA 108
103.6522538 14.7109438 30.283897438618197 LAO 109
37.22958765 48.29477441 51.977555731593327 ARM 110
8.39439409 38.4568355 708.90360667738537 MCO 111
61.74841636 24.74289937 60.913809504175333 ARE 112
37.23232116 38.21059576 157.1775121867293 PSE 113
32.86108596 70.29598332 26.87429300851052 SWE 114
35.50993425 47.19717784 53.784122276120684 MDA 115
-4.959841627 37.35315194 51.311623600559329 ESP 116
7.759759335 15.57090282 82.496990472722388 NGA 117
18.06437342 37.38826255 53.499171279035693 ALB 118
29.1271138 -19.33249893 44.145987288253025 SWZ 119
41.28607583 49.94548669 38.555021222074046 GEO 120
21.68117381 28.51658528 10.343920201829693 LBY 121
146.901577 -14.2223264 25.110081248375081 PNG 122
21.34242147 52.02078966 60.913809504175333 POL 123
12.42395944 51.6570969 54.839503230079146 AUT 124
122.3974275 26.00739874 444.48777161398789 HKG 125
28.68730147 61.12194292 29.257024475064838 EST 126
35.79985564 56.92476544 20.408890465097933 NOR 127
13.37172862 27.36623634 35.938876471991861 MNE 128
41.57790183 30.21704719 53.890590454769722 IRQ 129
-16.56283009 11.0334603 46.010931763381734 GNB 130
-1.115026302 13.69343687 22.963902223747191 MLI 131
68.9973435 51.83764625 14.23128383993285 KAZ 132
