-9.723972122 111.1150638 10.6517596039178 HRV 0
77.09871445 97.99796473 11.2409132626055 UZB 1
59.25936079 76.09979778 9.87427246813477 BGR 2
-49.0377772 -2.92489237 1.87024141052192 ESH 3
-25.23719162 -50.4011959 9.84100699750328 GNQ 4
33.85243642 113.5270263 11.3762343745348 SRB 5
-67.65048303 -10.64077844 11.6045427718973 BFA 6
-30.52518924 -77.09241168 16.2372071527845 TGO 7
89.45082843 78.82466928 4.67560352630479 TKM 8
103.4112452 123.8641132 6.82381869292867 LVA 9
-16.69436287 171.6725891 19.4361188726595 DEU 10
168.191425 -27.48459955 14.9180331026672 THA 11
81.26828088 58.75678066 14.1277521177404 AZE 12
124.4447782 67.72860518 15.4790019366148 CHN 13
-13.05737004 -53.07115231 3.88384798251473 GAB 14
140.4791243 33.64242968 22.2324824762943 PAK 15
47.72139271 -64.80490339 30.0841571109616 RWA 16
39.70717077 33.87717538 14.158666273125 SYR 17
1.478029619 -91.03676276 6.62881206203189 ZMB 18
14.99599509 186.213557 15.3014438491904 DNK 19
124.1634542 102.6612776 18.4789883758751 NPL 20
-32.58144651 18.94873872 11.270047427916 TUN 21
140.4954592 -98.5572047 45.8781311227088 BGD 22
108.97534 84.653069 7.45168582076514 KGZ 23
-11.7527386 10.61968614 13.3970524008806 EGY 24
-38.88519977 2.115806981 5.51245525931226 DZA 25
-26.709134 1.578540409 5.83982693261558 NER 26
104.7947104 51.31322756 10.1256776806325 AFG 27
66.26509707 -24.49923781 10.168765865407 YEM 28
-122.4436431 67.06125533 13.3152125855512 PRT 29
-0.507505646 -53.23351926 8.45495993225773 COD 30
108.2323306 11.83364777 19.5762109182535 KWT 31
-237.2428086 -55.80208576 87.2648509531839 GIB 32
180.3238259 -3.700377082 12.3350892827311 KHM 33
186.9602038 -47.6171907 15.3014438491904 IDN 34
100.7016314 70.32097982 10.7640476669572 TJK 35
-96.64927421 -59.8704031 13.893703588308 SLE 36
57.71693137 50.97356284 13.1749182381311 TUR 37
90.31658041 118.6292121 8.60869906875057 BLR 38
11.56073985 115.7010738 13.2741034643272 HUN 39
42.93954908 86.59039493 11.443294863273 MKD 40
209.8160761 -8.115545559 11.6609214492211 BRN 41
-3.779232981 -118.900534 8.8836466999791 ZAF 42
-12.40524863 -12.62661344 4.79106791351923 TCD 43
-95.1121089 153.999509 29.8030758892253 SMR 44
-79.21274955 117.6342027 13.6876246892078 FRA 45
8.761009908 -102.433766 8.25876245001663 MOZ 46
13.04877212 1.0530659 13.3234191888484 ETH 47
24.24155746 15.73793824 6.99780258872985 ERI 48
-96.59451529 39.88568477 16.4312709167503 AND 49
10.63133857 136.7908085 9.96243736450974 BIH 50
-13.73476087 -63.95782738 6.82381869292867 AGO 51
102.0724289 94.03786504 5.3718594734464 FIN 52
-4.746760189 -5.938899262 6.39379165963456 SDN 53
117.6362395 44.75093067 5.72642143950222 BTN 54
149.3467052 4.298175467 11.5099646442235 MMR 55
104.6133177 100.8199012 1.87024141052192 MNG 56
238.428734 22.84388923 28.9925122658972 KOR 57
-6.265475599 -19.45086427 3.82714642842155 CAF 58
-58.37135023 44.29313353 25.9148251635459 ISR 59
461.8168897 27.63961003 184.133316611684 MAC 60
188.9834717 27.50830111 22.3550574622954 VNM 61
-52.92421238 10.6626473 11.5856889125373 MAR 62
-49.25981458 93.15139967 28.7920005430423 LBN 63
58.61435864 -2.847258153 5.22748366032762 SAU 64
95.20216234 36.45802866 9.32779973917061 IRN 65
31.68156185 -10.01166407 8.80951205175054 DJI 66
91.25336177 135.5103654 8.29837304872832 LTU 67
100.1476916 104.9670505 3.74048282104383 RUS 68
-6.331214335 -103.5373777 8.25876245001663 ZWE 69
-53.25735128 -2.335490834 2.72632192412523 MRT 70
-6.639599538 -93.56189434 2.72632192412523 BWA 71
88.25780348 -40.84490938 19.3515768500107 QAT 72
-130.5741623 -44.24951681 20.8366213464887 GMB 73
128.2704791 -26.04234409 27.5900228965372 IND 74
-9.431066032 -31.44838772 9.79647732562582 CMR 75
-147.6317229 21.75691227 43.1854697980164 VAT 76
-76.87698612 -74.76304415 9.44425618074768 LBR 77
-48.63572227 -54.75616968 15.415316630013 GHA 78
54.02956229 104.4627464 11.7076962918272 ROU 79
71.7435647 117.0889663 10.0280523703205 UKR 80
-37.80193583 -117.1523863 28.578610620582 BDI 81
45.8483225 -26.26366053 12.3881436750249 KEN 82
-85.39804244 -39.97746875 9.55929399281715 GIN 83
37.21554357 -107.912843 18.7549408826919 MWI 84
-25.80493501 125.250142 12.9151646291299 SVN 85
1.415706989 -136.2766683 11.0249105186245 LSO 86
-73.52279169 -55.57769934 11.993629377531 CIV 87
49.75040092 -9.296035452 6.77559322154946 SOM 88
0.711665812 -15.02038398 5.26913757513467 SSD 89
211.9281719 -59.92859881 12.0391116392504 TLS 90
-52.26445376 169.3739889 19.7982964229255 LIE 91
-130.0495819 118.8742001 24.7277106772012 BEL 92
-10.10499531 -45.18677873 5.33100823819959 COG 93
9.23399403 -77.03979876 10.9851809821354 TZA 94
12.62761572 159.0839639 14.6742459125387 CZE 95
193.0203685 -22.75672217 12.8642839403294 MYS 96
31.79066427 140.4850046 13.6796365795755 SVK 97
17.26886439 -31.49594473 19.5929546512516 UGA 98
158.9015564 81.21515197 18.5498345975362 PRK 99
-110.6155139 196.5759646 20.0724481670179 LUX 100
-65.06812071 -33.64699348 13.8779600097802 BEN 101
41.37688406 66.01485891 11.270047427916 GRC 102
-75.32943708 195.7604969 18.7782389548828 CHE 103
-88.10987248 -17.34367177 12.0934645640712 SEN 104
41.98774688 8.196271772 14.2202929681685 JOR 105
-20.93387458 215.2819101 28.7920005430423 NLD 106
63.47140475 -10.64164544 4.8814733928765 OMN 107
-53.16838433 135.2635932 17.7611402245702 ITA 108
165.6655268 9.277941913 7.24341383633885 LAO 109
75.44378811 35.33777841 12.4321827178424 ARM 110
-1.49927419 -300.3097299 169.558168780795 MCO 111
81.95417372 -4.653478659 14.5695887222231 ARE 112
-1.847712094 55.87384739 37.5942947516013 PSE 113
91.69792157 91.31696377 6.42789212366825 SWE 114
51.54039009 126.6475863 12.8642839403294 MDA 115
-96.8612514 66.05706946 12.2729026244603 ESP 116
-35.61240478 -25.60194571 19.7319332314348 NGA 117
22.45400849 94.66998953 12.7961283140879 ALB 118
14.31378746 -121.5069862 10.5589994085372 SWZ 119
76.2946943 79.42518582 9.22173160658582 GEO 120
-19.93386935 -3.184158699 2.47409683194783 LBY 121
196.2191388 -64.6166998 6.00592147410119 PNG 122
71.41675998 141.6845402 14.5695887222231 POL 123
-10.02032114 142.8617004 13.1167138338067 AUT 124
268.1701326 -151.6275448 106.314218026856 HKG 125
105.1253529 136.3349241 6.99780258872985 EST 126
93.12809868 101.4914221 4.8814733928765 NOR 127
3.209426483 97.65531172 8.59599249493361 MNE 128
65.81098876 14.44708474 12.889749390406 IRQ 129
-103.2961622 -34.61965582 11.005063678915 GNB 130
-52.12910642 -9.71652261 5.49259049106771 MLI 131
97.23737631 84.2696713 3.40389074702064 KAZ 132
