74.425918 83.47991451 12.557061120706921 HRV 0
204.6350492 64.05243445 37.190267079057826 UZB 1
105.8811171 80.59837148 16.219054210516582 BGR 2
-145.3111996 45.34847191 4.8067563876665504 ESH 3
-69.06093804 -109.0307 8.2122012116535252 GNQ 4
90.15095348 77.96404896 16.768756670155742 SRB 5
-165.2369654 -31.31224206 30.241677316167273 BFA 6
-167.4341871 -80.37377363 18.870849556599598 TGO 7
181.9808307 51.86641584 16.009163623128554 TKM 8
178.0757376 156.2345451 8.4843270967260729 LVA 9
43.53045746 160.8262098 57.238547839388026 DEU 10
233.2207923 -198.1617323 53.143183431408069 THA 11
177.2692216 68.74721546 20.237889446289813 AZE 12
320.312795 -21.71395712 236.80474093456917 CHN 13
-71.0680789 -117.500299 9.789922219419763 GAB 14
194.1582525 -122.6222821 97.25798843362314 PAK 15
17.50256259 -180.477119 23.545605091055275 RWA 16
99.73351736 -3.79416381 30.225840536078788 SYR 17
-26.0550641 -200.0577691 28.444318200884272 ZMB 18
14.51637764 187.8758664 15.2478088008267 DNK 19
103.9698017 -127.8055124 34.860711515510097 NPL 20
-57.00906554 11.8736566 22.136663020574257 TUN 21
166.1955688 -208.6213145 82.479617937764189 BGD 22
230.1966264 67.91217562 16.276737746062985 KGZ 23
-9.333743742 12.22666795 66.584789381892961 EGY 24
-107.9676812 16.97146256 42.35386041920701 DZA 25
-102.8822327 -36.83336154 32.710506560757047 NER 26
190.6783431 13.05638486 40.760695937709116 AFG 27
110.4284808 -93.76047107 36.810586215824081 YEM 28
-115.1144752 93.85768063 20.076669064768613 PRT 29
-39.11817677 -155.6936999 63.422018311371339 COD 30
122.6474434 -68.52776377 13.020670410425378 KWT 31
-71.86773934 60.41934899 1.1329633457435904 GIB 32
311.9333261 -204.4018281 25.816605213989654 KHM 33
266.8732251 -266.5386487 104.48136402769953 IDN 34
211.005214 37.1586436 19.974416800942763 TJK 35
-222.0532302 -4.809441646 18.595133539528913 SLE 36
122.2298066 48.59774318 58.098497280179103 TUR 37
168.821456 132.2429971 19.3284881314313 BLR 38
103.5757903 97.95194099 19.987163229818361 HUN 39
85.78710357 66.19832196 9.0569604257762002 MKD 40
288.9703187 -157.7324488 4.2198916596449774 BRN 41
-49.75020142 -233.693506 48.747317566996678 ZAF 42
-51.59818179 -63.08348435 26.813465849264972 TCD 43
-16.12839685 84.22483057 1.1508063858912092 SMR 44
-26.93332273 107.3112683 50.468822644874962 FRA 45
28.32293244 -235.5872044 36.514378401015769 MOZ 46
24.29536394 -93.35486325 70.546041612587103 ETH 47
37.60980077 -55.65658808 12.142968576167476 ERI 48
-45.03024768 73.74089412 1.7770982283583625 AND 49
77.7717774 72.47228291 11.238449618691737 BIH 50
-85.73575021 -170.8833564 37.985730249503682 AGO 51
200.5913596 171.5762249 14.769275929636084 FIN 52
-17.98607158 -57.96169853 43.500575062320337 SDN 53
243.5665268 -148.7595012 5.565028320431276 BTN 54
264.8983553 -161.9718607 46.332917598525327 MMR 55
294.2078945 103.369622 11.644467007726591 MNG 56
426.0541384 79.4934105 45.13134315363525 KOR 57
-39.49261489 -103.122902 15.029101654374699 CAF 58
50.51986137 -2.899399858 18.996217189388506 ISR 59
266.0404733 -137.0522298 5.2620541529842972 MAC 60
371.121516 -181.3264917 62.357436562825313 VNM 61
-118.3812327 65.68655654 38.579420067195542 MAR 62
57.81153722 11.56766424 14.511818404630572 LBN 63
84.37287358 -66.61693457 38.121459497544961 SAU 64
144.7576018 -3.689877586 59.22384170286221 IRN 65
51.92658125 -67.88622226 6.6859618848297169 DJI 66
170.7200436 146.4615153 10.340522835179389 LTU 67
252.2646905 120.0435447 75.375622048486363 RUS 68
-15.05004852 -224.3062022 25.603029953893035 ZWE 69
-158.6048368 33.30806484 13.83031670550182 MRT 70
-44.57447727 -203.9517292 10.258426419874205 BWA 71
108.7068023 -69.60833319 10.336581335956653 QAT 72
-218.9213549 9.14643543 10.444430594358346 GMB 73
114.538258 -354.2188671 237.05012914518309 IND 74
-59.70000884 -91.13041747 33.567875577731229 CMR 75
-16.45239608 45.67792369 0.14273996463758234 VAT 76
-223.2675712 -20.81225861 14.598607327398124 LBR 77
-184.5194121 -59.67808969 36.635262367418953 GHA 78
127.3870919 93.89152686 27.972298945107518 ROU 79
161.1489136 105.0150047 38.017095393994964 UKR 80
-2.272050752 -191.558731 22.819205598105199 BDI 81
55.14694758 -140.828699 46.5542406551113 KEN 82
-200.9935627 -2.16510361 23.625512441898575 GIN 83
18.2129467 -205.7243555 28.693573347859068 MWI 84
75.51192254 95.12670566 9.130896023358769 SVN 85
-2.426562062 -207.2397211 9.5742239410731038 LSO 86
-201.7440732 -30.356831 33.699632998247999 CIV 87
71.28742698 -95.10277077 26.714119015999053 SOM 88
-9.549166879 -121.7919376 20.88447149161146 SSD 89
336.147118 -232.0353545 7.3160324182542684 TLS 90
55.92307095 115.1926303 1.2443781621195815 LIE 91
-33.00936019 142.6083957 21.43952368190336 BEL 92
-60.9927714 -124.4268171 15.498300193355377 COG 93
53.0943249 -188.7908693 51.503024119408458 TZA 94
81.1590421 135.1280218 20.317769221632126 CZE 95
282.3437652 -198.1476687 36.735232949191008 MYS 96
109.2100145 116.1342376 15.098083179099644 SVK 97
12.16243675 -148.3846793 43.713866559415592 UGA 98
359.2637486 110.1517841 32.078087891570178 PRK 99
-10.53817898 129.8528554 5.0748022272783357 LUX 100
-154.0876188 -57.48993759 23.22454234302446 BEN 101
84.51798076 51.72335213 20.168303373972602 GRC 102
40.11736761 123.3717398 18.601158916192968 CHE 103
-197.6061004 24.57155964 26.432728327444451 SEN 104
60.96515749 -19.24058543 21.116832849381122 JOR 105
-38.98069647 166.806287 26.324593283299887 NLD 106
133.5582084 -79.9757814 13.515899445744749 OMN 107
27.78843739 64.96786141 48.120519234662289 ITA 108
294.1908943 -172.7722203 17.328067322333666 LAO 109
163.5603542 63.06609459 10.453205380069374 ARM 110
-4.220669324 80.68421513 1.1942482260115264 MCO 111
138.537315 -61.68551653 19.347453128436602 ARE 112
71.47182444 14.82721784 14.534966062107987 PSE 113
188.8705739 183.9157406 20.43077159041167 SWE 114
140.8769745 80.30658338 11.625204021819526 MDA 115
-83.75605013 84.81071418 43.233246755155612 ESP 116
-120.1458824 -107.4465955 93.824250225672941 NGA 117
71.21455798 58.33182611 10.55503888936032 ALB 118
4.873768466 -238.2183698 6.900410717382937 SWZ 119
172.6874323 83.70042768 12.109364060164401 GEO 120
-65.97741629 -23.90437254 16.460338010442232 LBY 121
329.8499208 -177.590878 20.1571877413366 PNG 122
137.9949828 137.0576236 40.170840382954083 POL 123
75.62890454 111.7225963 18.771797818654669 AUT 124
300.7222868 -157.4268008 17.166224104648915 HKG 125
186.9442013 159.5941437 7.2136660185443509 EST 126
179.5257205 168.6309113 14.673779446007559 NOR 127
73.37225433 65.99115728 4.9631652484305366 MNE 128
115.1538059 -42.84861837 42.306690389331351 IRQ 129
-213.413504 16.88283406 9.1975944702771741 GNB 130
-149.7078565 4.519589813 30.269287604609637 MLI 131
194.5600275 93.80006731 27.770536099467865 KAZ 132
