0.8084254576 94.21894764 28.537990747697954 HRV 0
97.19008175 69.70856097 30.116439969779236 UZB 1
54.04054661 69.58972014 26.454962073330357 BGR 2
-48.73674525 0.5133905625 5.010715041841995 ESH 3
-16.27035897 -31.80741482 26.365837860205033 GNQ 4
41.96620237 72.17756816 30.47898970651816 SRB 5
-47.07028818 -8.967193259 31.090669201158288 BFA 6
-30.43507705 -34.5167166 43.502415068040477 TGO 7
87.79636424 65.62406904 12.526787604604987 TKM 8
78.27423604 109.9143241 18.282244620986376 LVA 9
-17.07292495 129.050262 52.072878208319693 DEU 10
132.6864162 -33.85558765 39.968109165848851 THA 11
87.08864161 78.51826766 37.850803455379669 AZE 12
138.4124995 64.05388802 41.471046144172696 CHN 13
-11.3375602 -37.12943368 10.405531284211813 GAB 14
98.96213996 41.45965691 59.564842129320823 PAK 15
19.13016857 -26.02515138 80.600898744385262 RWA 16
66.98383973 59.28531094 37.933628069635212 SYR 17
11.6234936 -64.67758028 17.759786582576918 ZMB 18
4.44616264 147.1829897 40.995335909946881 DNK 19
120.0878989 63.13784706 49.508552474614177 NPL 20
-16.41716792 7.63039044 30.19449566864866 TUN 21
133.8088997 31.65852159 122.91581205230848 BGD 22
107.8652311 69.36650282 19.964414229695002 KGZ 23
2.10254912 17.39037549 35.893126739560699 EGY 24
-29.82357716 6.286305454 14.768864773242742 DZA 25
-14.56677311 -1.468758336 15.645952703424003 NER 26
92.87727312 59.22979771 27.128522113639942 AFG 27
69.47439202 -3.30761746 27.243963154759381 YEM 28
-112.0306992 67.50853754 35.673863070504133 PRT 29
-0.1647061583 -32.52558639 22.6523670540011 COD 30
80.519974 26.47584245 52.448210139348106 KWT 31
-173.296599 2.612015899 233.79832081313785 GIB 32
147.6188948 -29.01748261 33.047935450320651 KHM 33
148.7479252 -49.62203514 40.995335909946881 IDN 34
103.9853382 60.18234871 28.838830780073092 TJK 35
-68.16143878 -33.77766834 37.223745108606629 SLE 36
66.09064744 73.73123644 35.297989136289736 TUR 37
78.5321235 101.6733088 23.064262010133788 BLR 38
46.77959427 84.30063991 35.563724298623939 HUN 39
38.72490406 60.57031954 30.658656886243435 MKD 40
159.5865705 -33.20221036 31.241717875899614 BRN 41
17.54548378 -80.40106335 23.800896448749473 ZAF 42
-0.4498075966 -4.173261495 12.836137584002028 TCD 43
-23.29902044 85.26631772 79.847831307310187 SMR 44
-70.82032534 100.6756193 36.671622460846834 FRA 45
49.35058737 -77.1599246 22.126718509430216 MOZ 46
35.75984999 -1.396196033 35.695850045208161 ETH 47
39.13930802 10.36711838 18.7483789493274 ERI 48
-67.54496684 85.05312793 44.022346995388965 AND 49
20.0273115 90.12420079 26.691171778635322 BIH 50
-4.075827656 -44.48166914 18.282244620986376 AGO 51
92.26085393 97.85337917 14.392183230905879 FIN 52
14.0948168 3.504345412 17.13012441233149 SDN 53
108.3616935 16.43404933 15.342118873751685 BTN 54
151.1946898 6.872426444 30.837277289131155 MMR 55
114.0990021 92.17624273 5.010715041841995 MNG 56
241.8843291 13.58100179 77.676184739690541 KOR 57
3.254485731 -12.30083115 10.253617564201088 CAF 58
22.8439792 18.39710722 69.430504277759582 ISR 59
339.1859686 -45.31764061 493.32646259444425 MAC 60
157.1373068 -13.01103274 59.893242689085007 VNM 61
-47.70564576 8.595781475 31.040156301507803 MAR 62
12.76310225 70.13730681 77.138977564123607 LBN 63
61.71589435 4.65480013 14.005374311799255 SAU 64
85.67276093 51.87991949 24.990862782419555 IRN 65
59.18731179 -3.425509551 23.602276316123458 DJI 66
70.32466128 109.1259569 22.23284246843593 LTU 67
101.0889312 99.520176 10.02143008368399 RUS 68
16.46441324 -71.40906747 22.126718509430216 ZWE 69
-49.78086544 -1.698469341 7.3043095919396075 MRT 70
10.92413946 -69.58918009 7.3043095919396075 BWA 71
93.79119994 8.192340147 51.846374837059365 QAT 72
-86.14332143 -30.1196815 55.825077668920258 GMB 73
95.84649663 -16.61081556 73.918662026558764 IND 74
-1.898130425 -17.32948131 26.246534814389989 CMR 75
-26.46923901 34.61849956 115.70168529502678 VAT 76
-60.76527042 -43.66723679 25.302870654904186 LBR 77
-43.25684821 -23.6699788 41.300421687918899 GHA 78
58.37968288 90.61621178 31.367036140219717 ROU 79
87.42956064 91.29824069 26.866966248128421 UKR 80
28.23097868 -55.71523613 76.567267362310048 BDI 81
58.18732688 -28.52725004 33.190077764145322 KEN 82
-58.53764434 -20.4195134 25.611077762325817 GIN 83
56.13514269 -64.43338498 50.247879156700158 MWI 84
0.418654465 109.3420109 34.602062231627954 SVN 85
34.92859647 -77.03698508 29.537729546485483 LSO 86
-54.22694592 -33.11949727 32.133102598504621 CIV 87
64.64113278 -10.86858076 18.15303985978268 SOM 88
18.95926599 -2.135940927 14.116972684234538 SSD 89
163.0878587 -47.77477585 32.254957804817671 TLS 90
-30.61237057 111.022636 53.043217378827713 LIE 91
-61.96802109 126.8987704 66.25000983482235 BEL 92
-7.184591631 -34.49709467 14.282735382207104 COG 93
48.49596542 -50.56946181 29.431286931659752 TZA 94
18.6985194 114.0322141 39.314959185470592 CZE 95
133.8833045 -48.48832566 34.465743662657282 MYS 96
34.81024681 91.99836917 36.650220870193635 SVK 97
44.37127351 -18.79226425 52.493069628779978 UGA 98
155.6552859 86.60244665 49.698362317631073 PRK 99
-37.80206423 131.7165639 53.777719491839861 LUX 100
-33.61831843 -8.787288851 37.181565213916137 BEN 101
24.51657978 38.26435798 30.19449566864866 GRC 102
-46.6583637 98.44849328 50.310298906426482 CHE 103
-61.23158497 -8.793800421 32.400579122170356 SEN 104
50.34766945 9.37764434 38.098737133147701 JOR 105
-30.14174488 156.371771 77.138977564123607 NLD 106
76.62949188 0.1724255643 13.078350216409746 OMN 107
-10.82313023 62.78350239 47.585307427602821 ITA 108
161.2777851 8.215845653 19.406415909645048 LAO 109
78.43458975 67.41012914 33.308066325960112 ARM 110
79.5181083 -177.0094007 454.27700509530524 MCO 111
70.86653651 9.783896367 39.034563641451086 ARE 112
50.43441852 37.43182639 100.72191597272028 PSE 113
86.36005165 99.93990639 17.221485723821072 SWE 114
71.15214612 93.00984808 34.465743662657282 MDA 115
-81.21178347 59.31482836 32.881326144031945 ESP 116
-17.45241209 -16.1487858 52.865418384560847 NGA 117
11.80384513 39.19382669 34.283142411464119 ALB 118
43.76006805 -85.47388564 28.289469405125189 SWZ 119
75.09641487 81.43434866 24.706687068839141 GEO 120
-9.155211296 6.416598537 6.6285529456622623 LBY 121
158.0476284 -55.97095619 16.090950024469048 PNG 122
52.71667395 107.581818 39.034563641451086 POL 123
-13.37114451 108.5708826 35.142049008662916 AUT 124
221.7477795 -144.6075334 284.83502099345412 HKG 125
84.97886534 112.8120163 18.7483789493274 EST 126
80.36163603 94.78585463 13.078350216409746 NOR 127
10.84875754 50.45780624 23.030218800419412 MNE 128
75.97616773 45.24764729 34.533970209790922 IRQ 129
-69.37413105 -19.62934063 29.484556272860946 GNB 130
-44.88006529 -0.01492172034 14.715643465829876 MLI 131
93.92833392 86.37693173 9.1196390321201388 KAZ 132
