75.866236 85.34731345 12.557061120706921 HRV 0
205.4394824 62.64929649 37.190267079057826 UZB 1
107.7317163 81.1614107 16.219054210516582 BGR 2
-145.2919739 45.38036588 4.8067563876665504 ESH 3
-70.40750842 -109.5220766 8.2122012116535252 GNQ 4
91.66848618 80.68792032 16.768756670155742 SRB 5
-164.1546649 -30.61500736 30.241677316167273 BFA 6
-167.9149748 -79.63556662 18.870849556599598 TGO 7
182.1392586 51.29535019 16.009163623128554 TKM 8
179.1126064 156.8069231 8.4843270967260729 LVA 9
44.4834483 158.9197369 57.238547839388026 DEU 10
233.1770145 -198.5715266 53.143183431408069 THA 11
178.0788446 68.47849343 20.237889446289813 AZE 12
322.465026 -23.07200598 236.80474093456917 CHN 13
-71.80517805 -118.1806332 9.789922219419763 GAB 14
196.8213597 -126.4810077 97.25798843362314 PAK 15
16.76731918 -181.0119349 23.545605091055275 RWA 16
101.210663 -4.317133726 30.225840536078788 SYR 17
-26.29986742 -200.8501277 28.444318200884272 ZMB 18
14.51637764 187.8758664 15.2478088008267 DNK 19
104.0100972 -128.1285624 34.860711515510097 NPL 20
-57.00906554 11.8736566 22.136663020574257 TUN 21
166.2275795 -208.5846089 82.479617937764189 BGD 22
231.2282852 66.29791948 16.276737746062985 KGZ 23
-7.882033272 12.15484395 66.584789381892961 EGY 24
-108.2702331 16.24703472 42.35386041920701 DZA 25
-103.7280199 -38.14924927 32.710506560757047 NER 26
191.7216372 11.53288556 40.760695937709116 AFG 27
111.8172212 -94.05094063 36.810586215824081 YEM 28
-115.1107145 93.91801656 20.076669064768613 PRT 29
-40.39084146 -157.7280966 63.422018311371339 COD 30
126.028532 -69.60727715 13.020670410425378 KWT 31
-71.86773934 60.41934899 1.1329633457435904 GIB 32
312.0151587 -204.2791869 25.816605213989654 KHM 33
267.3058234 -267.3738777 104.48136402769953 IDN 34
211.9341493 35.5665001 19.974416800942763 TJK 35
-222.3147117 -4.816047539 18.595133539528913 SLE 36
123.6017713 48.62168119 58.098497280179103 TUR 37
170.7528556 132.7576245 19.3284881314313 BLR 38
105.5949458 98.67535159 19.987163229818361 HUN 39
87.39163835 66.35059424 9.0569604257762002 MKD 40
289.1426128 -158.0243004 4.2198916596449774 BRN 41
-50.85002458 -233.7140729 48.747317566996678 ZAF 42
-50.16745756 -64.2384004 26.813465849264972 TCD 43
-15.38849591 84.01469376 1.1508063858912092 SMR 44
-26.45083214 107.2548853 50.468822644874962 FRA 45
27.71413437 -237.0617665 36.514378401015769 MOZ 46
25.61625671 -95.02991369 70.546041612587103 ETH 47
39.32111275 -57.1493514 12.142968576167476 ERI 48
-45.03024768 73.74089412 1.7770982283583625 AND 49
79.57766055 74.36530477 11.238449618691737 BIH 50
-87.07813027 -173.8784197 37.985730249503682 AGO 51
200.6106781 171.5183291 14.769275929636084 FIN 52
-16.36337273 -58.63528729 43.500575062320337 SDN 53
243.122022 -148.7704808 5.565028320431276 BTN 54
264.7897478 -161.8325543 46.332917598525327 MMR 55
294.2078945 103.369622 11.644467007726591 MNG 56
425.9609957 77.9751846 45.13134315363525 KOR 57
-40.59283831 -105.0177527 15.029101654374699 CAF 58
52.04402168 -3.025998975 18.996217189388506 ISR 59
266.01094 -136.7220207 5.2620541529842972 MAC 60
371.121516 -181.3264917 62.357436562825313 VNM 61
-118.5326506 65.49736063 38.579420067195542 MAR 62
59.34614588 11.58854347 14.511818404630572 LBN 63
85.27808836 -67.69219065 38.121459497544961 SAU 64
145.597674 -4.138455483 59.22384170286221 IRN 65
53.41027615 -69.66789387 6.6859618848297169 DJI 66
172.6251942 147.0914773 10.340522835179389 LTU 67
253.5544311 118.5555301 75.375622048486363 RUS 68
-15.69674522 -224.9841295 25.603029953893035 ZWE 69
-159.093145 32.85989037 13.83031670550182 MRT 70
-44.87767264 -204.0746015 10.258426419874205 BWA 71
109.6618159 -69.50215176 10.336581335956653 QAT 72
-219.1242002 8.974595478 10.444430594358346 GMB 73
116.7483659 -356.171951 237.05012914518309 IND 74
-60.31459621 -91.84748801 33.567875577731229 CMR 75
-15.66802484 45.91045523 0.14273996463758234 VAT 76
-224.5810874 -20.83244117 14.598607327398124 LBR 77
-185.8766486 -59.42309309 36.635262367418953 GHA 78
128.9561447 94.30683243 27.972298945107518 ROU 79
163.2257713 105.743838 38.017095393994964 UKR 80
-2.902192846 -192.1146209 22.819205598105199 BDI 81
54.74886976 -144.07849 46.5542406551113 KEN 82
-201.9926644 -1.629516497 23.625512441898575 GIN 83
17.25011231 -207.068383 28.693573347859068 MWI 84
76.59960885 95.90418824 9.130896023358769 SVN 85
-2.292050027 -207.9000704 9.5742239410731038 LSO 86
-202.7293559 -29.58883907 33.699632998247999 CIV 87
72.96452587 -96.78794835 26.714119015999053 SOM 88
-9.288972847 -122.701918 20.88447149161146 SSD 89
336.1333291 -232.037969 7.3160324182542684 TLS 90
57.79901563 114.9502236 1.2443781621195815 LIE 91
-32.59135631 142.9972116 21.43952368190336 BEL 92
-62.53103211 -126.2946663 15.498300193355377 COG 93
53.22266276 -191.8261313 51.503024119408458 TZA 94
81.95686136 134.8706106 20.317769221632126 CZE 95
282.1066764 -198.4148866 36.735232949191008 MYS 96
110.8538057 114.9456056 15.098083179099644 SVK 97
11.02307984 -148.7505275 43.713866559415592 UGA 98
359.9253207 102.5059659 32.078087891570178 PRK 99
-10.44047502 129.8396533 5.0748022272783357 LUX 100
-155.7919346 -58.54235884 23.22454234302446 BEN 101
85.62961587 52.21380516 20.168303373972602 GRC 102
40.52231609 117.2405349 18.601158916192968 CHE 103
-198.5546016 25.03373368 26.432728327444451 SEN 104
62.42046417 -19.59244192 21.116832849381122 JOR 105
-38.44511 166.9869638 26.324593283299887 NLD 106
135.3218073 -80.64765611 13.515899445744749 OMN 107
29.33858039 63.48370728 48.120519234662289 ITA 108
294.2369265 -172.8040972 17.328067322333666 LAO 109
164.2356545 62.81992697 10.453205380069374 ARM 110
-4.220669324 80.68421513 1.1942482260115264 MCO 111
140.2798987 -62.85920438 19.347453128436602 ARE 112
73.22176111 14.38100123 14.534966062107987 PSE 113
188.8374096 183.9918804 20.43077159041167 SWE 114
142.3165789 80.38626674 11.625204021819526 MDA 115
-83.64325064 84.78417025 43.233246755155612 ESP 116
-121.4092273 -108.815696 93.824250225672941 NGA 117
73.1831467 60.52635022 10.55503888936032 ALB 118
4.530068557 -239.7387753 6.900410717382937 SWZ 119
173.3149358 83.50241111 12.109364060164401 GEO 120
-65.08225132 -23.66592484 16.460338010442232 LBY 121
329.8499208 -177.590878 20.1571877413366 PNG 122
139.6837459 137.8228659 40.170840382954083 POL 123
77.27504194 110.2358746 18.771797818654669 AUT 124
300.755849 -157.311295 17.166224104648915 HKG 125
186.9442013 159.5941437 7.2136660185443509 EST 126
179.5257205 168.6309113 14.673779446007559 NOR 127
75.16405995 67.82211292 4.9631652484305366 MNE 128
116.6827386 -44.26634237 42.306690389331351 IRQ 129
-213.965562 17.03731433 9.1975944702771741 GNB 130
-149.7078565 4.519589813 30.269287604609637 MLI 131
196.0342381 92.86308134 27.770536099467865 KAZ 132
