-44.46280339 -0.9803147417 4.74725428217579 ECU 0
-14.56384171 14.98984868 0.878651398847461 SUR 1
-13.98180852 -2.202223734 16.3745769278543 BRA 2
-26.10506004 -29.10717119 7.53058728595709 ARG 3
-55.22525153 18.55585431 2.95461664514993 NIC 4
-65.84244953 30.96057889 0.713379105238484 BLZ 5
-29.02883997 -15.72689989 3.91767191724312 BOL 6
-60.81407769 22.0252139 3.6227725255448 HND 7
-23.10524669 -19.13338759 2.9155880831169 PRY 8
-77.74725766 108.7508975 6.931528392866 CAN 9
-17.66370766 -24.60440838 2.05929615340227 URY 10
-65.99691727 18.21746447 2.80817644690301 SLV 11
-77.65507403 40.53233047 12.6152430314164 MEX 12
-53.37930913 13.37240513 2.54112452450061 CRI 13
-48.63147903 12.18545226 2.35281899672055 PAN 14
-68.18544527 25.99060604 4.73439439009603 GTM 15
-22.78851254 18.33176563 5.97731444764312 VEN 16
-35.81919598 -21.3601124 4.93145127910665 CHL 17
-37.81127253 -10.07941919 6.52378291896375 PER 18
-77.34578364 77.55606406 20.523724091066 USA 19
-35.92694288 8.48033798 8.03298559480558 COL 20
-13.06315265 14.97859123 0.622074568783537 GUF 21
-16.3548887 15.57786911 1.00408824701442 GUY 22
