40.9778638 130.5743291 8.79715863219482 HRV 0
236.9402679 146.8209645 26.0545581424825 UZB 1
83.60687 131.4012087 11.3626581397136 BGR 2
-171.899441 17.1464686 3.36749164809655 ESH 3
-81.3780146 -147.2151305 5.75325994545701 GNQ 4
61.17584218 129.3317732 11.7477657450257 SRB 5
-163.9158434 -48.30559887 21.1865523386888 BFA 6
-181.7448261 -77.75954892 13.2204387219184 TGO 7
199.8645614 143.0374048 11.2156141160438 TKM 8
172.2421696 223.9761688 5.94390444068542 LVA 9
-9.955825264 184.9724708 40.0998753115268 DEU 10
532.7372375 -142.1645487 37.2307668467895 THA 11
162.6821106 136.1962862 14.1781522068286 AZE 12
453.657331 81.22780823 165.899397226151 CHN 13
-69.16615786 -145.9219069 6.8585712797929 GAB 14
242.3988528 -4.129193348 68.1364806839919 PAK 15
42.7014079 -201.266208 16.4954539191864 RWA 16
92.38462364 31.38388901 21.1754574921063 SYR 17
5.883184748 -238.4747718 19.9273681152329 ZMB 18
-0.15456261 234.4528784 10.6822282319748 DNK 19
320.8653924 -48.97416214 24.4225305814118 NPL 20
-92.41123371 -18.71724221 15.5083848288595 TUN 21
511.6946923 -232.2432084 57.783129025694 BGD 22
269.6770173 162.8907568 11.4030697621298 KGZ 23
-17.68512518 3.956974992 46.6476151587624 EGY 24
-135.1555704 -6.546367654 29.6720407117543 DZA 25
-120.5767297 -57.02460813 22.9161515093613 NER 26
260.9522332 98.60594322 28.555910071297 AFG 27
174.2682907 -82.66917442 25.788563356651 YEM 28
-158.6555708 83.99345045 14.0652052953378 PRT 29
-10.02587711 -170.330533 44.4318579399962 COD 30
156.2515287 -6.334916202 9.12195154558496 KWT 31
-125.2058734 53.40805636 0.793725393319377 GIB 32
529.7368207 -88.3808207 18.0864590232582 KHM 33
644.6527965 -255.8230683 73.1969944738171 IDN 34
275.2689423 138.0980733 13.9935699519458 TJK 35
-258.0179146 -25.86903251 13.0272790712413 SLE 36
112.5567591 89.7925168 40.7023340854059 TUR 37
177.358808 205.3371559 13.5410487038486 BLR 38
72.09649513 153.3040327 14.0024997768256 HUN 39
73.65647341 116.7623769 6.34507683168612 MKD 40
607.2890248 -156.2871201 2.9563490998189 BRN 41
-16.19655184 -314.5475406 34.1511346810029 ZAF 42
-80.9484947 -75.77616783 18.7848343085586 TCD 43
-4.23496164 136.7099346 0.806225774829855 SMR 44
-60.65547252 121.5026028 35.3571774891605 FRA 45
43.17553608 -306.581885 25.581047672056 MOZ 46
100.6335009 -91.55911158 49.4227680325576 ETH 47
24.08217824 -59.27847273 8.50705589496155 ERI 48
-85.89777181 94.81426995 1.24498995979887 AND 49
47.60796085 115.6021082 7.87337284776988 BIH 50
-40.88694601 -232.2307332 26.6118394704312 AGO 51
190.3659921 249.9929936 10.3469802357983 FIN 52
-31.87513941 -70.70463253 30.4753999153415 SDN 53
375.0107604 -69.55761006 3.89871773792358 BTN 54
467.0858221 -121.8384474 32.4596672811044 MMR 55
282.6422115 176.8981401 8.15781833580523 MNG 56
363.0820728 252.1068639 31.617874691383 KOR 57
-47.9883556 -116.5637967 10.5290075505719 CAF 58
40.48112904 18.91596185 13.3082681067072 ISR 59
547.1425545 -59.58592787 3.68646171823336 MAC 60
589.7175302 -77.48957378 43.6860389598325 VNM 61
-157.8191002 43.97387399 27.0277635034792 MAR 62
49.03395423 40.54480339 10.1666120217111 LBN 63
122.5536756 -18.64721985 26.7069279401431 SAU 64
192.5786859 90.69075578 41.4907218544098 IRN 65
33.8306679 -67.71039342 4.68401537145215 DJI 66
160.7013384 217.653684 7.24430811050993 LTU 67
249.1360696 227.1028956 52.8062496301337 RUS 68
14.70651211 -274.3353671 17.936833611315 ZWE 69
-184.8997821 18.14641566 9.68916921103146 MRT 70
-10.21468318 -271.3052325 7.18679344353238 BWA 71
145.0251719 -43.38402944 7.24154679609267 QAT 72
-240.6060641 17.9185713 7.31710325197068 GMB 73
293.6818505 -232.4308162 166.071309984597 IND 74
-81.09792514 -118.1345104 23.5168025037419 CMR 75
-5.166448398 73.80833297 0.1 VAT 76
-240.8164367 -41.45933366 10.2274141404365 LBR 77
-214.6609782 -97.69521602 25.6657359138599 GHA 78
107.9112664 149.3805959 19.5966833928601 ROU 79
150.6197106 175.1481925 26.6338130953869 UKR 80
41.25577285 -233.6024185 15.9865568525559 BDI 81
21.47642355 -102.2115349 32.6147206028198 KEN 82
-230.6456248 -16.76542621 16.5514349831064 GIN 83
58.16096416 -264.6211504 20.1019899512461 MWI 84
47.11886878 144.6031422 6.39687423668779 SVN 85
17.06032139 -337.2244845 6.7074585350936 LSO 86
-207.9620532 -49.77230262 23.6091084117974 CIV 87
49.00191174 -49.90770109 18.7152344361486 SOM 88
-23.02769655 -113.844734 14.6311311934518 SSD 89
709.5929012 -298.4721944 5.1254268114958 TLS 90
39.35677707 152.5059729 0.871779788708134 LIE 91
-62.95249377 170.7585218 15.0199866844148 BEL 92
-53.5315788 -138.6319423 10.8577161502776 COG 93
90.29468543 -220.1098218 36.0817128196542 TZA 94
65.93705031 183.9775222 14.234113952052 CZE 95
586.1148932 -175.5081312 25.7357727686581 MYS 96
87.67437216 172.1510877 10.5773342577419 SVK 97
62.26676346 -159.4709025 30.6248265301209 UGA 98
322.7650842 216.1853373 22.4730950249404 PRK 99
-47.04059664 161.2582726 3.55527776692624 LUX 100
-151.2265513 -82.49519508 16.2705254985818 BEN 101
58.85910543 86.16811264 14.129401968944 GRC 102
26.51453178 148.1272913 13.0315002973564 CHE 103
-215.1247315 14.68859158 18.5180992545132 SEN 104
71.26777163 2.921030353 14.7939176690963 JOR 105
-64.08510675 204.0973454 18.4423425843899 NLD 106
174.4995732 -47.38632964 9.46889645101265 OMN 107
8.56701209 104.7059468 33.7120156620751 ITA 108
500.5931869 -92.46798492 12.1396046064112 LAO 109
151.6065627 117.9525925 7.32325064435187 ARM 110
-27.42392009 107.3406448 0.836660026534076 MCO 111
160.2861308 -30.0284757 13.5543350998859 ARE 112
62.32511013 25.69213501 10.1828286836222 PSE 113
177.6793334 270.86014 14.3132805464017 SWE 114
134.5749681 144.5660028 8.14432317629893 MDA 115
-114.6961601 81.95686638 30.2881164815509 ESP 116
-155.1483169 -164.4822419 65.7308907592161 NGA 117
65.46508693 106.1872083 7.39459261893445 ALB 118
20.8743655 -326.5164852 4.83425278610873 SWZ 119
141.0289708 129.6842166 8.48351342310484 GEO 120
-87.09666302 -45.09043232 11.5316954521007 LBY 121
730.9902458 -258.9939814 14.1216146385603 PNG 122
106.4472439 205.511773 28.1426722256434 POL 123
47.46337281 163.8653358 13.151045585808 AUT 124
432.7073636 -95.19971076 12.0262213516965 HKG 125
177.2819554 233.7611723 5.0537115073973 EST 126
169.948838 247.5929986 10.2800778207171 NOR 127
58.69303008 114.4704548 3.47706773014274 MNE 128
147.8744189 31.11891223 29.6389945848371 IRQ 129
-237.993087 4.68933901 6.44360147743481 GNB 130
-185.7156372 -12.04869702 21.2058954067024 MLI 131
202.3678423 174.5452258 19.4553334589773 KAZ 132
