75.7241803 85.41239338 12.557061120706921 HRV 0
205.5784363 62.8387499 37.190267079057826 UZB 1
107.7020714 80.81527029 16.219054210516582 BGR 2
-145.2919739 45.38036588 4.8067563876665504 ESH 3
-70.31982748 -109.4957879 8.2122012116535252 GNQ 4
91.65324725 80.3723477 16.768756670155742 SRB 5
-164.1235812 -30.59009768 30.241677316167273 BFA 6
-167.8621931 -79.57852104 18.870849556599598 TGO 7
182.3684044 51.36633765 16.009163623128554 TKM 8
179.1126064 156.8069231 8.4843270967260729 LVA 9
44.46820908 158.9175226 57.238547839388026 DEU 10
233.1430258 -198.5478894 53.143183431408069 THA 11
178.2064399 68.50866472 20.237889446289813 AZE 12
322.3228068 -22.94554066 236.80474093456917 CHN 13
-71.62840958 -118.1585724 9.789922219419763 GAB 14
196.6600634 -126.1021577 97.25798843362314 PAK 15
16.79101564 -180.8970046 23.545605091055275 RWA 16
101.2140977 -4.314576686 30.225840536078788 SYR 17
-26.21239901 -200.893711 28.444318200884272 ZMB 18
14.51637764 187.8758664 15.2478088008267 DNK 19
104.0100972 -128.1285624 34.860711515510097 NPL 20
-57.00906554 11.8736566 22.136663020574257 TUN 21
166.3343941 -208.2456158 82.479617937764189 BGD 22
231.3420439 66.48851356 16.276737746062985 KGZ 23
-7.882033272 12.15484395 66.584789381892961 EGY 24
-108.2702331 16.24703472 42.35386041920701 DZA 25
-103.7280199 -38.14924927 32.710506560757047 NER 26
191.8330383 11.99120295 40.760695937709116 AFG 27
111.8172212 -94.05094063 36.810586215824081 YEM 28
-115.1107145 93.91801656 20.076669064768613 PRT 29
-40.15039397 -157.564127 63.422018311371339 COD 30
126.1396428 -69.63378605 13.020670410425378 KWT 31
-71.86773934 60.41934899 1.1329633457435904 GIB 32
311.9703888 -204.2580157 25.816605213989654 KHM 33
267.3208391 -267.2240132 104.48136402769953 IDN 34
212.0049364 35.7709363 19.974416800942763 TJK 35
-222.2942432 -4.820988741 18.595133539528913 SLE 36
123.4382704 48.24843627 58.098497280179103 TUR 37
170.8537941 132.7358498 19.3284881314313 BLR 38
105.6451833 98.31550666 19.987163229818361 HUN 39
87.39100999 66.33132052 9.0569604257762002 MKD 40
289.1457557 -158.0022472 4.2198916596449774 BRN 41
-50.79460558 -233.6128926 48.747317566996678 ZAF 42
-50.26837548 -64.17515949 26.813465849264972 TCD 43
-15.38849591 84.01469376 1.1508063858912092 SMR 44
-26.45083214 107.2548853 50.468822644874962 FRA 45
27.6215895 -236.8394379 36.514378401015769 MOZ 46
25.5062869 -94.87371304 70.546041612587103 ETH 47
39.20780927 -57.03568151 12.142968576167476 ERI 48
-45.03024768 73.74089412 1.7770982283583625 AND 49
79.38803589 74.42667427 11.238449618691737 BIH 50
-86.83511508 -173.5689244 37.985730249503682 AGO 51
200.6028478 171.5205922 14.769275929636084 FIN 52
-16.47679515 -58.56928132 43.500575062320337 SDN 53
243.1898524 -148.6570289 5.565028320431276 BTN 54
264.7348162 -161.8644924 46.332917598525327 MMR 55
294.2078945 103.369622 11.644467007726591 MNG 56
425.9609957 77.9751846 45.13134315363525 KOR 57
-40.43253736 -104.8945252 15.029101654374699 CAF 58
52.06523549 -3.015840161 18.996217189388506 ISR 59
266.008529 -136.7870765 5.2620541529842972 MAC 60
371.121516 -181.3264917 62.357436562825313 VNM 61
-118.509561 65.51240666 38.579420067195542 MAR 62
59.357619 11.57016316 14.511818404630572 LBN 63
85.49296837 -67.83403589 38.121459497544961 SAU 64
145.951792 -4.223016839 59.22384170286221 IRN 65
53.29416046 -69.56361062 6.6859618848297169 DJI 66
172.7568151 147.0514535 10.340522835179389 LTU 67
253.7376965 118.6228605 75.375622048486363 RUS 68
-15.65353091 -224.9882696 25.603029953893035 ZWE 69
-159.093145 32.85989037 13.83031670550182 MRT 70
-44.78567747 -204.0353402 10.258426419874205 BWA 71
109.6618159 -69.50215176 10.336581335956653 QAT 72
-219.1250144 8.975092328 10.444430594358346 GMB 73
115.6827497 -355.2702167 237.05012914518309 IND 74
-60.33674447 -91.78216471 33.567875577731229 CMR 75
-15.75300254 45.88980213 0.14273996463758234 VAT 76
-224.5173307 -20.82160866 14.598607327398124 LBR 77
-185.8201159 -59.39630679 36.635262367418953 GHA 78
128.9702369 94.30226215 27.972298945107518 ROU 79
163.2528678 105.6917998 38.017095393994964 UKR 80
-2.918625506 -191.9589001 22.819205598105199 BDI 81
54.87234143 -143.7142613 46.5542406551113 KEN 82
-201.9966361 -1.625503211 23.625512441898575 GIN 83
17.25143867 -206.847042 28.693573347859068 MWI 84
76.58956883 95.93174106 9.130896023358769 SVN 85
-2.292050027 -207.9000704 9.5742239410731038 LSO 86
-202.7171554 -29.61097126 33.699632998247999 CIV 87
72.80562413 -96.72331914 26.714119015999053 SOM 88
-9.272438135 -122.6291676 20.88447149161146 SSD 89
336.1333291 -232.037969 7.3160324182542684 TLS 90
57.69126015 114.9629233 1.2443781621195815 LIE 91
-32.59135631 142.9972116 21.43952368190336 BEL 92
-62.29127869 -126.1759995 15.498300193355377 COG 93
53.16216213 -191.55977 51.503024119408458 TZA 94
81.95686136 134.8706106 20.317769221632126 CZE 95
282.1011192 -198.3710176 36.735232949191008 MYS 96
110.8204736 114.5873021 15.098083179099644 SVK 97
11.21503049 -148.6127674 43.713866559415592 UGA 98
360.6346982 106.433002 32.078087891570178 PRK 99
-10.44047502 129.8396533 5.0748022272783357 LUX 100
-155.7841736 -58.53216105 23.22454234302446 BEN 101
85.30976314 52.14277889 20.168303373972602 GRC 102
40.37696 117.1595378 18.601158916192968 CHE 103
-198.5806064 25.02881833 26.432728327444451 SEN 104
62.41408753 -19.5688032 21.116832849381122 JOR 105
-38.44511 166.9869638 26.324593283299887 NLD 106
135.567631 -80.67017728 13.515899445744749 OMN 107
29.14171603 63.76978089 48.120519234662289 ITA 108
294.2401506 -172.7945046 17.328067322333666 LAO 109
164.3766474 62.86645596 10.453205380069374 ARM 110
-4.220669324 80.68421513 1.1942482260115264 MCO 111
140.4476029 -62.9254512 19.347453128436602 ARE 112
73.21078141 14.38451842 14.534966062107987 PSE 113
188.8480797 183.9820228 20.43077159041167 SWE 114
142.3204241 80.393325 11.625204021819526 MDA 115
-83.67767099 84.82090002 43.233246755155612 ESP 116
-121.1379608 -108.4669216 93.824250225672941 NGA 117
72.9490107 60.55571954 10.55503888936032 ALB 118
4.563905603 -239.5763981 6.900410717382937 SWZ 119
173.4770463 83.54246802 12.109364060164401 GEO 120
-65.08225132 -23.66592484 16.460338010442232 LBY 121
329.8499208 -177.590878 20.1571877413366 PNG 122
139.6503245 137.8293448 40.170840382954083 POL 123
77.17319123 110.35567 18.771797818654669 AUT 124
300.7598326 -157.324961 17.166224104648915 HKG 125
186.9442013 159.5941437 7.2136660185443509 EST 126
179.5257205 168.6309113 14.673779446007559 NOR 127
74.98332403 67.88686132 4.9631652484305366 MNE 128
116.8239979 -44.37034601 42.306690389331351 IRQ 129
-213.9598731 17.01863208 9.1975944702771741 GNB 130
-149.7078565 4.519589813 30.269287604609637 MLI 131
196.0951008 92.99719578 27.770536099467865 KAZ 132
