-0.4786091876 5.969581664 0.569539287494723 HRV 0
4.171620117 5.216964365 0.601040764008565 UZB 1
3.11729745 4.094852844 0.527967802048571 BGR 2
-2.593446229 -0.1002290452 0.1 ESH 3
-1.321455284 -2.632961198 0.526189129496229 GNQ 4
1.744169511 6.020847473 0.608276253029821 SRB 5
-3.573002996 -0.6439193583 0.620483682299542 BFA 6
-1.653996232 -4.033932084 0.868187767709264 TGO 7
4.890497094 4.305284854 0.25 TKM 8
5.48226691 6.624592365 0.36486298798316 LVA 9
-1.008990683 9.215630281 1.03923048454133 DEU 10
8.955722419 -1.374866496 0.797652806677192 THA 11
4.426916428 3.136800664 0.755397246486903 AZE 12
6.599883503 3.607934205 0.827647267862342 CHN 13
-0.7067150222 -2.807509368 0.207665596572952 GAB 14
7.361232043 1.720005543 1.18874934279687 PAK 15
2.32959828 -3.546607515 1.60857079421454 RWA 16
2.149905989 1.749821535 0.757050196486335 SYR 17
0.08728375422 -4.825816247 0.354436171968945 ZMB 18
0.2112907202 10.60673339 0.818153408597679 DNK 19
6.641910213 5.415575094 0.988053642268473 NPL 20
-1.76086897 0.74094513 0.602598539659697 TUN 21
8.026611389 -4.482853625 2.45305931440721 BGD 22
5.78063389 4.521534529 0.39843443626273 KGZ 23
-0.6394485893 0.573852551 0.716327439094718 EGY 24
-2.212310895 -0.03214721999 0.294745653063789 DZA 25
-1.576488523 -0.2043604391 0.312249899919919 NER 26
5.587139699 2.833558707 0.541410195692693 AFG 27
3.504536019 -1.26073814 0.543714079273287 YEM 28
-4.620381586 7.195043672 0.711951543294905 PRT 29
-0.07788132853 -2.84487745 0.452078533000627 COD 30
5.659654226 0.5994142081 1.04672107077291 KWT 31
-10.35265143 2.431646519 4.66596720948614 GIB 32
9.593998623 -0.262717086 0.659545297913642 KHM 33
10.03147767 -2.538192134 0.818153408597679 IDN 34
5.371731929 3.790587888 0.575543221661065 TJK 35
-5.132845401 -3.192777958 0.742882897905183 SLE 36
3.179914124 2.775110314 0.704450140180269 TUR 37
4.836572904 6.289522102 0.460298815988048 BLR 38
0.6345184916 6.206007514 0.709753478328921 HUN 39
2.295635956 4.693499271 0.611861912526018 MKD 40
11.18752211 -0.4500764469 0.623498195666993 BRN 41
-0.2123205525 -6.294610364 0.474999999999999 ZAF 42
-0.7048639802 -0.6623070837 0.25617376914899 TCD 43
-5.48157474 5.422055809 1.59354165304832 SMR 44
-4.880396694 9.015338899 0.731864058415221 FRA 45
0.5167112871 -5.495261838 0.441588043316392 MOZ 46
0.757958879 -0.03208519753 0.712390342438749 ETH 47
1.280907407 0.7821925232 0.374165738677394 ERI 48
-5.989988375 7.847706865 0.878564169540279 AND 49
0.6013991929 7.26616426 0.532681893816562 BIH 50
-0.6716310222 -3.403952934 0.36486298798316 AGO 51
5.44306985 5.050736801 0.287228132326901 FIN 52
-0.2601208004 -0.3407567992 0.341869858279433 SDN 53
6.280754754 2.399464458 0.306186217847897 BTN 54
8.024655042 0.2022176421 0.615426681254559 MMR 55
5.583687341 5.381443858 0.1 MNG 56
10.67854163 3.891295212 1.55020159979274 KOR 57
-0.3640154013 -1.040349876 0.204633819296811 CAF 58
-2.872647396 2.339176456 1.3856406460551 ISR 59
12.28980473 13.52563833 9.84543041212518 MAC 60
9.832648426 1.438937626 1.19530330878819 VNM 61
-2.83306884 0.562050287 0.619475584668192 MAR 62
-2.512794375 4.901846811 1.53948043183406 LBN 63
3.485087338 -0.1141454293 0.279508497187473 SAU 64
5.058274261 2.006883085 0.498748433581499 IRN 65
1.693243636 -0.5132825399 0.471036092035419 DJI 66
4.887367412 7.170740012 0.443705983732471 LTU 67
5.370409018 5.592363513 0.2 RUS 68
-0.3117280669 -5.516633069 0.441588043316392 ZWE 69
-2.833696485 -0.1315014341 0.145773797371132 MRT 70
-0.351767449 -5.016239431 0.145773797371132 BWA 71
4.70459447 -2.051589925 1.03471010432874 QAT 72
-6.280557526 -0.5608761625 1.11411399775786 GMB 73
6.889731458 -1.18640042 1.47521184919319 IND 74
-0.5385055698 -1.715824102 0.523808170993923 CMR 75
-8.44575616 9.046538768 2.3090853167434 VAT 76
-4.131700521 -3.940795143 0.504975246918103 LBR 77
-2.628377121 -2.879459003 0.824242076091723 GHA 78
2.865144979 5.585252149 0.625999201277443 ROU 79
3.854890527 6.18927959 0.536190264738177 UKR 80
-1.91152361 -6.103625188 1.52807067899361 BDI 81
2.359786035 -1.391744377 0.662382064974585 KEN 82
-4.505236146 -2.128909493 0.511126207506521 GIN 83
1.857817457 -5.730712659 1.00280855600658 MWI 84
-1.320693171 6.711464857 0.690561365846654 SVN 85
0.1105438981 -7.283165026 0.589491306127578 LSO 86
-3.904404941 -2.918817809 0.641287766919031 CIV 87
2.629647468 -0.4843488364 0.362284418654735 SOM 88
0.06922946685 -0.824787717 0.281735691739615 SSD 89
11.28326152 -3.173243814 0.643719659479185 TLS 90
-2.788909429 9.01840138 1.058595767987 LIE 91
-4.576924324 12.3237933 1.32216678221773 BEL 92
-0.5498166678 -2.406755665 0.285043856274784 COG 93
0.5222600668 -4.087245956 0.587367006223534 TZA 94
0.6805044771 8.492322583 0.784617741323759 CZE 95
10.29856146 -1.241674524 0.687840824609879 MYS 96
1.707990664 7.426876547 0.731436941916391 SVK 97
0.8634977798 -1.8173363 1.04761634198784 UGA 98
8.12586973 4.350255797 0.991841721243868 PRK 99
-5.77935064 10.50439611 1.07325439668328 LUX 100
-3.414301656 -1.797927272 0.742041103982792 BEN 101
2.196762705 3.57329644 0.602598539659697 GRC 102
-3.944187004 10.3506577 1.00405428140116 CHE 103
-4.601694124 -0.9874398344 0.646625857818875 SEN 104
2.262745502 0.4390674 0.760345316287276 JOR 105
-1.983700199 11.41789558 1.53948043183406 NLD 106
3.398752636 -0.5676507672 0.261007662722763 OMN 107
-2.905918802 7.3082711 0.949670995661126 ITA 108
8.859873917 0.4876391674 0.387298334620741 LAO 109
4.030496087 1.972527303 0.664736790015413 ARM 110
-10.85861734 18.58665261 9.06611134941543 MCO 111
4.426064319 -0.395595758 0.779021822544141 ARE 112
0.07578231366 2.881595332 2.01013059277251 PSE 113
4.904475718 4.87991265 0.343693177121688 SWE 114
2.74290576 6.70099913 0.687840824609879 MDA 115
-7.094777103 6.63263238 0.656220237420332 ESP 116
-1.833741387 -1.342903949 1.05504739230046 NGA 117
1.212813723 4.968483294 0.6841966091702 ALB 118
0.7193339417 -6.494199892 0.564579489531811 SWZ 119
4.096329104 4.191223334 0.4930770730829 GEO 120
-1.12660464 -0.1176525354 0.13228756555323 LBY 121
10.49652846 -3.452943249 0.321130814466628 PNG 122
3.723379362 7.482705128 0.779021822544141 POL 123
-0.562509218 7.678285481 0.701338006955277 AUT 124
16.57608445 -0.4409407534 5.68451844926198 HKG 125
5.602427238 7.245621924 0.374165738677394 EST 126
5.009523114 5.411719929 0.261007662722763 NOR 127
0.1397961703 5.323627057 0.459619407771255 MNE 128
3.52150445 0.8574345076 0.689202437604508 IRQ 129
-5.508250366 -1.852842204 0.588430114796991 GNB 130
-2.772679445 -0.5263716865 0.293683503111768 MLI 131
5.29210182 4.652466137 0.182002747232013 KAZ 132
