-95.72946792 0.255593986 2.16035532952908 ECU 0
-88.31755746 1.930236656 0.504866933196508 SUR 1
-88.84699051 -0.09696537838 1.28545492556643 BRA 2
-90.23648264 -3.969007075 1.0312657948377 ARG 3
-99.64221893 12.59503328 1.93046021830909 NIC 4
-109.3480643 24.09174836 1.0730342291487 BLZ 5
-90.81576378 -2.208094374 0.854116229664759 BOL 6
-102.6179109 15.69007027 2.45550026844296 HND 7
-88.96156918 -2.378496281 1.04817291823975 PRY 8
-108.841992 28.31975539 0.521985903736631 CAN 9
-88.12227996 -4.324661029 1.11717729388826 URY 10
-107.2220438 10.74987904 4.42324003825118 SLV 11
-112.6135287 24.38404901 2.05185035997943 MEX 12
-99.5995172 8.208520458 2.55031478093684 CRI 13
-95.75441345 5.571595379 1.95758745277471 PAN 14
-109.3090115 19.83289411 3.27862054964304 GTM 15
-89.63817 3.506951562 1.44328501015677 VEN 16
-92.5474959 -3.71529009 1.29567062205629 CHL 17
-92.62700907 -1.117902888 1.30580640067986 PER 18
-109.880269 26.5914592 1.53763787543597 USA 19
-92.25940692 1.830422871 1.72869106232576 COL 20
-87.65788214 1.217002771 0.487146750754583 GUF 21
-89.28018582 1.625369699 0.513497762378277 GUY 22
