-0.519931388 5.941215031 0.5695392874947230 HRV 0
4.122393720 5.239856426 0.6010407640085645 UZB 1
3.168540727 4.068982611 0.5279678020485709 BGR 2
-2.598600082 -0.107465084 0.1000000000000000 ESH 3
-1.349408236 -2.694903215 0.5261891294962288 GNQ 4
1.810057046 6.070180334 0.6082762530298207 SRB 5
-3.628208462 -0.579954556 0.6204836822995419 BFA 6
-1.632152356 -4.122056717 0.8681877677092635 TGO 7
4.869110584 4.317528816 0.2499999999999995 TKM 8
5.529299299 6.622894376 0.3648629879831597 LVA 9
-0.892631442 9.17916736 1.0392304845413272 DEU 10
8.993032881 -1.469574965 0.7976528066771921 THA 11
4.345336405 3.141668254 0.7553972464869031 AZE 12
6.653941972 3.621383036 0.8276472678623421 CHN 13
-0.698164952 -2.837663203 0.2076655965729516 GAB 14
7.511282956 1.798828188 1.1887493427968736 PAK 15
2.551616729 -3.465055528 1.6085707942145366 RWA 16
2.123104031 1.811379814 0.7570501964863351 SYR 17
0.079028815 -4.867647687 0.3544361719689447 ZMB 18
0.247718789 10.616304888 0.8181534085976792 DNK 19
6.638899850 5.489199256 0.9880536422684734 NPL 20
-1.775105589 0.793123027 0.6025985396596966 TUN 21
7.998820185 -4.893882973 2.4530593144072133 BGD 22
5.826806068 4.526317754 0.3984344362627299 KGZ 23
-0.628407570 0.56782435 0.7163274390947180 EGY 24
-2.211431286 -0.051184649 0.2947456530637894 DZA 25
-1.558353562 -0.15832063 0.3122498999199192 NER 26
5.603271846 2.743668666 0.5414101956926926 AFG 27
3.543130673 -1.309950559 0.5437140792732874 YEM 28
-4.504318739 7.206953259 0.7119515432949045 PRT 29
-0.027135836 -2.846344807 0.4520785330006270 COD 30
5.787078074 0.632733705 1.0467210707729147 KWT 31
-10.553463112 2.470142853 4.6659672094861424 GIB 32
9.641740627 -0.197855585 0.6595452979136422 KHM 33
9.996581337 -2.546045149 0.8181534085976792 IDN 34
5.384418869 3.759994802 0.5755432216610650 TJK 35
-5.167743248 -3.201212569 0.7428828979051826 SLE 36
3.086068517 2.725507122 0.7044501401802687 TUR 37
4.829140233 6.342989276 0.4602988159880482 BLR 38
0.618141582 6.186424552 0.7097534783289209 HUN 39
2.295936174 4.629904698 0.6118619125260183 MKD 40
11.218662731 -0.433930375 0.6234981956669935 BRN 41
-0.202071934 -6.357496595 0.4749999999999989 ZAF 42
-0.663296650 -0.675132813 0.2561737691489896 TCD 43
-5.613269618 5.27899083 1.5935416530483244 SMR 44
-4.868689383 9.033913882 0.7318640584152212 FRA 45
0.533201030 -5.52329002 0.4415880433163916 MOZ 46
0.697705229 0.056306416 0.7123903424387493 ETH 47
1.296172640 0.841492342 0.3741657386773938 ERI 48
-5.986500178 7.884148178 0.8785641695402787 AND 49
0.568447395 7.314072276 0.5326818938165617 BIH 50
-0.734384384 -3.419763193 0.3648629879831597 AGO 51
5.457714086 5.028113724 0.2872281323269010 FIN 52
-0.253804678 -0.317547202 0.3418698582794332 SDN 53
6.289895991 2.392788996 0.3061862178478966 BTN 54
7.985423933 0.229819287 0.6154266812545588 MMR 55
5.586937287 5.387424808 0.1000000000000000 MNG 56
10.857388151 3.864222883 1.5502015997927450 KOR 57
-0.335008923 -1.040018907 0.2046338192968108 CAF 58
-3.121059661 2.368311026 1.3856406460550976 ISR 59
12.299627330 13.857462558 9.8454304121251788 MAC 60
9.959289081 1.470842264 1.1953033087881886 VNM 61
-2.829806467 0.570121442 0.6194755846681917 MAR 62
-2.633874659 4.980715278 1.5394804318340618 LBN 63
3.482107257 -0.09869334 0.2795084971874732 SAU 64
5.090367575 1.949375543 0.4987484335814991 IRN 65
1.693982481 -0.535313998 0.4710360920354185 DJI 66
4.879229027 7.245608221 0.4437059837324707 LTU 67
5.376530666 5.593233927 0.1999999999999995 RUS 68
-0.338523909 -5.536043482 0.4415880433163916 ZWE 69
-2.847619082 -0.124876437 0.1457737973711323 MRT 70
-0.355012968 -5.002664031 0.1457737973711323 BWA 71
4.719059421 -2.183937814 1.0347101043287426 QAT 72
-6.351286431 -0.478393034 1.1141139977578571 GMB 73
6.858498501 -1.39245896 1.4752118491931892 IND 74
-0.504269982 -1.681514886 0.5238081709939233 CMR 75
-8.761287781 9.215243386 2.3090853167434049 VAT 76
-4.110538120 -3.997507687 0.5049752469181031 LBR 77
-2.600505047 -2.927759452 0.8242420760917233 GHA 78
2.888908458 5.585522051 0.6259992012774428 ROU 79
3.836059040 6.260633822 0.5361902647381771 UKR 80
-2.021232960 -6.264024828 1.5280706789936116 BDI 81
2.451465476 -1.404292536 0.6623820649745851 KEN 82
-4.566150763 -2.137556602 0.5111262075065208 GIN 83
1.989879133 -5.769995381 1.0028085560065769 MWI 84
-1.379764926 6.697003996 0.6905613658466541 SVN 85
0.075696484 -7.286581697 0.5894913061275778 LSO 86
-3.931192587 -2.971685849 0.6412877669190307 CIV 87
2.660105837 -0.497050028 0.3622844186547354 SOM 88
0.038052083 -0.803125409 0.2817356917396154 SSD 89
11.310958846 -3.156709901 0.6437196594791845 TLS 90
-2.794529811 9.056263429 1.0585957679870044 LIE 91
-4.631671634 12.530374436 1.3221667822177323 BEL 92
-0.540304329 -2.41609337 0.2850438562747837 COG 93
0.502137286 -4.119243555 0.5873670062235343 TZA 94
0.675186404 8.506065741 0.7846177413237591 CZE 95
10.320612484 -1.216779932 0.6878408246098787 MYS 96
1.699816082 7.51159737 0.7314369419163906 SVK 97
0.923349483 -1.684057713 1.0476163419878444 UGA 98
8.253855199 4.342495654 0.9918417212438677 PRK 99
-5.914504581 10.51072677 1.0732543966832802 LUX 100
-3.479129504 -1.79907221 0.7420411039827922 BEN 101
2.212381986 3.52975068 0.6025985396596966 GRC 102
-4.027792169 10.467124501 1.0040542814011610 CHE 103
-4.675621511 -1.00861505 0.6466258578188754 SEN 104
2.245044230 0.438246727 0.7603453162872759 JOR 105
-1.877744395 11.378986192 1.5394804318340618 NLD 106
3.393754645 -0.568998493 0.2610076627227631 OMN 107
-2.842862105 7.23241355 0.9496709956611259 ITA 108
8.857975546 0.496082584 0.3872983346207409 LAO 109
4.033906408 1.889476846 0.6647367900154134 ARM 110
-10.825349163 19.319329359 9.0661113494154293 MCO 111
4.529263945 -0.38268403 0.7790218225441405 ARE 112
-0.098795379 2.987520599 2.0101305927725144 PSE 113
4.902999209 4.882629764 0.3436931771216876 SWE 114
2.755814827 6.771723992 0.6878408246098787 MDA 115
-7.212751703 6.617680016 0.6562202374203315 ESP 116
-1.871153707 -1.324901718 1.0550473923004571 NGA 117
1.200594125 5.06191281 0.6841966091702002 ALB 118
0.765344376 -6.496861075 0.5645794895318113 SWZ 119
4.079403540 4.246787895 0.4930770730828997 GEO 120
-1.119354671 -0.11328189 0.1322875655532296 LBY 121
10.491647640 -3.454992464 0.3211308144666278 PNG 122
3.818585108 7.575735378 0.7790218225441405 POL 123
-0.535776883 7.638676996 0.7013380069552774 AUT 124
17.272527839 -0.348751909 5.6845184492619785 HKG 125
5.620950980 7.289696578 0.3741657386773938 EST 126
4.979469397 5.426648214 0.2610076627227631 NOR 127
0.104504216 5.28024806 0.4596194077712548 MNE 128
3.518849940 0.772471653 0.6892024376045077 IRQ 129
-5.526725062 -1.854658784 0.5884301147969913 GNB 130
-2.787292920 -0.51953307 0.2936835031117677 MLI 131
5.302037981 4.641844708 0.1820027472320128 KAZ 132
