69.81957323 88.16238266 12.557061120706921 HRV 0
202.1303187 63.15618239 37.190267079057826 UZB 1
102.1005623 78.48513427 16.219054210516582 BGR 2
-143.0192243 48.53890687 4.8067563876665504 ESH 3
-67.41458336 -105.3305598 8.2122012116535252 GNQ 4
86.39093887 76.31751527 16.768756670155742 SRB 5
-156.5944331 -29.97799166 30.241677316167273 BFA 6
-165.3771437 -79.43320793 18.870849556599598 TGO 7
180.2186208 49.66376765 16.009163623128554 TKM 8
175.6821513 156.5836595 8.4843270967260729 LVA 9
39.05463928 156.1144739 57.238547839388026 DEU 10
231.6309248 -194.8712726 53.143183431408069 THA 11
174.8699382 66.39032722 20.237889446289813 AZE 12
323.2335986 -16.2272066 236.80474093456917 CHN 13
-68.19367663 -113.8629825 9.789922219419763 GAB 14
185.333588 -103.2448855 97.25798843362314 PAK 15
20.90347005 -175.105999 23.545605091055275 RWA 16
95.10831448 -5.09120402 30.225840536078788 SYR 17
-21.6250938 -194.2088456 28.444318200884272 ZMB 18
14.7005679 186.7052 15.2478088008267 DNK 19
104.5465215 -127.1141558 34.860711515510097 NPL 20
-54.83544976 17.65352852 22.136663020574257 TUN 21
160.9490751 -199.2907591 82.479617937764189 BGD 22
227.3811246 68.27637903 16.276737746062985 KGZ 23
-8.018003197 12.28251846 66.584789381892961 EGY 24
-103.2221636 22.60604055 42.35386041920701 DZA 25
-102.2360958 -35.29061856 32.710506560757047 NER 26
186.9831885 15.91503311 40.760695937709116 AFG 27
111.5854225 -93.47147898 36.810586215824081 YEM 28
-115.6345583 92.75958152 20.076669064768613 PRT 29
-35.91655346 -152.1069849 63.422018311371339 COD 30
119.2130958 -66.56666447 13.020670410425378 KWT 31
-72.14434561 60.08879335 1.1329633457435904 GIB 32
309.7043511 -202.5479579 25.816605213989654 KHM 33
267.1082196 -261.2714548 104.48136402769953 IDN 34
208.8921028 36.78802145 19.974416800942763 TJK 35
-220.2988358 -4.002231351 18.595133539528913 SLE 36
113.9454144 44.33671973 58.098497280179103 TUR 37
168.6594902 133.0851976 19.3284881314313 BLR 38
101.1902274 96.74250586 19.987163229818361 HUN 39
80.3878359 65.49968976 9.0569604257762002 MKD 40
285.564238 -151.3469158 4.2198916596449774 BRN 41
-46.51281328 -227.2344689 48.747317566996678 ZAF 42
-48.92784366 -59.84783833 26.813465849264972 TCD 43
-17.98803184 84.58451137 1.1508063858912092 SMR 44
-30.76094596 105.6927743 50.468822644874962 FRA 45
30.4497431 -230.2881229 36.514378401015769 MOZ 46
28.25798947 -90.3296048 70.546041612587103 ETH 47
44.32336785 -53.41822459 12.142968576167476 ERI 48
-45.36829117 73.5333994 1.7770982283583625 AND 49
72.53757947 76.97049125 11.238449618691737 BIH 50
-82.05380092 -168.2245624 37.985730249503682 AGO 51
197.8191485 171.051283 14.769275929636084 FIN 52
-11.75404139 -53.45423494 43.500575062320337 SDN 53
242.4688932 -141.7819335 5.565028320431276 BTN 54
261.7001401 -157.412796 46.332917598525327 MMR 55
290.6318178 103.1478406 11.644467007726591 MNG 56
419.9345335 79.58895587 45.13134315363525 KOR 57
-36.91998055 -99.76102661 15.029101654374699 CAF 58
48.2056511 -1.858547511 18.996217189388506 ISR 59
265.631256 -132.1276551 5.2620541529842972 MAC 60
369.9404811 -175.6923664 62.357436562825313 VNM 61
-118.809492 65.06405678 38.579420067195542 MAR 62
54.27711094 13.00578744 14.511818404630572 LBN 63
80.67062636 -65.88770184 38.121459497544961 SAU 64
143.6377078 -6.151572546 59.22384170286221 IRN 65
57.05640936 -67.22665323 6.6859618848297169 DJI 66
169.5388971 147.8927983 10.340522835179389 LTU 67
248.7565987 118.3289542 75.375622048486363 RUS 68
-12.11164188 -218.2677498 25.603029953893035 ZWE 69
-156.1664964 36.5046551 13.83031670550182 MRT 70
-40.26159309 -197.1981731 10.258426419874205 BWA 71
106.2795658 -68.54062218 10.336581335956653 QAT 72
-217.2596098 9.476600098 10.444430594358346 GMB 73
101.6514233 -340.7404082 237.05012914518309 IND 74
-56.87871453 -88.06248278 33.567875577731229 CMR 75
-18.395645 45.10770424 0.14273996463758234 VAT 76
-222.3673454 -20.17286542 14.598607327398124 LBR 77
-182.8526561 -58.89607178 36.635262367418953 GHA 78
124.3076993 92.22170416 27.972298945107518 ROU 79
159.5544829 103.7661601 38.017095393994964 UKR 80
1.438102498 -186.3602961 22.819205598105199 BDI 81
57.4129677 -138.2339892 46.5542406551113 KEN 82
-198.5956918 1.800502835 23.625512441898575 GIN 83
22.09016159 -200.2974859 28.693573347859068 MWI 84
72.36229071 98.20648353 9.130896023358769 SVN 85
1.004686454 -202.0225806 9.5742239410731038 LSO 86
-199.4337373 -29.83948487 33.699632998247999 CIV 87
74.21827027 -96.1332661 26.714119015999053 SOM 88
-6.750854415 -116.40025 20.88447149161146 SSD 89
335.0725202 -229.3123187 7.3160324182542684 TLS 90
53.00056308 115.8383663 1.2443781621195815 LIE 91
-38.01588973 141.3915676 21.43952368190336 BEL 92
-58.56449727 -121.0652761 15.498300193355377 COG 93
58.24471929 -185.4247225 51.503024119408458 TZA 94
80.16150808 134.919284 20.317769221632126 CZE 95
281.2020213 -192.0379613 36.735232949191008 MYS 96
106.090513 113.184041 15.098083179099644 SVK 97
14.73831958 -143.3362403 43.713866559415592 UGA 98
356.2588075 107.5117461 32.078087891570178 PRK 99
-16.03458228 128.0424613 5.0748022272783357 LUX 100
-153.1902712 -58.1220998 23.22454234302446 BEN 101
77.23450586 51.87681706 20.168303373972602 GRC 102
35.20028115 120.049598 18.601158916192968 CHE 103
-195.137588 28.99597399 26.432728327444451 SEN 104
58.42127124 -18.38997013 21.116832849381122 JOR 105
-43.14572085 163.8381486 26.324593283299887 NLD 106
129.9057648 -76.42216959 13.515899445744749 OMN 107
24.83526396 66.8396807 48.120519234662289 ITA 108
291.814334 -166.1324829 17.328067322333666 LAO 109
161.2979575 59.70346095 10.453205380069374 ARM 110
-4.591017125 80.66398938 1.1942482260115264 MCO 111
133.6459389 -61.0969186 19.347453128436602 ARE 112
67.88458543 15.61129587 14.534966062107987 PSE 113
186.1184341 184.1086775 20.43077159041167 SWE 114
139.2738877 80.46260253 11.625204021819526 MDA 115
-85.12796073 84.46563968 43.233246755155612 ESP 116
-116.6540677 -103.6374962 93.824250225672941 NGA 117
66.95514208 62.56162735 10.55503888936032 ALB 118
8.749465189 -233.9898058 6.900410717382937 SWZ 119
169.0812178 80.70736623 12.109364060164401 GEO 120
-61.33742729 -19.31539727 16.460338010442232 LBY 121
329.797176 -174.701373 20.1571877413366 PNG 122
135.5814895 141.5853352 40.170840382954083 POL 123
72.29153819 114.3468411 18.771797818654669 AUT 124
297.6809091 -150.8066876 17.166224104648915 HKG 125
182.427475 159.8230438 7.2136660185443509 EST 126
177.5113175 169.5544975 14.673779446007559 NOR 127
68.43282243 70.56656171 4.9631652484305366 MNE 128
108.7852356 -39.98564333 42.306690389331351 IRQ 129
-210.9942821 16.39256931 9.1975944702771741 GNB 130
-147.1248683 6.311740807 30.269287604609637 MLI 131
190.2257741 92.53448326 27.770536099467865 KAZ 132
