-0.9804195468 95.07002514 12.557061120706921 HRV 0
112.5669751 89.37868054 37.190267079057826 UZB 1
15.77869178 70.98223654 16.219054210516582 BGR 2
-112.3712074 41.55699057 4.8067563876665504 ESH 3
-55.46204821 -69.79870645 8.2122012116535252 GNQ 4
9.54549774 80.67052177 16.768756670155742 SRB 5
-108.7093643 10.32348814 30.241677316167273 BFA 6
-96.44763789 -37.2332017 18.870849556599598 TGO 7
87.19206174 75.37971674 16.009163623128554 TKM 8
82.48438408 162.0892964 8.4843270967260729 LVA 9
-23.34977441 129.6732414 57.238547839388026 DEU 10
211.0232272 -80.95966449 53.143183431408069 THA 11
92.98702036 93.6630303 20.237889446289813 AZE 12
218.0497861 49.31958229 236.80474093456917 CHN 13
-54.28393758 -75.96991852 9.789922219419763 GAB 14
127.9027425 -24.62782845 97.25798843362314 PAK 15
4.834979426 -84.14305253 23.545605091055275 RWA 16
37.48998654 46.95526452 30.225840536078788 SYR 17
-10.55083855 -115.9118384 28.444318200884272 ZMB 18
-3.347551291 145.1643771 15.2478088008267 DNK 19
172.984275 -34.20879976 34.860711515510097 NPL 20
-47.91807382 54.58464302 22.136663020574257 TUN 21
163.7630242 -83.68962746 82.479617937764189 BGD 22
130.011192 82.75139414 16.276737746062985 KGZ 23
-7.038079456 26.43017413 66.584789381892961 EGY 24
-80.13028835 53.1325226 42.35386041920701 DZA 25
-62.85306709 32.88570319 32.710506560757047 NER 26
109.4169533 40.60554898 40.760695937709116 AFG 27
73.18265265 -33.1728347 36.810586215824081 YEM 28
-96.04007154 72.69684142 20.076669064768613 PRT 29
-25.33764344 -87.4124229 63.422018311371339 COD 30
74.35918167 -7.658398826 13.020670410425378 KWT 31
-67.44436125 61.90012973 1.1329633457435904 GIB 32
242.2171658 -75.56680966 25.816605213989654 KHM 33
232.8215311 -154.186905 104.48136402769953 IDN 34
122.8504877 72.27008513 19.974416800942763 TJK 35
-153.60241 -17.98686555 18.595133539528913 SLE 36
40.84747165 77.61403338 58.098497280179103 TUR 37
81.38163055 145.6027065 19.3284881314313 BLR 38
24.94597896 114.0329225 19.987163229818361 HUN 39
6.797519828 66.7313644 9.0569604257762002 MKD 40
234.7265161 -64.25321466 4.2198916596449774 BRN 41
-18.18801356 -152.18459 48.747317566996678 ZAF 42
-19.03631393 -6.42798749 26.813465849264972 TCD 43
-22.78636422 85.69354935 1.1508063858912092 SMR 44
-49.95126286 102.1514159 50.468822644874962 FRA 45
26.44207799 -131.913981 36.514378401015769 MOZ 46
38.48491911 -47.35218547 70.546041612587103 ETH 47
40.72066813 -18.54500783 12.142968576167476 ERI 48
-43.48443945 71.64719751 1.7770982283583625 AND 49
2.080435793 87.29845148 11.238449618691737 BIH 50
-32.90746041 -122.0693829 37.985730249503682 AGO 51
97.23964026 169.8115673 14.769275929636084 FIN 52
5.634730953 -10.00328456 43.500575062320337 SDN 53
186.1981548 -29.13279759 5.565028320431276 BTN 54
225.3570253 -49.29715696 46.332917598525327 MMR 55
191.7144294 131.8904682 11.644467007726591 MNG 56
315.5926307 71.74598522 45.13134315363525 KOR 57
-27.42589766 -47.41772314 15.029101654374699 CAF 58
22.8230628 27.09284822 18.996217189388506 ISR 59
234.6524897 -33.72265809 5.2620541529842972 MAC 60
273.5861156 -58.63527952 62.357436562825313 VNM 61
-108.2433673 56.1626604 38.579420067195542 MAR 62
19.94818916 44.46957934 14.511818404630572 LBN 63
57.0670708 -12.185002 38.121459497544961 SAU 64
86.06072293 14.69011794 59.22384170286221 IRN 65
57.09986545 -27.822725 6.6859618848297169 DJI 66
79.58808062 155.8600183 10.340522835179389 LTU 67
164.6750678 145.7468611 75.375622048486363 RUS 68
-1.135869718 -132.6235134 25.603029953893035 ZWE 69
-117.8513982 32.32140269 13.83031670550182 MRT 70
-13.18029378 -129.159882 10.258426419874205 BWA 71
76.74697332 -15.56035472 10.336581335956653 QAT 72
-154.9715862 4.333638932 10.444430594358346 GMB 73
107.6626876 -182.1115678 237.05012914518309 IND 74
-54.5615709 -55.22701736 33.567875577731229 CMR 75
-24.44331294 43.15547714 0.14273996463758234 VAT 76
-144.1573425 -38.09951895 14.598607327398124 LBR 77
-111.6324134 -25.2029699 36.635262367418953 GHA 78
40.42969955 107.6531359 27.972298945107518 ROU 79
82.0484793 124.2128012 38.017095393994964 UKR 80
2.296468756 -100.2167731 22.819205598105199 BDI 81
59.4899678 -82.38095767 46.5542406551113 KEN 82
-141.5493726 -3.914733315 23.625512441898575 GIN 83
9.372538916 -116.8570622 28.693573347859068 MWI 84
-0.5840090852 103.2188874 9.130896023358769 SVN 85
10.73606158 -135.7573571 9.5742239410731038 LSO 86
-136.0936994 -23.16074447 33.699632998247999 CIV 87
76.32452622 -55.12942843 26.714119015999053 SOM 88
7.566950105 -39.35370051 20.88447149161146 SSD 89
271.487388 -147.3647561 7.3160324182542684 TLS 90
-17.59265256 99.75922401 1.2443781621195815 LIE 91
-52.09011566 127.1579004 21.43952368190336 BEL 92
-47.19746097 -70.67714655 15.498300193355377 COG 93
28.13993034 -96.09633887 51.503024119408458 TZA 94
10.64944115 116.7789388 20.317769221632126 CZE 95
231.2719441 -104.9160127 36.735232949191008 MYS 96
28.95388404 125.6050663 15.098083179099644 SVK 97
1.018729317 -60.91687958 43.713866559415592 UGA 98
270.4971882 127.1287054 32.078087891570178 PRK 99
-32.11910378 109.7706085 5.0748022272783357 LUX 100
-101.5361025 -6.903214417 23.22454234302446 BEN 101
9.426386557 55.60934325 20.168303373972602 GRC 102
-29.00104956 90.22345722 18.601158916192968 CHE 103
-145.294172 17.50788135 26.432728327444451 SEN 104
33.01553379 13.80951717 21.116832849381122 JOR 105
-49.60909941 143.6430303 26.324593283299887 NLD 106
88.26518107 -24.17024525 13.515899445744749 OMN 107
-26.71756948 66.93634527 48.120519234662289 ITA 108
248.3246773 -46.99536223 17.328067322333666 LAO 109
83.88789197 84.33017749 10.453205380069374 ARM 110
-9.739764584 69.7790198 1.1942482260115264 MCO 111
87.21157014 -12.74810362 19.347453128436602 ARE 112
33.52210787 31.83809825 14.534966062107987 PSE 113
86.90329014 176.4998659 20.43077159041167 SWE 114
53.2421655 101.2995112 11.625204021819526 MDA 115
-76.29111839 82.76256359 43.233246755155612 ESP 116
-60.86396976 -11.22233741 93.824250225672941 NGA 117
1.006370896 63.08132164 10.55503888936032 ALB 118
13.94434219 -140.5289811 6.900410717382937 SWZ 119
86.37703725 106.7245417 12.109364060164401 GEO 120
-35.08599077 33.75193348 16.460338010442232 LBY 121
268.0553091 -123.5609433 20.1571877413366 PNG 122
49.24598565 142.1638931 40.170840382954083 POL 123
-2.396277138 112.7859625 18.771797818654669 AUT 124
243.5037303 -35.96369019 17.166224104648915 HKG 125
86.39236079 165.9323628 7.2136660185443509 EST 126
77.59602735 168.529834 14.673779446007559 NOR 127
0.4481576523 78.58861991 4.9631652484305366 MNE 128
52.69548005 26.69488358 42.306690389331351 IRQ 129
-148.2018227 5.415000055 9.1975944702771741 GNB 130
-102.5100214 31.07317016 30.269287604609637 MLI 131
106.5161199 114.6496007 27.770536099467865 KAZ 132
