74.36066886 83.44140471 12.557061120706921 HRV 0
204.693334 64.05557044 37.190267079057826 UZB 1
105.7565758 80.78844638 16.219054210516582 BGR 2
-145.3111996 45.34847191 4.8067563876665504 ESH 3
-69.05475043 -109.0391812 8.2122012116535252 GNQ 4
90.07901236 77.91462098 16.768756670155742 SRB 5
-165.2386676 -31.29859862 30.241677316167273 BFA 6
-167.3738628 -80.36388587 18.870849556599598 TGO 7
182.1024776 51.79715772 16.009163623128554 TKM 8
178.0757376 156.2345451 8.4843270967260729 LVA 9
43.53045746 160.8262098 57.238547839388026 DEU 10
233.1973944 -198.0853497 53.143183431408069 THA 11
177.3302211 68.64720026 20.237889446289813 AZE 12
320.3195325 -21.50730676 236.80474093456917 CHN 13
-71.08557178 -117.4961881 9.789922219419763 GAB 14
193.2584503 -121.0175555 97.25798843362314 PAK 15
17.52167385 -180.5284684 23.545605091055275 RWA 16
99.74311541 -3.79651383 30.225840536078788 SYR 17
-26.05481266 -200.1210036 28.444318200884272 ZMB 18
14.51637764 187.8758664 15.2478088008267 DNK 19
103.9706581 -127.7934386 34.860711515510097 NPL 20
-57.00906554 11.8736566 22.136663020574257 TUN 21
166.1980895 -208.727019 82.479617937764189 BGD 22
230.2360444 67.91201906 16.276737746062985 KGZ 23
-9.333743742 12.22666795 66.584789381892961 EGY 24
-107.9676812 16.97146256 42.35386041920701 DZA 25
-102.8822327 -36.83336154 32.710506560757047 NER 26
190.6910798 13.05080441 40.760695937709116 AFG 27
110.4257166 -93.7735654 36.810586215824081 YEM 28
-115.1140028 93.85212045 20.076669064768613 PRT 29
-39.03096639 -155.5525926 63.422018311371339 COD 30
122.614226 -68.5873563 13.020670410425378 KWT 31
-71.86773934 60.41934899 1.1329633457435904 GIB 32
311.9054351 -204.3841841 25.816605213989654 KHM 33
266.8305797 -266.4102039 104.48136402769953 IDN 34
211.0221914 37.17230006 19.974416800942763 TJK 35
-222.0528481 -4.818563964 18.595133539528913 SLE 36
122.1328789 48.79231137 58.098497280179103 TUR 37
168.8066769 132.2595066 19.3284881314313 BLR 38
103.405868 98.12202535 19.987163229818361 HUN 39
85.78595868 66.19919447 9.0569604257762002 MKD 40
288.960514 -157.7091065 4.2198916596449774 BRN 41
-49.72702184 -233.7013696 48.747317566996678 ZAF 42
-51.58213567 -63.13309704 26.813465849264972 TCD 43
-16.12839685 84.22483057 1.1508063858912092 SMR 44
-26.93332273 107.3112683 50.468822644874962 FRA 45
28.36726235 -235.585604 36.514378401015769 MOZ 46
24.21590633 -93.27475767 70.546041612587103 ETH 47
37.58006594 -55.62543012 12.142968576167476 ERI 48
-45.03024768 73.74089412 1.7770982283583625 AND 49
77.66009438 72.42850124 11.238449618691737 BIH 50
-85.62003133 -170.7103977 37.985730249503682 AGO 51
200.5897988 171.582592 14.769275929636084 FIN 52
-18.01782557 -57.8874872 43.500575062320337 SDN 53
243.5943093 -148.7727279 5.565028320431276 BTN 54
264.9114763 -161.9740421 46.332917598525327 MMR 55
294.2078945 103.369622 11.644467007726591 MNG 56
426.0541384 79.4934105 45.13134315363525 KOR 57
-39.49601005 -103.1200961 15.029101654374699 CAF 58
50.5293073 -2.897357053 18.996217189388506 ISR 59
266.0418618 -137.0716347 5.2620541529842972 MAC 60
371.121516 -181.3264917 62.357436562825313 VNM 61
-118.3701792 65.70108869 38.579420067195542 MAR 62
57.81716607 11.55819615 14.511818404630572 LBN 63
84.51572079 -66.77713881 38.121459497544961 SAU 64
144.7333196 -3.759560641 59.22384170286221 IRN 65
51.9353404 -67.80974932 6.6859618848297169 DJI 66
170.7211222 146.465188 10.340522835179389 LTU 67
252.2854357 120.1101872 75.375622048486363 RUS 68
-15.05487536 -224.3122459 25.603029953893035 ZWE 69
-158.6048368 33.30806484 13.83031670550182 MRT 70
-44.57536115 -203.9514003 10.258426419874205 BWA 71
108.7068023 -69.60833319 10.336581335956653 QAT 72
-218.9188454 9.148667712 10.444430594358346 GMB 73
114.482773 -354.1825052 237.05012914518309 IND 74
-59.69856902 -91.15311575 33.567875577731229 CMR 75
-16.45904425 45.67593559 0.14273996463758234 VAT 76
-223.2686402 -20.80940532 14.598607327398124 LBR 77
-184.4914137 -59.72069145 36.635262367418953 GHA 78
127.3956924 93.88412965 27.972298945107518 ROU 79
161.0272673 104.7810655 38.017095393994964 UKR 80
-2.208250766 -191.5522649 22.819205598105199 BDI 81
55.14624095 -140.645292 46.5542406551113 KEN 82
-200.9935627 -2.16510361 23.625512441898575 GIN 83
18.22619001 -205.7582233 28.693573347859068 MWI 84
75.51192254 95.12670566 9.130896023358769 SVN 85
-2.426562062 -207.2397211 9.5742239410731038 LSO 86
-201.7120424 -30.4264123 33.699632998247999 CIV 87
71.16951252 -95.1156433 26.714119015999053 SOM 88
-9.580845181 -121.7176092 20.88447149161146 SSD 89
336.147118 -232.0353545 7.3160324182542684 TLS 90
55.91699985 115.1933907 1.2443781621195815 LIE 91
-33.00936019 142.6083957 21.43952368190336 BEL 92
-60.99036362 -124.3774382 15.498300193355377 COG 93
53.09661371 -188.8673389 51.503024119408458 TZA 94
81.1590421 135.1280218 20.317769221632126 CZE 95
282.3396202 -198.1250864 36.735232949191008 MYS 96
109.1925216 116.3765468 15.098083179099644 SVK 97
12.24146292 -148.4623441 43.713866559415592 UGA 98
359.3773624 111.2955083 32.078087891570178 PRK 99
-10.53817898 129.8528554 5.0748022272783357 LUX 100
-153.9798706 -57.42679983 23.22454234302446 BEN 101
84.43758414 51.77720816 20.168303373972602 GRC 102
40.12601037 123.4145415 18.601158916192968 CHE 103
-197.6061004 24.57155964 26.432728327444451 SEN 104
60.95108874 -19.2364183 21.116832849381122 JOR 105
-38.98069647 166.806287 26.324593283299887 NLD 106
133.5582084 -79.9757814 13.515899445744749 OMN 107
27.73272711 65.07858594 48.120519234662289 ITA 108
294.1918052 -172.7661091 17.328067322333666 LAO 109
163.6275223 62.97831031 10.453205380069374 ARM 110
-4.220669324 80.68421513 1.1942482260115264 MCO 111
138.537315 -61.68551653 19.347453128436602 ARE 112
71.46410416 14.83007783 14.534966062107987 PSE 113
188.8745083 183.909942 20.43077159041167 SWE 114
140.8756891 80.30915542 11.625204021819526 MDA 115
-83.76884871 84.8083075 43.233246755155612 ESP 116
-120.116615 -107.4041105 93.824250225672941 NGA 117
71.1210185 58.33454944 10.55503888936032 ALB 118
4.870495338 -238.1910632 6.900410717382937 SWZ 119
172.7823228 83.6003004 12.109364060164401 GEO 120
-65.97741629 -23.90437254 16.460338010442232 LBY 121
329.8499208 -177.590878 20.1571877413366 PNG 122
137.9949828 137.0576236 40.170840382954083 POL 123
75.63762826 111.7655971 18.771797818654669 AUT 124
300.7193954 -157.4323773 17.166224104648915 HKG 125
186.9442013 159.5941437 7.2136660185443509 EST 126
179.5257205 168.6309113 14.673779446007559 NOR 127
73.25852995 65.95574507 4.9631652484305366 MNE 128
115.1787149 -42.90997772 42.306690389331351 IRQ 129
-213.4143976 16.87882178 9.1975944702771741 GNB 130
-149.7078565 4.519589813 30.269287604609637 MLI 131
194.5721962 93.76312525 27.770536099467865 KAZ 132
