-2.720336226 89.91333556 12.557061120706921 HRV 0
109.3563703 89.80725306 37.190267079057826 UZB 1
15.91907135 67.36166625 16.219054210516582 BGR 2
-98.51460107 38.91863526 4.8067563876665504 ESH 3
-49.27045967 -62.73141123 8.2122012116535252 GNQ 4
9.745595859 76.37046225 16.768756670155742 SRB 5
-95.5407753 11.23859081 30.241677316167273 BFA 6
-83.79017565 -34.78513574 18.870849556599598 TGO 7
87.22054604 74.88435699 16.009163623128554 TKM 8
78.16349109 159.9788635 8.4843270967260729 LVA 9
-23.89058493 128.9828279 57.238547839388026 DEU 10
212.0388499 -65.94084836 53.143183431408069 THA 11
91.58601091 96.61192257 20.237889446289813 AZE 12
214.7867203 60.32181334 236.80474093456917 CHN 13
-49.37108813 -68.90767569 9.789922219419763 GAB 14
127.1681696 -7.368677477 97.25798843362314 PAK 15
12.33793036 -69.00500406 23.545605091055275 RWA 16
38.58893642 46.45599858 30.225840536078788 SYR 17
-0.6629010428 -97.8162494 28.444318200884272 ZMB 18
-4.815169879 143.5826909 15.2478088008267 DNK 19
169.691644 -17.50017273 34.860711515510097 NPL 20
-39.78281863 50.87356771 22.136663020574257 TUN 21
168.0267284 -57.05746683 82.479617937764189 BGD 22
125.7092704 82.98022815 16.276737746062985 KGZ 23
-5.191383837 29.52358447 66.584789381892961 EGY 24
-70.37799719 48.60702747 42.35386041920701 DZA 25
-48.51461969 34.93485655 32.710506560757047 NER 26
108.3859166 52.61289329 40.760695937709116 AFG 27
77.05951259 -18.55741787 36.810586215824081 YEM 28
-90.94537565 73.0640141 20.076669064768613 PRT 29
-16.37661913 -71.55349617 63.422018311371339 COD 30
77.98249208 5.988218206 13.020670410425378 KWT 31
-64.7953014 62.62849316 1.1329633457435904 GIB 32
236.8148095 -75.19372152 25.816605213989654 KHM 33
226.0242173 -140.3962756 104.48136402769953 IDN 34
120.9735303 71.94088012 19.974416800942763 TJK 35
-137.2400952 -20.59411407 18.595133539528913 SLE 36
39.0702541 75.69855631 58.098497280179103 TUR 37
77.30765775 144.6807315 19.3284881314313 BLR 38
23.22896821 107.8711401 19.987163229818361 HUN 39
7.675282482 65.42039929 9.0569604257762002 MKD 40
226.988107 -53.06193429 4.2198916596449774 BRN 41
-10.67646327 -131.2413357 48.747317566996678 ZAF 42
-9.716004867 -1.169103983 26.813465849264972 TCD 43
-22.5687902 85.69600613 1.1508063858912092 SMR 44
-50.48807028 100.838879 50.468822644874962 FRA 45
27.23790698 -118.1203682 36.514378401015769 MOZ 46
43.8611416 -31.54273701 70.546041612587103 ETH 47
45.90745424 -4.133575495 12.142968576167476 ERI 48
-43.03005612 69.12605065 1.7770982283583625 AND 49
2.221215648 82.07160574 11.238449618691737 BIH 50
-22.76004323 -104.844057 37.985730249503682 AGO 51
91.71468787 165.1305329 14.769275929636084 FIN 52
15.54266054 -0.6458028514 43.500575062320337 SDN 53
183.1461745 -13.58868422 5.565028320431276 BTN 54
219.0885623 -33.77233299 46.332917598525327 MMR 55
186.2102408 137.4542944 11.644467007726591 MNG 56
308.9243645 70.84680892 45.13134315363525 KOR 57
-22.41560384 -40.98597125 15.029101654374699 CAF 58
23.13417977 30.31258506 18.996217189388506 ISR 59
227.8757654 -19.10497944 5.2620541529842972 MAC 60
256.4723795 -53.59546702 62.357436562825313 VNM 61
-96.78912001 53.19915064 38.579420067195542 MAR 62
20.07325036 44.4132678 14.511818404630572 LBN 63
61.68265555 1.22809094 38.121459497544961 SAU 64
85.55686024 28.62729412 59.22384170286221 IRN 65
62.1411559 -13.66560641 6.6859618848297169 DJI 66
75.33574307 154.3332015 10.340522835179389 LTU 67
160.9228333 151.3957209 75.375622048486363 RUS 68
6.953884775 -114.0371342 25.603029953893035 ZWE 69
-104.6960957 27.7737058 13.83031670550182 MRT 70
-4.280785922 -110.1358253 10.258426419874205 BWA 71
78.53670635 -1.866831318 10.336581335956653 QAT 72
-139.4072294 1.911965915 10.444430594358346 GMB 73
112.8950325 -147.6624966 237.05012914518309 IND 74
-45.79666167 -49.02983668 33.567875577731229 CMR 75
-24.02637301 43.02238407 0.14273996463758234 VAT 76
-128.7120104 -39.5521691 14.598607327398124 LBR 77
-97.60167329 -22.57285809 36.635262367418953 GHA 78
38.89916438 105.033116 27.972298945107518 ROU 79
78.45391221 125.6067042 38.017095393994964 UKR 80
9.400310909 -84.10499667 22.819205598105199 BDI 81
65.54498939 -63.71105203 46.5542406551113 KEN 82
-126.3935456 -7.557248367 23.625512441898575 GIN 83
19.12522072 -98.1137481 28.693573347859068 MWI 84
-4.879882478 100.4613026 9.130896023358769 SVN 85
13.10942165 -123.9316773 9.5742239410731038 LSO 86
-120.6821501 -25.70510663 33.699632998247999 CIV 87
82.41911644 -38.9032608 26.714119015999053 SOM 88
9.990940139 -25.51305793 20.88447149161146 SSD 89
262.9271894 -134.9750188 7.3160324182542684 TLS 90
-22.13941214 96.79257196 1.2443781621195815 LIE 91
-52.09023054 124.6466207 21.43952368190336 BEL 92
-41.60072271 -64.72246021 15.498300193355377 COG 93
36.22867745 -77.69838469 51.503024119408458 TZA 94
6.06990815 111.6728728 20.317769221632126 CZE 95
222.5894523 -93.76935335 36.735232949191008 MYS 96
25.73757878 119.241452 15.098083179099644 SVK 97
9.285612808 -46.88884131 43.713866559415592 UGA 98
266.7359062 132.8744093 32.078087891570178 PRK 99
-33.73665667 108.616949 5.0748022272783357 LUX 100
-87.91403915 -4.743026239 23.22454234302446 BEN 101
9.061915477 55.76786868 20.168303373972602 GRC 102
-29.40772671 91.76699551 18.601158916192968 CHE 103
-130.5289959 12.65259522 26.432728327444451 SEN 104
33.78596974 15.51701412 21.116832849381122 JOR 105
-49.17328563 140.2630871 26.324593283299887 NLD 106
90.02218604 -8.077355347 13.515899445744749 OMN 107
-26.24084545 69.79430179 48.120519234662289 ITA 108
240.8901453 -32.26265714 17.328067322333666 LAO 109
82.04272884 87.46966344 10.453205380069374 ARM 110
-9.854044029 69.15205612 1.1942482260115264 MCO 111
88.6906217 2.739849148 19.347453128436602 ARE 112
34.05457218 32.31948749 14.534966062107987 PSE 113
81.24134994 171.4927035 20.43077159041167 SWE 114
51.07047561 100.1633632 11.625204021819526 MDA 115
-70.34660783 76.98482565 43.233246755155612 ESP 116
-49.23005674 -6.99864666 93.824250225672941 NGA 117
1.369331522 63.85973523 10.55503888936032 ALB 118
16.77339912 -127.9835562 6.900410717382937 SWZ 119
83.90217372 109.9276119 12.109364060164401 GEO 120
-31.9342712 35.96518927 16.460338010442232 LBY 121
258.4632566 -113.8202151 20.1571877413366 PNG 122
46.43091557 136.6628353 40.170840382954083 POL 123
-6.696023168 109.5234566 18.771797818654669 AUT 124
237.1871033 -21.15327013 17.166224104648915 HKG 125
82.84515706 162.2744653 7.2136660185443509 EST 126
71.96520427 164.4904594 14.673779446007559 NOR 127
0.6508204703 75.72171173 4.9631652484305366 MNE 128
52.02724104 26.53253794 42.306690389331351 IRQ 129
-132.9530553 1.108406907 9.1975944702771741 GNB 130
-90.35910329 30.59470078 30.269287604609637 MLI 131
104.2115254 115.2284165 27.770536099467865 KAZ 132
