-95.73717665 0.2634841151 2.16035532952908 ECU 0
-88.31873295 1.931213306 0.504866933196508 SUR 1
-88.84338491 -0.09188903994 1.28545492556643 BRA 2
-90.2351681 -3.969785897 1.0312657948377 ARG 3
-99.6421725 12.59817429 1.93046021830909 NIC 4
-109.356156 24.09184069 1.0730342291487 BLZ 5
-90.81657244 -2.210723511 0.854116229664759 BOL 6
-102.6191824 15.70120789 2.45550026844296 HND 7
-88.9599451 -2.375403454 1.04817291823975 PRY 8
-108.8420512 28.32120322 0.521985903736631 CAN 9
-88.11659627 -4.322209848 1.11717729388826 URY 10
-107.2220438 10.74987904 4.42324003825118 SLV 11
-112.6196522 24.38043469 2.05185035997943 MEX 12
-99.59895707 8.205834004 2.55031478093684 CRI 13
-95.75441345 5.571595379 1.95758745277471 PAN 14
-109.2930097 19.82853614 3.27862054964304 GTM 15
-89.65309275 3.517184344 1.44328501015677 VEN 16
-92.5474959 -3.71529009 1.29567062205629 CHL 17
-92.62989325 -1.11959632 1.30580640067986 PER 18
-109.8875577 26.59514344 1.53763787543597 USA 19
-92.2645351 1.832120445 1.72869106232576 COL 20
-87.65838451 1.217596553 0.487146750754583 GUF 21
-89.2793617 1.627373652 0.513497762378277 GUY 22
