-1.614621154 95.29904399 12.557061120706921 HRV 0
112.5629787 89.39464028 37.190267079057826 UZB 1
15.72012412 70.98146518 16.219054210516582 BGR 2
-112.3742554 41.5570774 4.8067563876665504 ESH 3
-55.48819756 -69.79056131 8.2122012116535252 GNQ 4
9.484103857 80.68200477 16.768756670155742 SRB 5
-108.6505565 10.43044638 30.241677316167273 BFA 6
-96.45570667 -37.13923224 18.870849556599598 TGO 7
87.19206174 75.37971674 16.009163623128554 TKM 8
82.47385691 162.0985456 8.4843270967260729 LVA 9
-23.38541234 129.6886004 57.238547839388026 DEU 10
210.996931 -80.94163783 53.143183431408069 THA 11
92.97220981 93.65377058 20.237889446289813 AZE 12
218.0104674 49.31625753 236.80474093456917 CHN 13
-54.3041022 -75.96256591 9.789922219419763 GAB 14
127.8602472 -24.64504888 97.25798843362314 PAK 15
4.80048062 -84.03238657 23.545605091055275 RWA 16
37.44894124 46.94425969 30.225840536078788 SYR 17
-10.60127871 -115.9128891 28.444318200884272 ZMB 18
-3.368401248 145.1757778 15.2478088008267 DNK 19
172.9801993 -34.1896766 34.860711515510097 NPL 20
-47.91807382 54.58464302 22.136663020574257 TUN 21
163.732496 -83.7205202 82.479617937764189 BGD 22
130.0053371 82.74653777 16.276737746062985 KGZ 23
-7.052034069 26.33603611 66.584789381892961 EGY 24
-80.15789815 53.0736769 42.35386041920701 DZA 25
-63.00321098 32.9364751 32.710506560757047 NER 26
109.3731434 40.66744705 40.760695937709116 AFG 27
73.1574395 -33.10471362 36.810586215824081 YEM 28
-96.04007154 72.69684142 20.076669064768613 PRT 29
-25.3761825 -87.43775289 63.422018311371339 COD 30
74.33999529 -7.628485925 13.020670410425378 KWT 31
-67.44975953 61.90068821 1.1329633457435904 GIB 32
242.2037963 -75.55491768 25.816605213989654 KHM 33
232.8106438 -154.1760887 104.48136402769953 IDN 34
122.8486724 72.26893149 19.974416800942763 TJK 35
-153.6400601 -17.97501492 18.595133539528913 SLE 36
40.80646043 77.59773458 58.098497280179103 TUR 37
81.33700148 145.5690487 19.3284881314313 BLR 38
24.89746353 114.0460213 19.987163229818361 HUN 39
6.800984036 66.73607386 9.0569604257762002 MKD 40
234.7369683 -64.25555728 4.2198916596449774 BRN 41
-18.17684987 -152.2685363 48.747317566996678 ZAF 42
-19.08122788 -6.412393169 26.813465849264972 TCD 43
-22.78636422 85.69354935 1.1508063858912092 SMR 44
-49.95517601 102.124037 50.468822644874962 FRA 45
26.39905742 -131.9121295 36.514378401015769 MOZ 46
38.44485582 -47.27514869 70.546041612587103 ETH 47
40.70176119 -18.49371592 12.142968576167476 ERI 48
-43.48832783 71.64771735 1.7770982283583625 AND 49
2.021667349 87.27263562 11.238449618691737 BIH 50
-32.95704193 -122.0978575 37.985730249503682 AGO 51
97.23212297 169.7967238 14.769275929636084 FIN 52
5.634730953 -10.00328456 43.500575062320337 SDN 53
186.1915023 -29.0980658 5.565028320431276 BTN 54
225.3610849 -49.28850228 46.332917598525327 MMR 55
191.7211559 131.9705368 11.644467007726591 MNG 56
315.5926307 71.74598522 45.13134315363525 KOR 57
-27.44306474 -47.41138523 15.029101654374699 CAF 58
22.81844992 26.97663282 18.996217189388506 ISR 59
234.6483115 -33.7117921 5.2620541529842972 MAC 60
273.6304419 -58.59066794 62.357436562825313 VNM 61
-108.2448425 56.16976413 38.579420067195542 MAR 62
19.94818916 44.46957934 14.511818404630572 LBN 63
57.05934855 -12.14527105 38.121459497544961 SAU 64
86.01788482 14.73324515 59.22384170286221 IRN 65
57.07634941 -27.78629286 6.6859618848297169 DJI 66
79.54449121 155.8433699 10.340522835179389 LTU 67
164.6578475 145.8284403 75.375622048486363 RUS 68
-1.145631499 -132.6741627 25.603029953893035 ZWE 69
-117.8583456 32.3193106 13.83031670550182 MRT 70
-13.17352961 -129.2010383 10.258426419874205 BWA 71
76.74697332 -15.56035472 10.336581335956653 QAT 72
-155.0186934 4.322133098 10.444430594358346 GMB 73
108.3490281 -180.9480956 237.05012914518309 IND 74
-54.62851002 -55.22085516 33.567875577731229 CMR 75
-24.44331294 43.15547714 0.14273996463758234 VAT 76
-144.1732388 -38.07884177 14.598607327398124 LBR 77
-111.6547128 -25.12211236 36.635262367418953 GHA 78
40.37645687 107.650285 27.972298945107518 ROU 79
81.99560679 124.2514779 38.017095393994964 UKR 80
2.296468756 -100.2167731 22.819205598105199 BDI 81
59.44199753 -82.34906057 46.5542406551113 KEN 82
-141.5877942 -3.958214534 23.625512441898575 GIN 83
9.321744963 -116.8555212 28.693573347859068 MWI 84
-0.5839390612 103.2291968 9.130896023358769 SVN 85
10.74484019 -135.7526579 9.5742239410731038 LSO 86
-136.1324337 -23.21727297 33.699632998247999 CIV 87
76.31991912 -55.07952071 26.714119015999053 SOM 88
7.538645529 -39.29199247 20.88447149161146 SSD 89
271.4396316 -147.3484341 7.3160324182542684 TLS 90
-17.59704235 99.75521833 1.2443781621195815 LIE 91
-52.15303226 127.1319633 21.43952368190336 BEL 92
-47.22305907 -70.66289958 15.498300193355377 COG 93
28.07340067 -96.05925976 51.503024119408458 TZA 94
10.63719493 116.7841947 20.317769221632126 CZE 95
231.2448681 -104.9071978 36.735232949191008 MYS 96
28.91417617 125.6587198 15.098083179099644 SVK 97
0.934237309 -60.86239028 43.713866559415592 UGA 98
270.478678 127.1813903 32.078087891570178 PRK 99
-32.1228787 109.7668845 5.0748022272783357 LUX 100
-101.5505615 -6.831601732 23.22454234302446 BEN 101
9.426386557 55.60934325 20.168303373972602 GRC 102
-28.99699298 90.19732446 18.601158916192968 CHE 103
-145.3414674 17.49416071 26.432728327444451 SEN 104
33.01553379 13.80951717 21.116832849381122 JOR 105
-49.60023951 143.6115254 26.324593283299887 NLD 106
88.31273714 -24.21311312 13.515899445744749 OMN 107
-26.71833592 66.93382358 48.120519234662289 ITA 108
248.3435588 -46.99444767 17.328067322333666 LAO 109
83.86646575 84.37062368 10.453205380069374 ARM 110
-9.738945018 69.78021157 1.1942482260115264 MCO 111
87.23886501 -12.7908977 19.347453128436602 ARE 112
33.46949563 31.8307918 14.534966062107987 PSE 113
86.89083687 176.4904088 20.43077159041167 SWE 114
53.2421655 101.2995112 11.625204021819526 MDA 115
-76.2756299 82.70060509 43.233246755155612 ESP 116
-60.92267776 -11.18240429 93.824250225672941 NGA 117
1.006839375 63.08873624 10.55503888936032 ALB 118
13.91104501 -140.5556171 6.900410717382937 SWZ 119
86.36604949 106.7938206 12.109364060164401 GEO 120
-35.0690964 33.79890346 16.460338010442232 LBY 121
268.0553091 -123.5609433 20.1571877413366 PNG 122
49.24598565 142.1638931 40.170840382954083 POL 123
-2.422373102 112.8070969 18.771797818654669 AUT 124
243.5068689 -35.96639446 17.166224104648915 HKG 125
86.39459145 165.9298544 7.2136660185443509 EST 126
77.57159326 168.5306901 14.673779446007559 NOR 127
0.4474913034 78.59015857 4.9631652484305366 MNE 128
52.6389253 26.66906045 42.306690389331351 IRQ 129
-148.2438482 5.385891642 9.1975944702771741 GNB 130
-102.5137431 31.06154965 30.269287604609637 MLI 131
106.5161199 114.6496007 27.770536099467865 KAZ 132
