-44.87168456 -1.306655088 4.74725428217579 ECU 0
-14.56526585 14.98677225 0.878651398847461 SUR 1
-14.38850745 -2.255394809 16.3745769278543 BRA 2
-26.3716185 -29.25292104 7.53058728595709 ARG 3
-55.22525153 18.55585431 2.95461664514993 NIC 4
-65.84244953 30.96057889 0.713379105238484 BLZ 5
-29.32592981 -16.00215043 3.91767191724312 BOL 6
-60.81407769 22.0252139 3.6227725255448 HND 7
-23.3388325 -19.28570558 2.9155880831169 PRY 8
-77.74725766 108.7508975 6.931528392866 CAN 9
-17.93468091 -24.6442291 2.05929615340227 URY 10
-65.99691727 18.21746447 2.80817644690301 SLV 11
-77.65507403 40.53233047 12.6152430314164 MEX 12
-53.37359521 13.37898385 2.54112452450061 CRI 13
-48.6649838 12.03374262 2.35281899672055 PAN 14
-68.18544527 25.99060604 4.73439439009603 GTM 15
-22.85242435 18.36962511 5.97731444764312 VEN 16
-36.18566978 -21.59483076 4.93145127910665 CHL 17
-38.07923917 -10.30071092 6.52378291896375 PER 18
-77.34578364 77.55606406 20.523724091066 USA 19
-36.38312604 8.204855713 8.03298559480558 COL 20
-13.06479351 14.97801486 0.622074568783537 GUF 21
-16.35392644 15.57410388 1.00408824701442 GUY 22
