61.37666792 96.29069467 7.2647861483665741 HRV 0
193.7625 94.68732399 21.516128219242308 UZB 1
93.31941827 97.43217589 9.3834026318360468 BGR 2
-150.6461482 21.7915885 2.78091003046154 ESH 3
-52.16740852 -119.2952649 4.7511025897324828 GNQ 4
77.47938911 94.60774407 9.7014285438007697 SRB 5
-157.232201 -56.23226538 17.496077812950492 BFA 6
-153.0915527 -105.2063161 10.917577381273142 TGO 7
172.0788334 79.55709807 9.2619721301229809 TKM 8
152.0111485 183.2002937 4.9085388195543649 LVA 9
18.74721517 163.9597568 33.114898900228816 DEU 10
261.581269 -159.1959843 30.745558945791181 THA 11
165.4810001 95.96825104 11.708467252670609 AZE 12
323.6440761 24.93728634 137.00146756251067 CHN 13
-52.1795455 -128.0826579 5.6638803179786477 GAB 14
210.6163134 -92.6166054 56.267822573981789 PAK 15
45.33137173 -176.1347094 13.622119385748286 RWA 16
100.6165896 11.77020946 17.486915571920079 SYR 17
5.82687082 -202.476621 16.456230234059898 ZMB 18
-15.42842655 187.8031684 8.8214964556094859 DNK 19
122.9937073 -110.0344345 20.168382689676946 NPL 20
-58.17014338 2.692897124 12.806987346564169 TUN 21
198.5546986 -179.4434429 47.717915852837997 BGD 22
218.7699459 102.0876808 9.4167749747750555 KGZ 23
-9.707964481 10.752772 38.522091351120984 EGY 24
-109.4768427 -1.109253344 24.503483382422555 DZA 25
-96.72302083 -53.69990326 18.924399004220476 NER 26
187.9758942 42.21915598 23.581770957357609 AFG 27
125.3040001 -75.15036891 21.29646692672285 YEM 28
-128.534851 74.49739928 11.615194504911328 PRT 29
-14.96884832 -162.3268301 36.69229572914297 COD 30
135.4536253 -48.78262946 7.5330035532055746 KWT 31
-80.53134938 48.27184954 0.65546678013634785 GIB 32
340.460065 -152.3292484 14.935988138750236 KHM 33
306.3865306 -221.6660972 60.446848100405361 IDN 34
203.985476 68.74766953 11.556037284703475 TJK 35
-218.732969 -39.99637668 10.758064109621154 SLE 36
115.3269229 67.92049773 33.612415693824133 TUR 37
152.2477217 161.5685668 11.182340477306271 BLR 38
86.71935998 114.4033126 11.5634116280348 HUN 39
75.7775427 79.35656137 5.2398312005491796 MKD 40
310.525021 -110.2269103 2.44138418869706 BRN 41
-13.21144927 -238.8086696 28.20236630422702 ZAF 42
-50.31628624 -65.68706087 15.512713796560233 TCD 43
-28.50300064 80.51616936 0.66578972669710113 SMR 44
-43.10714698 101.7105246 29.19832914329368 FRA 45
64.99131922 -229.7232911 21.125098291229882 MOZ 46
40.27665173 -89.77410404 40.813841790105307 ETH 47
47.90742555 -50.10915495 7.0252162559535094 ERI 48
-56.1429983 65.67652864 1.0281258066328345 AND 49
66.85753469 86.02066022 6.5019141289638798 BIH 50
-58.63536331 -185.5394953 21.976337002702106 AGO 51
170.9082895 201.1399376 8.5446451334134839 FIN 52
-6.955011707 -60.23042596 25.166905864430017 SDN 53
263.5716141 -108.3862742 3.2196021241681132 BTN 54
287.035184 -117.8711701 26.805534730424821 MMR 55
274.1181974 148.67003 6.7368122054725914 MNG 56
408.2304426 144.4673148 26.110373553812085 KOR 57
-27.49746681 -117.7732227 8.6949652049593453 CAF 58
51.86167068 5.26616718 10.990107811234695 ISR 59
284.3162852 -92.84197383 3.0443188700831167 MAC 60
395.1595118 -120.2473971 36.076390568986689 VNM 61
-127.4164502 45.87559608 22.319811444893183 MAR 62
56.75060883 20.85919969 8.3956951646689291 LBN 63
94.90007691 -53.32355694 22.054862061361931 SAU 64
144.9710952 18.98911482 34.263474607646607 IRN 65
63.78836036 -60.2707181 3.8681091716055414 DJI 66
146.4199829 174.8241034 5.9824258509024739 LTU 67
231.4357835 157.2530279 43.607956489068236 RUS 68
20.16512277 -224.6366345 14.812425899443689 ZWE 69
-162.2896818 7.242954293 8.0014178687055786 MRT 70
-12.03411643 -208.5903747 5.9349296338333266 BWA 71
119.2870243 -51.2529881 5.9801455284064788 QAT 72
-217.780101 -25.85079084 6.0425408445570241 GMB 73
171.6953466 -333.1867548 137.14343492703199 IND 74
-44.98981404 -100.2235605 19.420422914487311 CMR 75
-22.74288121 42.84878161 0.08258105204309657 VAT 76
-218.449686 -56.18491861 8.4459061939768638 LBR 77
-174.2009261 -88.26283147 21.195034732268404 GHA 78
109.8993767 111.2882811 16.183147311378686 ROU 79
136.778184 129.301644 21.994483053362483 UKR 80
27.55896026 -190.1202615 13.201866834308357 BDI 81
77.05459089 -133.4883534 26.933579394725179 KEN 82
-199.1441681 -33.58873368 13.66834913727843 GIN 83
49.82460098 -201.7750663 16.600434783336599 MWI 84
60.44018075 106.8274213 5.2826060425305812 SVN 85
30.670446 -205.6380717 5.5390898236347699 LSO 86
-195.4371087 -61.30683624 19.496650104457451 CIV 87
87.43989998 -84.05829203 15.455237489703352 SOM 88
10.17773258 -122.6930903 12.082542065358217 SSD 89
368.6463395 -175.861054 4.2326313826321709 TLS 90
38.86155339 122.6546491 0.71992492101426198 LIE 91
-54.8320968 136.0288212 12.403663020722817 BEL 92
-41.71687076 -134.6273076 8.9664162247524821 COG 93
82.97124273 -180.96153 29.796658041639304 TZA 94
59.55709841 146.150473 11.754681050617691 CZE 95
309.9311391 -151.3056606 21.252871903778559 MYS 96
91.2744672 131.0460325 8.7348739081581055 SVK 97
34.42122054 -145.1857124 25.290303934947225 UGA 98
339.0511737 158.4734234 18.558518298240561 PRK 99
-30.8766117 126.5463312 2.9359857829819962 LUX 100
-144.3185975 -82.70018327 13.436371129669119 BEN 101
76.42364282 65.10011727 11.668208793351997 GRC 102
21.44073714 122.1793412 10.761550042556175 CHE 103
-200.0018969 -6.728945556 15.292441182761774 SEN 104
64.74882244 -9.460852175 12.216972849529284 JOR 105
-64.41216588 158.7883668 15.229880527581159 NLD 106
146.3880713 -58.19287787 7.8195143061176822 OMN 107
18.90867468 67.33439099 27.839737198675142 ITA 108
317.8822746 -123.9992995 10.025013197846581 LAO 109
152.2303852 88.06241466 6.0476174258586184 ARM 110
-16.94860361 78.9968446 0.69092265193589053 MCO 111
148.4751061 -39.8593218 11.193312522932514 ARE 112
70.02577377 25.80324363 8.4090870546814536 PSE 113
157.2879855 211.58778 11.820057657098367 SWE 114
127.8062159 102.0403661 6.7256677607773998 MDA 115
-96.0058264 70.4771616 25.012245234503325 ESP 116
-102.7120164 -127.165001 54.281261106259194 NGA 117
62.68218455 71.36866983 6.1065323790172448 ALB 118
42.45000933 -235.9940648 3.992176809191295 SWZ 119
157.8745558 109.8788474 7.0057746350172918 GEO 120
-60.51154874 -33.67681552 9.5229954227506806 LBY 121
353.8172785 -123.0968059 11.661777933995008 PNG 122
114.4273875 160.2025613 23.240514796976651 POL 123
58.83842196 121.0921274 10.860271799427455 AUT 124
321.8793018 -107.6584443 9.9313801132624508 HKG 125
159.3023316 187.192928 4.1734081300317332 EST 126
150.5460025 194.9404261 8.4893964151972305 NOR 127
63.41852034 78.90787591 2.8713991118028943 MNE 128
122.2208135 -25.17818856 24.47619354315486 IRQ 129
-213.9780486 -17.0593065 5.3211938895301758 GNB 130
-148.5334968 -19.25277463 17.512051522013497 MLI 131
179.2378765 122.8528805 16.066419048915989 KAZ 132
