1.044976555 89.8360621 28.537990747697954 HRV 0
108.9017508 74.80943801 30.116439969779236 UZB 1
56.62213306 70.35462781 26.454962073330357 BGR 2
-50.33498952 4.407397642 5.010715041841995 ESH 3
-23.16226639 -30.52902546 26.365837860205033 GNQ 4
43.30816314 71.13066852 30.47898970651816 SRB 5
-49.32055322 -9.501294506 31.090669201158288 BFA 6
-34.61471572 -45.40235403 43.502415068040477 TGO 7
96.65527797 69.17233872 12.526787604604987 TKM 8
96.16545261 114.6258131 18.282244620986376 LVA 9
-18.48078784 131.3070336 52.072878208319693 DEU 10
146.3660624 -34.71154041 39.968109165848851 THA 11
95.2991978 81.45847072 37.850803455379669 AZE 12
154.8058437 69.22530405 41.471046144172696 CHN 13
-22.93191416 -42.60481992 10.405531284211813 GAB 14
111.0164083 41.02487087 59.564842129320823 PAK 15
15.47548214 -29.47518866 80.600898744385262 RWA 16
73.54631032 58.74165146 37.933628069635212 SYR 17
-5.225550018 -73.3523615 17.759786582576918 ZMB 18
3.802453211 150.2226053 40.995335909946881 DNK 19
131.5738127 71.67417309 49.508552474614177 NPL 20
-22.74809681 16.61160837 30.19449566864866 TUN 21
136.549729 1.284049254 122.91581205230848 BGD 22
124.9583499 85.66542285 19.964414229695002 KGZ 23
-0.5758909334 14.180407 35.893126739560699 EGY 24
-31.52499066 10.27382193 14.768864773242742 DZA 25
-23.1151863 6.066377712 15.645952703424003 NER 26
104.1361608 59.93006641 27.128522113639942 AFG 27
76.90451216 -10.56933696 27.243963154759381 YEM 28
-111.5986125 68.2204506 35.673863070504133 PRT 29
-7.224606325 -32.98949433 22.6523670540011 COD 30
90.76411 25.48528881 52.448210139348106 KWT 31
-173.2764562 3.715314402 233.79832081313785 GIB 32
163.0094011 -30.55612353 33.047935450320651 KHM 33
163.6976401 -56.3589066 40.995335909946881 IDN 34
116.0069903 63.76265178 28.838830780073092 TJK 35
-73.89195062 -35.02735961 37.223745108606629 SLE 36
70.18724546 74.73558457 35.297989136289736 TUR 37
95.88423837 105.1972817 23.064262010133788 BLR 38
48.71008975 84.81261516 35.563724298623939 HUN 39
39.97015011 57.92875929 30.658656886243435 MKD 40
174.6159343 -39.14068652 31.241717875899614 BRN 41
4.261246795 -101.2722051 23.800896448749473 ZAF 42
-0.05455170001 -3.038159012 12.836137584002028 TCD 43
-30.36919889 83.24705591 79.847831307310187 SMR 44
-76.35253487 99.55336157 36.671622460846834 FRA 45
29.19678608 -93.49537237 22.126718509430216 MOZ 46
33.20074202 -6.53049137 35.695850045208161 ETH 47
40.42138943 3.647261351 18.7483789493274 ERI 48
-68.82309136 83.23388683 44.022346995388965 AND 49
17.8435662 93.99658315 26.691171778635322 BIH 50
-23.66170296 -56.40400682 18.282244620986376 AGO 51
111.0596244 101.226451 14.392183230905879 FIN 52
11.41051911 1.028900615 17.13012441233149 SDN 53
122.1784468 28.62578642 15.342118873751685 BTN 54
168.0446797 14.80676354 30.837277289131155 MMR 55
130.0708342 97.02046569 5.010715041841995 MNG 56
239.7331905 10.80273683 77.676184739690541 KOR 57
-3.164552504 -15.88102885 10.253617564201088 CAF 58
22.80684182 16.57965005 69.430504277759582 ISR 59
359.6634175 -31.57133099 493.32646259444425 MAC 60
175.6863236 -12.59811119 59.893242689085007 VNM 61
-47.85939854 12.04586643 31.040156301507803 MAR 62
19.32443357 70.90214258 77.138977564123607 LBN 63
66.5578397 1.216485268 14.005374311799255 SAU 64
95.68109366 51.95903946 24.990862782419555 IRN 65
63.60334652 -9.788567413 23.602276316123458 DJI 66
87.14234181 114.1327696 22.23284246843593 LTU 67
116.9892157 104.1677679 10.02143008368399 RUS 68
3.154171762 -90.64628091 22.126718509430216 ZWE 69
-51.67956776 1.904280265 7.3043095919396075 MRT 70
-8.401674152 -85.73788465 7.3043095919396075 BWA 71
97.12524988 2.888493053 51.846374837059365 QAT 72
-95.69572174 -29.08523532 55.825077668920258 GMB 73
102.3622167 -26.17955414 73.918662026558764 IND 74
-13.39646666 -23.98606599 26.246534814389989 CMR 75
-50.59181548 44.67247282 115.70168529502678 VAT 76
-70.62455925 -51.83894396 25.302870654904186 LBR 77
-48.61435794 -32.7243655 41.300421687918899 GHA 78
63.40466938 87.94560724 31.367036140219717 ROU 79
104.6222573 94.66295692 26.866966248128421 UKR 80
13.82560486 -64.50592661 76.567267362310048 BDI 81
58.32783658 -35.76576621 33.190077764145322 KEN 82
-67.40340631 -22.60778499 25.611077762325817 GIN 83
38.69811978 -77.84689824 50.247879156700158 MWI 84
0.4442245935 109.8900704 34.602062231627954 SVN 85
14.64210219 -95.49500896 29.537729546485483 LSO 86
-60.90172519 -43.51882699 32.133102598504621 CIV 87
69.24946068 -17.18071778 18.15303985978268 SOM 88
19.90220948 -8.172779641 14.116972684234538 SSD 89
179.9063802 -54.49160748 32.254957804817671 TLS 90
-34.65113072 112.542505 53.043217378827713 LIE 91
-69.67331826 126.7614833 66.25000983482235 BEL 92
-16.30023519 -36.57067926 14.282735382207104 COG 93
37.72607038 -59.24227264 29.431286931659752 TZA 94
19.30883332 117.0812453 39.314959185470592 CZE 95
147.3100375 -52.59852688 34.465743662657282 MYS 96
53.29082856 100.2365077 36.650220870193635 SVK 97
44.34852404 -22.77919623 52.493069628779978 UGA 98
168.7346857 85.77330327 49.698362317631073 PRK 99
-43.30376898 134.7445591 53.777719491839861 LUX 100
-34.11705471 -9.771309343 37.181565213916137 BEN 101
26.32437475 38.48777751 30.19449566864866 GRC 102
-55.12807532 99.19485069 50.310298906426482 CHE 103
-70.06313374 -9.237041628 32.400579122170356 SEN 104
54.9575795 0.8949213914 38.098737133147701 JOR 105
-33.12833164 162.0691658 77.138977564123607 NLD 106
83.85115015 -3.139933998 13.078350216409746 OMN 107
-9.642173567 63.83563288 47.585307427602821 ITA 108
179.7434538 14.28219804 19.406415909645048 LAO 109
85.94070048 68.66826245 33.308066325960112 ARM 110
75.51422514 -215.2416525 454.27700509530524 MCO 111
77.1872446 6.372730661 39.034563641451086 ARE 112
57.2118509 32.46513978 100.72191597272028 PSE 113
105.033252 104.871342 17.221485723821072 SWE 114
74.73865581 97.26233822 34.465743662657282 MDA 115
-80.86311381 60.97569916 32.881326144031945 ESP 116
-14.29925254 -6.390108466 52.865418384560847 NGA 117
11.54648309 38.98266206 34.283142411464119 ALB 118
29.28538159 -111.2536077 28.289469405125189 SWZ 119
87.11970241 92.74165129 24.706687068839141 GEO 120
-11.45489153 7.441102032 6.6285529456622623 LBY 121
172.9342811 -65.09637725 16.090950024469048 PNG 122
68.81103731 113.0608342 39.034563641451086 POL 123
-14.96368697 111.8805848 35.142049008662916 AUT 124
225.2680207 -146.8644931 284.83502099345412 HKG 125
95.50716174 122.8480643 18.7483789493274 EST 126
95.83480389 96.76515415 13.078350216409746 NOR 127
8.547508338 51.38284702 23.030218800419412 MNE 128
85.04888866 44.0352415 34.533970209790922 IRQ 129
-79.29526184 -19.47357936 29.484556272860946 GNB 130
-46.49189126 0.4785496719 14.715643465829876 MLI 131
107.9097332 87.35084079 9.1196390321201388 KAZ 132
