-1.315004262 95.45349029 12.557061120706921 HRV 0
112.5689292 89.39664833 37.190267079057826 UZB 1
15.66074841 71.04214217 16.219054210516582 BGR 2
-112.4019482 41.56837357 4.8067563876665504 ESH 3
-55.48507046 -69.8390756 8.2122012116535252 GNQ 4
9.428391648 80.74386842 16.768756670155742 SRB 5
-108.6861039 10.45777599 30.241677316167273 BFA 6
-96.48822757 -37.1155544 18.870849556599598 TGO 7
87.19206174 75.37971674 16.009163623128554 TKM 8
82.47201134 162.0953212 8.4843270967260729 LVA 9
-23.42478482 129.7212123 57.238547839388026 DEU 10
211.0735909 -80.95447044 53.143183431408069 THA 11
92.96803226 93.65302386 20.237889446289813 AZE 12
218.0520386 49.39022058 236.80474093456917 CHN 13
-54.35251953 -76.02390084 9.789922219419763 GAB 14
127.87418 -24.64741113 97.25798843362314 PAK 15
4.787220182 -84.08506865 23.545605091055275 RWA 16
37.40602914 46.96159634 30.225840536078788 SYR 17
-10.60470559 -116.0389809 28.444318200884272 ZMB 18
-3.368774828 145.1720936 15.2478088008267 DNK 19
173.0275096 -34.15872196 34.860711515510097 NPL 20
-47.93514907 54.57360644 22.136663020574257 TUN 21
163.7874474 -83.76727346 82.479617937764189 BGD 22
130.0180898 82.74392651 16.276737746062985 KGZ 23
-7.065756621 26.1760561 66.584789381892961 EGY 24
-80.14667111 53.01679258 42.35386041920701 DZA 25
-63.11060873 32.90286076 32.710506560757047 NER 26
109.3827364 40.75385764 40.760695937709116 AFG 27
73.1858792 -33.12230179 36.810586215824081 YEM 28
-96.04007154 72.69684142 20.076669064768613 PRT 29
-25.38758309 -87.55788247 63.422018311371339 COD 30
74.4424284 -7.630561413 13.020670410425378 KWT 31
-67.44942331 61.90059573 1.1329633457435904 GIB 32
242.2037963 -75.55491768 25.816605213989654 KHM 33
232.924715 -154.1857631 104.48136402769953 IDN 34
122.84327 72.27046547 19.974416800942763 TJK 35
-153.7144353 -17.98842119 18.595133539528913 SLE 36
40.76734385 77.63416597 58.098497280179103 TUR 37
81.31961003 145.6044309 19.3284881314313 BLR 38
24.8527429 114.1065683 19.987163229818361 HUN 39
6.803359744 66.73760634 9.0569604257762002 MKD 40
234.7594387 -64.29226434 4.2198916596449774 BRN 41
-18.18790555 -152.354981 48.747317566996678 ZAF 42
-19.08141223 -6.454136174 26.813465849264972 TCD 43
-22.78636422 85.69354935 1.1508063858912092 SMR 44
-49.94949263 102.1122566 50.468822644874962 FRA 45
26.44699214 -131.9586013 36.514378401015769 MOZ 46
38.36635175 -47.20707992 70.546041612587103 ETH 47
40.75910385 -18.42531153 12.142968576167476 ERI 48
-43.48912331 71.64993395 1.7770982283583625 AND 49
2.021667349 87.27263562 11.238449618691737 BIH 50
-33.0012331 -122.1752671 37.985730249503682 AGO 51
97.22543168 169.799209 14.769275929636084 FIN 52
5.701326995 -10.10923005 43.500575062320337 SDN 53
186.230114 -29.12865521 5.565028320431276 BTN 54
225.4202445 -49.30624412 46.332917598525327 MMR 55
191.7292659 132.0804868 11.644467007726591 MNG 56
315.5926307 71.74598522 45.13134315363525 KOR 57
-27.56673611 -47.42665323 15.029101654374699 CAF 58
22.81707115 26.87368175 18.996217189388506 ISR 59
234.6497395 -33.71165409 5.2620541529842972 MAC 60
273.6312831 -58.60837288 62.357436562825313 VNM 61
-108.2474148 56.15639394 38.579420067195542 MAR 62
19.94818916 44.46957934 14.511818404630572 LBN 63
57.15852882 -12.14131448 38.121459497544961 SAU 64
86.02199318 14.79892876 59.22384170286221 IRN 65
57.09330934 -27.7911076 6.6859618848297169 DJI 66
79.53473905 155.8492339 10.340522835179389 LTU 67
164.6726956 145.9265508 75.375622048486363 RUS 68
-1.148345443 -132.7586661 25.603029953893035 ZWE 69
-117.8864055 32.33825123 13.83031670550182 MRT 70
-13.18901465 -129.307568 10.258426419874205 BWA 71
76.74697332 -15.56035472 10.336581335956653 QAT 72
-155.0789749 4.335610192 10.444430594358346 GMB 73
108.276512 -181.2888205 237.05012914518309 IND 74
-54.57219179 -55.27413887 33.567875577731229 CMR 75
-24.44331294 43.15547714 0.14273996463758234 VAT 76
-144.2310259 -38.07746106 14.598607327398124 LBR 77
-111.7114315 -25.11122224 36.635262367418953 GHA 78
40.3345878 107.7006253 27.972298945107518 ROU 79
81.97516872 124.1822056 38.017095393994964 UKR 80
2.296468756 -100.2167731 22.819205598105199 BDI 81
59.40911335 -82.27577017 46.5542406551113 KEN 82
-141.6495437 -3.908399501 23.625512441898575 GIN 83
9.332673767 -116.9312 28.693573347859068 MWI 84
-0.5589758391 103.2711512 9.130896023358769 SVN 85
10.76871443 -135.7486534 9.5742239410731038 LSO 86
-136.2010472 -23.17485171 33.699632998247999 CIV 87
76.32948122 -55.08616771 26.714119015999053 SOM 88
7.420057684 -39.32102495 20.88447149161146 SSD 89
271.4388436 -147.3699329 7.3160324182542684 TLS 90
-17.59384934 99.75713917 1.2443781621195815 LIE 91
-52.12289454 127.1338667 21.43952368190336 BEL 92
-47.24442284 -70.76567704 15.498300193355377 COG 93
28.07825826 -96.11812476 51.503024119408458 TZA 94
10.63978377 116.780157 20.317769221632126 CZE 95
231.3885497 -104.8868297 36.735232949191008 MYS 96
28.90008345 125.6747572 15.098083179099644 SVK 97
0.8853671872 -60.91486347 43.713866559415592 UGA 98
270.4992399 127.3016965 32.078087891570178 PRK 99
-32.12287489 109.7700178 5.0748022272783357 LUX 100
-101.5898822 -6.816306854 23.22454234302446 BEN 101
9.426386557 55.60934325 20.168303373972602 GRC 102
-28.98481121 90.17666857 18.601158916192968 CHE 103
-145.3832151 17.52215747 26.432728327444451 SEN 104
33.01553379 13.80951717 21.116832849381122 JOR 105
-49.59008605 143.6231114 26.324593283299887 NLD 106
88.33930944 -24.21357398 13.515899445744749 OMN 107
-26.71714652 66.90403575 48.120519234662289 ITA 108
248.3362667 -46.99920212 17.328067322333666 LAO 109
83.8934711 84.42808827 10.453205380069374 ARM 110
-9.734695222 69.78032417 1.1942482260115264 MCO 111
87.2479961 -12.78732476 19.347453128436602 ARE 112
33.42185727 31.84372072 14.534966062107987 PSE 113
86.90421606 176.4806176 20.43077159041167 SWE 114
53.2421655 101.2995112 11.625204021819526 MDA 115
-76.27123813 82.66093488 43.233246755155612 ESP 116
-60.94544084 -11.23830613 93.824250225672941 NGA 117
1.004641878 63.09114855 10.55503888936032 ALB 118
13.91121534 -140.5689436 6.900410717382937 SWZ 119
86.39989623 106.8498208 12.109364060164401 GEO 120
-35.06197825 33.76042545 16.460338010442232 LBY 121
268.0553091 -123.5609433 20.1571877413366 PNG 122
49.24598565 142.1638931 40.170840382954083 POL 123
-2.440826249 112.8333419 18.771797818654669 AUT 124
243.5066535 -35.9617303 17.166224104648915 HKG 125
86.39459145 165.9298544 7.2136660185443509 EST 126
77.57071805 168.5296542 14.673779446007559 NOR 127
0.4474913034 78.59015857 4.9631652484305366 MNE 128
52.59287841 26.66759105 42.306690389331351 IRQ 129
-148.3057187 5.425517351 9.1975944702771741 GNB 130
-102.5309524 31.1312409 30.269287604609637 MLI 131
106.5161199 114.6496007 27.770536099467865 KAZ 132
