-44.30444576 -1.174331675 4.74725428217579 ECU 0
-14.5792144 15.00647744 0.878651398847461 SUR 1
-13.93074799 -2.180121832 16.3745769278543 BRA 2
-25.83548108 -29.20371686 7.53058728595709 ARG 3
-55.04045507 18.37444779 2.95461664514993 NIC 4
-65.77912204 31.02629367 0.713379105238484 BLZ 5
-28.8205831 -15.87107672 3.91767191724312 BOL 6
-60.5327895 21.96299433 3.6227725255448 HND 7
-22.86230767 -19.21093527 2.9155880831169 PRY 8
-77.74725766 108.7508975 6.931528392866 CAN 9
-17.55048946 -24.40415705 2.05929615340227 URY 10
-66.0658002 18.66107479 2.80817644690301 SLV 11
-77.37996034 40.52055637 12.6152430314164 MEX 12
-53.30397958 13.16494353 2.54112452450061 CRI 13
-48.55590464 11.97833146 2.35281899672055 PAN 14
-67.83161971 25.99646533 4.73439439009603 GTM 15
-22.8162318 18.37303302 5.97731444764312 VEN 16
-35.60593944 -21.52616947 4.93145127910665 CHL 17
-37.62018407 -10.2492757 6.52378291896375 PER 18
-77.34578364 77.55606406 20.523724091066 USA 19
-35.8909581 8.397957051 8.03298559480558 COL 20
-13.07612574 14.96247364 0.622074568783537 GUF 21
-16.372654 15.5859747 1.00408824701442 GUY 22
