0.1536712518 90.25000458 28.537990747697954 HRV 0
108.9124392 74.7202758 30.116439969779236 UZB 1
56.62213306 70.35462781 26.454962073330357 BGR 2
-50.3338639 4.393452427 5.010715041841995 ESH 3
-23.24804649 -30.60242031 26.365837860205033 GNQ 4
43.45517552 71.07010291 30.47898970651816 SRB 5
-49.30602049 -9.518319832 31.090669201158288 BFA 6
-34.62460563 -45.46608284 43.502415068040477 TGO 7
96.65527797 69.17233872 12.526787604604987 TKM 8
96.15931676 114.6051662 18.282244620986376 LVA 9
-18.48078784 131.3070336 52.072878208319693 DEU 10
146.3660624 -34.71154041 39.968109165848851 THA 11
95.32673032 81.46633101 37.850803455379669 AZE 12
154.8058437 69.22530405 41.471046144172696 CHN 13
-22.93672515 -42.59959684 10.405531284211813 GAB 14
110.9050581 40.86698579 59.564842129320823 PAK 15
15.38519308 -29.00848615 80.600898744385262 RWA 16
73.51137027 58.70522108 37.933628069635212 SYR 17
-5.404407599 -72.95800591 17.759786582576918 ZMB 18
3.802453211 150.2226053 40.995335909946881 DNK 19
131.7389445 71.6178814 49.508552474614177 NPL 20
-22.74809681 16.61160837 30.19449566864866 TUN 21
136.5763163 1.177537032 122.91581205230848 BGD 22
124.9670465 85.6493324 19.964414229695002 KGZ 23
-0.6547388741 14.17493037 35.893126739560699 EGY 24
-31.52499066 10.27382193 14.768864773242742 DZA 25
-23.19457049 6.332696337 15.645952703424003 NER 26
104.175106 60.12307832 27.128522113639942 AFG 27
76.90209412 -10.56259866 27.243963154759381 YEM 28
-111.5986125 68.2204506 35.673863070504133 PRT 29
-7.373739494 -32.59507249 22.6523670540011 COD 30
90.92865969 25.45544985 52.448210139348106 KWT 31
-173.2764562 3.715314402 233.79832081313785 GIB 32
163.0094011 -30.55612353 33.047935450320651 KHM 33
163.6715708 -56.34254399 40.995335909946881 IDN 34
116.1426648 63.70791768 28.838830780073092 TJK 35
-73.88710137 -35.03403219 37.223745108606629 SLE 36
70.20373406 74.71723695 35.297989136289736 TUR 37
95.88423837 105.1972817 23.064262010133788 BLR 38
48.76930601 84.81945631 35.563724298623939 HUN 39
39.94336702 57.88527369 30.658656886243435 MKD 40
174.6159343 -39.14068652 31.241717875899614 BRN 41
4.249441775 -101.2775154 23.800896448749473 ZAF 42
0.1065427472 -2.965800503 12.836137584002028 TCD 43
-30.30531182 83.28722872 79.847831307310187 SMR 44
-76.36367558 99.56971934 36.671622460846834 FRA 45
29.06380945 -93.02875495 22.126718509430216 MOZ 46
33.03680355 -6.214399565 35.695850045208161 ETH 47
40.42138943 3.647261351 18.7483789493274 ERI 48
-68.82303963 83.21582365 44.022346995388965 AND 49
17.808817 94.07838996 26.691171778635322 BIH 50
-23.66170296 -56.40400682 18.282244620986376 AGO 51
111.0661425 101.2180518 14.392183230905879 FIN 52
11.47614796 0.9883340312 17.13012441233149 SDN 53
122.1960867 28.53901245 15.342118873751685 BTN 54
168.0565463 14.838243 30.837277289131155 MMR 55
130.0708342 97.02046569 5.010715041841995 MNG 56
239.6801738 10.7557951 77.676184739690541 KOR 57
-3.255102913 -15.62450181 10.253617564201088 CAF 58
22.73978322 16.68201975 69.430504277759582 ISR 59
359.6814229 -32.13012517 493.32646259444425 MAC 60
175.6863236 -12.59811119 59.893242689085007 VNM 61
-47.84239035 12.05454527 31.040156301507803 MAR 62
19.42931326 70.96256066 77.138977564123607 LBN 63
66.56411989 1.209815124 14.005374311799255 SAU 64
95.74755551 52.10448436 24.990862782419555 IRN 65
63.62558894 -9.76985547 23.602276316123458 DJI 66
87.12874951 114.1326763 22.23284246843593 LTU 67
116.9892157 104.1677679 10.02143008368399 RUS 68
3.154171762 -90.64628091 22.126718509430216 ZWE 69
-51.67956776 1.904280265 7.3043095919396075 MRT 70
-8.401674152 -85.73788465 7.3043095919396075 BWA 71
97.16079342 2.795618727 51.846374837059365 QAT 72
-95.73830305 -29.07898183 55.825077668920258 GMB 73
102.2896063 -26.28976682 73.918662026558764 IND 74
-13.73299196 -23.72402739 26.246534814389989 CMR 75
-50.66001266 44.68453522 115.70168529502678 VAT 76
-70.64414764 -51.8735026 25.302870654904186 LBR 77
-48.58995849 -32.69356222 41.300421687918899 GHA 78
63.37820751 87.94218536 31.367036140219717 ROU 79
104.5989222 94.66238214 26.866966248128421 UKR 80
13.68475702 -64.08271848 76.567267362310048 BDI 81
58.24621116 -35.52087487 33.190077764145322 KEN 82
-67.39008643 -22.59401161 25.611077762325817 GIN 83
38.96611472 -76.79036059 50.247879156700158 MWI 84
0.4608107749 109.8912192 34.602062231627954 SVN 85
14.65935845 -95.50108622 29.537729546485483 LSO 86
-60.91911512 -43.52065085 32.133102598504621 CIV 87
69.24757964 -17.20138075 18.15303985978268 SOM 88
19.85414412 -7.885877469 14.116972684234538 SSD 89
179.9150982 -54.48903059 32.254957804817671 TLS 90
-34.66137248 112.6284194 53.043217378827713 LIE 91
-69.67331826 126.7614833 66.25000983482235 BEL 92
-16.25786424 -36.418206 14.282735382207104 COG 93
37.5115349 -58.96157162 29.431286931659752 TZA 94
19.30883332 117.0812453 39.314959185470592 CZE 95
147.2501739 -52.60867221 34.465743662657282 MYS 96
53.30558246 100.284349 36.650220870193635 SVK 97
44.34214958 -22.40166417 52.493069628779978 UGA 98
168.7346857 85.77330327 49.698362317631073 PRK 99
-43.42970221 134.7981135 53.777719491839861 LUX 100
-34.07194404 -9.807702663 37.181565213916137 BEN 101
26.30141185 38.63555639 30.19449566864866 GRC 102
-55.12304609 99.20221191 50.310298906426482 CHE 103
-70.05144561 -9.223946617 32.400579122170356 SEN 104
54.93915822 0.9236127435 38.098737133147701 JOR 105
-33.1039952 162.1400874 77.138977564123607 NLD 106
83.85416356 -3.146008618 13.078350216409746 OMN 107
-9.59792073 63.79320686 47.585307427602821 ITA 108
179.7434538 14.28219804 19.406415909645048 LAO 109
85.87718736 68.70077876 33.308066325960112 ARM 110
75.23499307 -215.20241 454.27700509530524 MCO 111
77.2018532 6.402946674 39.034563641451086 ARE 112
57.35754665 32.27953224 100.72191597272028 PSE 113
105.0376715 104.8849496 17.221485723821072 SWE 114
74.70003434 97.30512874 34.465743662657282 MDA 115
-80.86311381 60.97569916 32.881326144031945 ESP 116
-14.25907896 -6.075458524 52.865418384560847 NGA 117
11.5444773 39.05611249 34.283142411464119 ALB 118
29.28538159 -111.2536077 28.289469405125189 SWZ 119
87.09758944 92.75074071 24.706687068839141 GEO 120
-11.37171044 7.423333081 6.6285529456622623 LBY 121
172.938932 -65.08667875 16.090950024469048 PNG 122
68.81103731 113.0608342 39.034563641451086 POL 123
-14.98315918 111.8399802 35.142049008662916 AUT 124
225.3357984 -146.8023297 284.83502099345412 HKG 125
95.50184739 122.8440153 18.7483789493274 EST 126
95.83480389 96.76515415 13.078350216409746 NOR 127
8.466734065 51.47176051 23.030218800419412 MNE 128
85.11038133 44.14538668 34.533970209790922 IRQ 129
-79.28853861 -19.49140707 29.484556272860946 GNB 130
-46.49189126 0.4785496719 14.715643465829876 MLI 131
107.9154991 87.34653485 9.1196390321201388 KAZ 132
