-45.70198742 -1.790477934 4.7472542821757884 ECU 0
-15.10061641 14.90478207 0.87865139884746146 SUR 1
-14.94625506 -2.768988008 16.374576927854349 BRA 2
-27.3477679 -29.54689763 7.5305872859570888 ARG 3
-55.69519639 17.35697651 2.9546166451499345 NIC 4
-66.50435535 29.51196918 0.71337910523848391 BLZ 5
-29.86260449 -16.37865268 3.9176719172431178 BOL 6
-61.32562656 20.75767076 3.6227725255447951 HND 7
-23.95268207 -19.70944178 2.9155880831169001 PRY 8
-80.10902428 107.0230723 6.9315283928660048 CAN 9
-18.97116919 -24.47302712 2.0592961534022747 URY 10
-66.36024205 16.75547264 2.8081764469030146 SLV 11
-78.17031142 39.49817238 12.615243031416425 MEX 12
-53.65181689 12.24792396 2.5411245245006104 CRI 13
-48.92106976 10.96730477 2.3528189967205462 PAN 14
-68.87709876 24.3508404 4.7343943900960257 GTM 15
-23.46223936 17.76396501 5.9773144476431224 VEN 16
-37.3063535 -21.87594207 4.9314512791066454 CHL 17
-38.54373992 -10.50561539 6.5237829189637537 PER 18
-79.0248385 75.84450026 20.523724091066036 USA 19
-37.05195948 7.542951294 8.0329855948055844 COL 20
-13.61077209 14.73017411 0.6220745687835374 GUF 21
-16.93484443 15.30834378 1.0040882470144172 GUY 22
