-94.93675688 10.02411082 1.2852367540431608 ECU 0
-89.90629668 9.843542208 0.3003550062232811 SUR 1
-90.47396431 8.633232957 0.764741750313786 BRA 2
-91.39551749 6.540424676 0.61351976899182969 ARG 3
-99.49379381 18.84752889 1.1484677501315752 NIC 4
-107.0317638 27.82410004 0.63836861038452264 BLZ 5
-91.66003081 7.633922394 0.50813010044472895 BOL 6
-102.3352684 21.44772376 1.4608241299146227 HND 7
-90.38089451 7.248101671 0.62357814045713589 PRY 8
-107.4380178 33.43251146 0.31053940960767429 CAN 9
-89.2754046 6.586877394 0.66463016489081539 URY 10
-106.4631378 16.06958321 2.6314701990967868 SLV 11
-109.7736711 28.36969648 1.2206850699033363 MEX 12
-99.24871799 14.43156515 1.5172310989942823 CRI 13
-94.89589711 13.50889993 1.1646062613728541 PAN 14
-107.5740013 23.59012221 1.9505141470782781 GTM 15
-90.93539619 11.28180152 0.85863788991479817 VEN 16
-93.40829801 6.431331871 0.77081926377532661 CHL 17
-92.92475122 7.901445405 0.77684923256786442 PER 18
-108.3173657 31.59957423 0.91477021622638521 USA 19
-92.69833572 10.60894054 1.0284314155724066 COL 20
-89.32661486 9.954158984 0.28981293036593719 GUF 21
-90.28522415 10.31622349 0.30548965177471238 GUY 22
