-1.616700421 90.33898636 12.557061120706921 HRV 0
109.4635816 90.16674389 37.190267079057826 UZB 1
15.3147612 67.38657383 16.219054210516582 BGR 2
-101.7108164 39.85600818 4.8067563876665504 ESH 3
-50.69611823 -63.31115598 8.2122012116535252 GNQ 4
9.100957046 76.59132069 16.768756670155742 SRB 5
-98.29832936 12.44839438 30.241677316167273 BFA 6
-86.42130232 -34.5662678 18.870849556599598 TGO 7
87.11112315 75.01161775 16.009163623128554 TKM 8
79.38136981 161.897759 8.4843270967260729 LVA 9
-23.9275453 128.5768338 57.238547839388026 DEU 10
212.2476687 -68.9100154 53.143183431408069 THA 11
91.53152123 97.18043018 20.237889446289813 AZE 12
215.844341 59.26351912 236.80474093456917 CHN 13
-50.18889292 -69.4847874 9.789922219419763 GAB 14
127.2469401 -9.05785325 97.25798843362314 PAK 15
10.89606274 -71.53936786 23.545605091055275 RWA 16
39.04957909 46.06530114 30.225840536078788 SYR 17
-2.368364556 -100.9117929 28.444318200884272 ZMB 18
-4.873560042 143.6621907 15.2478088008267 DNK 19
170.287431 -20.10926253 34.860711515510097 NPL 20
-41.06802032 51.15174634 22.136663020574257 TUN 21
167.1838521 -62.17140633 82.479617937764189 BGD 22
125.9373022 83.12505195 16.276737746062985 KGZ 23
-5.816578873 29.39460388 66.584789381892961 EGY 24
-72.84410669 49.40249539 42.35386041920701 DZA 25
-51.53219344 35.47804891 32.710506560757047 NER 26
108.9752603 51.107329 40.760695937709116 AFG 27
76.54822045 -21.62791293 36.810586215824081 YEM 28
-92.21249037 72.8786392 20.076669064768613 PRT 29
-18.09343427 -74.42657262 63.422018311371339 COD 30
78.11744982 3.431372231 13.020670410425378 KWT 31
-65.27815526 62.46149984 1.1329633457435904 GIB 32
237.9773859 -75.44047938 25.816605213989654 KHM 33
227.696859 -143.4501404 104.48136402769953 IDN 34
120.983748 71.93112681 19.974416800942763 TJK 35
-140.968098 -19.98693297 18.595133539528913 SLE 36
38.72524929 75.88501065 58.098497280179103 TUR 37
78.24593146 145.8301349 19.3284881314313 BLR 38
23.60290053 110.3411894 19.987163229818361 HUN 39
6.659112549 66.20746056 9.0569604257762002 MKD 40
229.0950036 -55.48602215 4.2198916596449774 BRN 41
-11.62139885 -134.6739815 48.747317566996678 ZAF 42
-11.81683001 -1.328461779 26.813465849264972 TCD 43
-22.67840965 85.70693006 1.1508063858912092 SMR 44
-50.23522129 101.537842 50.468822644874962 FRA 45
26.7781289 -121.2825915 36.514378401015769 MOZ 46
42.75696608 -34.03559202 70.546041612587103 ETH 47
45.58351607 -6.474375109 12.142968576167476 ERI 48
-43.19610109 69.35107639 1.7770982283583625 AND 49
1.772451643 82.46087563 11.238449618691737 BIH 50
-24.02059964 -108.3553429 37.985730249503682 AGO 51
93.09372865 167.0989402 14.769275929636084 FIN 52
12.37238641 -2.905656108 43.500575062320337 SDN 53
183.6890084 -16.49373549 5.565028320431276 BTN 54
220.0334417 -36.47922438 46.332917598525327 MMR 55
187.4687192 137.5102253 11.644467007726591 MNG 56
311.375456 71.76899292 45.13134315363525 KOR 57
-23.63388161 -41.40574488 15.029101654374699 CAF 58
22.85729559 30.0199301 18.996217189388506 ISR 59
229.5949206 -22.0304461 5.2620541529842972 MAC 60
259.7150268 -55.28518446 62.357436562825313 VNM 61
-99.54490481 54.25718582 38.579420067195542 MAR 62
20.00838632 44.44252708 14.511818404630572 LBN 63
61.63037477 -1.275054399 38.121459497544961 SAU 64
86.05908602 26.612768 59.22384170286221 IRN 65
61.61882981 -16.29644762 6.6859618848297169 DJI 66
76.27741845 155.7597697 10.340522835179389 LTU 67
161.8383682 151.386256 75.375622048486363 RUS 68
6.148965095 -116.8949191 25.603029953893035 ZWE 69
-107.5879912 29.36227289 13.83031670550182 MRT 70
-5.493824224 -113.5454167 10.258426419874205 BWA 71
78.67897444 -4.423114522 10.336581335956653 QAT 72
-142.9929078 2.146475279 10.444430594358346 GMB 73
112.2266531 -154.3363225 237.05012914518309 IND 74
-47.97942509 -49.48504998 33.567875577731229 CMR 75
-24.09127811 42.99196907 0.14273996463758234 VAT 76
-132.1071811 -38.54974146 14.598607327398124 LBR 77
-100.296613 -22.16738936 36.635262367418953 GHA 78
38.72598259 104.8440486 27.972298945107518 ROU 79
79.30535326 126.5135075 38.017095393994964 UKR 80
8.064740094 -86.8533625 22.819205598105199 BDI 81
64.19915131 -66.96454852 46.5542406551113 KEN 82
-129.4985791 -5.626885338 23.625512441898575 GIN 83
17.05187677 -101.5904459 28.693573347859068 MWI 84
-2.520871987 99.70822739 9.130896023358769 SVN 85
12.36084603 -126.9203872 9.5742239410731038 LSO 86
-123.8085124 -23.97059112 33.699632998247999 CIV 87
83.06054786 -41.89001763 26.714119015999053 SOM 88
9.491825686 -27.57465348 20.88447149161146 SSD 89
264.7448157 -137.7235367 7.3160324182542684 TLS 90
-21.1738401 97.37365504 1.2443781621195815 LIE 91
-52.79946531 125.4942883 21.43952368190336 BEL 92
-42.85707159 -65.12047327 15.498300193355377 COG 93
34.3851767 -80.9950911 51.503024119408458 TZA 94
7.701150437 112.9259977 20.317769221632126 CZE 95
225.0130537 -96.21139683 36.735232949191008 MYS 96
26.43401512 121.9454548 15.098083179099644 SVK 97
7.596845743 -49.21825953 43.713866559415592 UGA 98
267.6842517 133.051217 32.078087891570178 PRK 99
-33.1399019 108.9282456 5.0748022272783357 LUX 100
-90.9572263 -3.902173902 23.22454234302446 BEN 101
8.980485645 55.78103949 20.168303373972602 GRC 102
-29.20906821 91.86915978 18.601158916192968 CHE 103
-133.4974188 14.52732172 26.432728327444451 SEN 104
33.03713327 13.57132567 21.116832849381122 JOR 105
-49.2377121 141.0964015 26.324593283299887 NLD 106
89.53415536 -10.87108523 13.515899445744749 OMN 107
-26.44712035 69.63236964 48.120519234662289 ITA 108
242.0704777 -35.21280735 17.328067322333666 LAO 109
82.63051801 87.87131 10.453205380069374 ARM 110
-9.922787058 69.2273745 1.1942482260115264 MCO 111
88.59393355 0.1133658623 19.347453128436602 ARE 112
34.05628216 31.90605423 14.534966062107987 PSE 113
83.00961502 173.2911446 20.43077159041167 SWE 114
51.46107978 100.030528 11.625204021819526 MDA 115
-71.67278654 78.45123038 43.233246755155612 ESP 116
-51.85498395 -6.958812375 93.824250225672941 NGA 117
0.9738272448 62.91132756 10.55503888936032 ALB 118
15.96769679 -131.1025325 6.900410717382937 SWZ 119
84.61631109 110.3213468 12.109364060164401 GEO 120
-32.81434808 36.47793993 16.460338010442232 LBY 121
260.7480242 -115.8382998 20.1571877413366 PNG 122
47.06550387 139.3461569 40.170840382954083 POL 123
-4.750449076 108.8145548 18.771797818654669 AUT 124
238.230612 -24.29893604 17.166224104648915 HKG 125
84.30815371 163.9131872 7.2136660185443509 EST 126
73.26849849 166.6934657 14.673779446007559 NOR 127
0.2778944249 75.41076668 4.9631652484305366 MNE 128
51.78117731 24.80573359 42.306690389331351 IRQ 129
-136.4553877 2.944009691 9.1975944702771741 GNB 130
-92.95229763 32.01500617 30.269287604609637 MLI 131
104.0381253 115.382865 27.770536099467865 KAZ 132
