-94.02662543 2.693836036 1.2851815960347475 ECU 0
-89.89265317 3.501478453 0.30034211600371008 SUR 1
-90.50891723 2.617477686 0.76470893018802688 BRA 2
-91.34297249 0.386595667 0.61349343880132323 ARG 3
-99.48019192 14.2680833 1.1484184617855757 NIC 4
-109.0978787 27.59884145 0.63834121376590602 BLZ 5
-91.03465846 1.459737337 0.50810829322184392 BOL 6
-101.8374873 15.3966388 1.4607614362907477 HND 7
-89.91378573 1.370805101 0.62355137859539356 PRY 8
-108.4271804 29.73383808 0.31052608230800438 CAN 9
-90.09915427 0.1040772615 0.6646016412152268 URY 10
-107.0065009 12.71752156 2.6313572653085759 SLV 11
-111.0151717 27.63099553 1.2206326822345708 MEX 12
-99.65265586 10.51630106 1.5171659845743435 CRI 13
-95.64207137 8.669219987 1.164556280416613 PAN 14
-109.099825 25.0120856 1.9504304376174362 GTM 15
-90.45356667 4.834956048 0.85860104008475158 VEN 16
-92.6344605 0.8603377643 0.77078618282327405 CHL 17
-92.01662083 2.276596755 0.77681589282997476 PER 18
-109.4724149 29.09795339 0.91473095738701238 USA 19
-92.16572628 4.062324976 1.028387278779326 COL 20
-89.53967213 3.032877582 0.28980049257655627 GUF 21
-90.4707139 3.681848146 0.30547654119354528 GUY 22
