75.86645812 85.34761415 12.557061120706921 HRV 0
205.4351731 62.64550103 37.190267079057826 UZB 1
107.7331465 81.16734925 16.219054210516582 BGR 2
-145.2919739 45.38036588 4.8067563876665504 ESH 3
-70.40818429 -109.5229814 8.2122012116535252 GNQ 4
91.66951381 80.68822897 16.768756670155742 SRB 5
-164.1546649 -30.61500736 30.241677316167273 BFA 6
-167.914659 -79.63607364 18.870849556599598 TGO 7
182.1344427 51.29699307 16.009163623128554 TKM 8
179.1126064 156.8069231 8.4843270967260729 LVA 9
44.4834483 158.9197369 57.238547839388026 DEU 10
233.1770145 -198.5715266 53.143183431408069 THA 11
178.0733998 68.48222265 20.237889446289813 AZE 12
322.4456165 -23.04303225 236.80474093456917 CHN 13
-71.80518299 -118.1812139 9.789922219419763 GAB 14
196.8325526 -126.5211799 97.25798843362314 PAK 15
16.76778585 -181.0112474 23.545605091055275 RWA 16
101.210663 -4.317133726 30.225840536078788 SYR 17
-26.29928707 -200.850582 28.444318200884272 ZMB 18
14.51637764 187.8758664 15.2478088008267 DNK 19
104.0100972 -128.1285624 34.860711515510097 NPL 20
-57.00906554 11.8736566 22.136663020574257 TUN 21
166.2282997 -208.5838813 82.479617937764189 BGD 22
231.2254627 66.29806942 16.276737746062985 KGZ 23
-7.882033272 12.15484395 66.584789381892961 EGY 24
-108.2702331 16.24703472 42.35386041920701 DZA 25
-103.7280199 -38.14924927 32.710506560757047 NER 26
191.7187471 11.53376672 40.760695937709116 AFG 27
111.8172212 -94.05094063 36.810586215824081 YEM 28
-115.1107145 93.91801656 20.076669064768613 PRT 29
-40.39320751 -157.7307815 63.422018311371339 COD 30
126.0272747 -69.60762829 13.020670410425378 KWT 31
-71.86773934 60.41934899 1.1329633457435904 GIB 32
312.0151587 -204.2791869 25.816605213989654 KHM 33
267.3058234 -267.3738777 104.48136402769953 IDN 34
211.9278189 35.56375859 19.974416800942763 TJK 35
-222.3147117 -4.816047539 18.595133539528913 SLE 36
123.6028912 48.62527139 58.098497280179103 TUR 37
170.7578907 132.758094 19.3284881314313 BLR 38
105.5948687 98.67594807 19.987163229818361 HUN 39
87.39163835 66.35059424 9.0569604257762002 MKD 40
289.1426128 -158.0243004 4.2198916596449774 BRN 41
-50.85039077 -233.7144989 48.747317566996678 ZAF 42
-50.16387468 -64.239049 26.813465849264972 TCD 43
-15.38849591 84.01469376 1.1508063858912092 SMR 44
-26.45083214 107.2548853 50.468822644874962 FRA 45
27.71391279 -237.0632696 36.514378401015769 MOZ 46
25.61722805 -95.03002747 70.546041612587103 ETH 47
39.32008415 -57.14802856 12.142968576167476 ERI 48
-45.03024768 73.74089412 1.7770982283583625 AND 49
79.57853579 74.36547978 11.238449618691737 BIH 50
-87.08429276 -173.8744907 37.985730249503682 AGO 51
200.6106781 171.5183291 14.769275929636084 FIN 52
-16.36393661 -58.63555906 43.500575062320337 SDN 53
243.122022 -148.7704808 5.565028320431276 BTN 54
264.7897478 -161.8325543 46.332917598525327 MMR 55
294.2078945 103.369622 11.644467007726591 MNG 56
425.9609957 77.9751846 45.13134315363525 KOR 57
-40.59192534 -105.0186778 15.029101654374699 CAF 58
52.04402168 -3.025998975 18.996217189388506 ISR 59
266.01094 -136.7220207 5.2620541529842972 MAC 60
371.121516 -181.3264917 62.357436562825313 VNM 61
-118.5326506 65.49736063 38.579420067195542 MAR 62
59.34614588 11.58854347 14.511818404630572 LBN 63
85.27615864 -67.6982908 38.121459497544961 SAU 64
145.5918303 -4.131908412 59.22384170286221 IRN 65
53.41030078 -69.66789999 6.6859618848297169 DJI 66
172.6301471 147.0903012 10.340522835179389 LTU 67
253.5637503 118.5779466 75.375622048486363 RUS 68
-15.69649086 -224.9838963 25.603029953893035 ZWE 69
-159.093145 32.85989037 13.83031670550182 MRT 70
-44.87767264 -204.0746015 10.258426419874205 BWA 71
109.6618159 -69.50215176 10.336581335956653 QAT 72
-219.1242002 8.974595478 10.444430594358346 GMB 73
116.7471258 -356.1780654 237.05012914518309 IND 74
-60.3116971 -91.84945673 33.567875577731229 CMR 75
-15.66801745 45.91045589 0.14273996463758234 VAT 76
-224.5810874 -20.83244117 14.598607327398124 LBR 77
-185.8773314 -59.42281826 36.635262367418953 GHA 78
128.9561447 94.30683243 27.972298945107518 ROU 79
163.2299516 105.7464384 38.017095393994964 UKR 80
-2.903103216 -192.1138069 22.819205598105199 BDI 81
54.74943224 -144.079222 46.5542406551113 KEN 82
-201.9926644 -1.629516497 23.625512441898575 GIN 83
17.25042085 -207.0682672 28.693573347859068 MWI 84
76.59960885 95.90418824 9.130896023358769 SVN 85
-2.292050027 -207.9000704 9.5742239410731038 LSO 86
-202.7296956 -29.58778195 33.699632998247999 CIV 87
72.96761052 -96.7879704 26.714119015999053 SOM 88
-9.288134514 -122.7007744 20.88447149161146 SSD 89
336.1333291 -232.037969 7.3160324182542684 TLS 90
57.80064663 114.9498522 1.2443781621195815 LIE 91
-32.59135631 142.9972116 21.43952368190336 BEL 92
-62.52980805 -126.2948143 15.498300193355377 COG 93
53.22433618 -191.8262567 51.503024119408458 TZA 94
81.95686136 134.8706106 20.317769221632126 CZE 95
282.1066764 -198.4148866 36.735232949191008 MYS 96
110.8576358 114.9381409 15.098083179099644 SVK 97
11.02172777 -148.7477714 43.713866559415592 UGA 98
359.9245868 102.4929276 32.078087891570178 PRK 99
-10.44047502 129.8396533 5.0748022272783357 LUX 100
-155.7919346 -58.54235884 23.22454234302446 BEN 101
85.63099239 52.21288419 20.168303373972602 GRC 102
40.52450335 117.2401862 18.601158916192968 CHE 103
-198.5546016 25.03373368 26.432728327444451 SEN 104
62.42046417 -19.59244192 21.116832849381122 JOR 105
-38.44511 166.9869638 26.324593283299887 NLD 106
135.3213157 -80.64750444 13.515899445744749 OMN 107
29.33639613 63.48884981 48.120519234662289 ITA 108
294.2369265 -172.8040972 17.328067322333666 LAO 109
164.2338577 62.82315591 10.453205380069374 ARM 110
-4.220669324 80.68421513 1.1942482260115264 MCO 111
140.2789135 -62.85836754 19.347453128436602 ARE 112
73.22176111 14.38100123 14.534966062107987 PSE 113
188.8374096 183.9918804 20.43077159041167 SWE 114
142.3165789 80.38626674 11.625204021819526 MDA 115
-83.64325064 84.78417025 43.233246755155612 ESP 116
-121.4085595 -108.8160675 93.824250225672941 NGA 117
73.18434867 60.52616556 10.55503888936032 ALB 118
4.530068557 -239.7387753 6.900410717382937 SWZ 119
173.3135246 83.50487101 12.109364060164401 GEO 120
-65.08225132 -23.66592484 16.460338010442232 LBY 121
329.8499208 -177.590878 20.1571877413366 PNG 122
139.6837459 137.8228659 40.170840382954083 POL 123
77.27775421 110.2425141 18.771797818654669 AUT 124
300.755849 -157.311295 17.166224104648915 HKG 125
186.9442013 159.5941437 7.2136660185443509 EST 126
179.5257205 168.6309113 14.673779446007559 NOR 127
75.16396026 67.82244193 4.9631652484305366 MNE 128
116.6801997 -44.26628744 42.306690389331351 IRQ 129
-213.965562 17.03731433 9.1975944702771741 GNB 130
-149.7078565 4.519589813 30.269287604609637 MLI 131
196.0305037 92.862883 27.770536099467865 KAZ 132
