-77.51554096 -18.59118298 23.901803645853672 ECU 0
-28.31597523 -12.28743931 5.5857618140890297 SUR 1
-34.75307481 -26.07600916 14.222054495628539 BRA 2
-43.9485569 -49.85273167 11.409749219480975 ARG 3
-98.58838324 24.33548706 21.358283266398406 NIC 4
-137.7749935 59.36140381 11.871868067177079 BLZ 5
-48.05953573 -38.00296757 9.4497965835249929 BOL 6
-110.1947323 50.40538368 27.167237012560403 HND 7
-33.25815781 -41.28537046 11.596806754993013 PRY 8
-127.9255524 106.5443238 5.7751631902776213 CAN 9
-21.30763383 -48.88361952 12.360259421742416 URY 10
-149.1737149 -14.91428311 48.937974891289677 SLV 11
-167.8405355 66.78256024 22.701323131687296 MEX 12
-104.6533827 -4.334133313 28.216248640152315 CRI 13
-67.19226005 8.369475205 21.658414371124419 PAN 14
-153.0302682 35.17299493 36.274099698178354 GTM 15
-39.66949217 3.617980303 15.968259686840874 VEN 16
-67.47297951 -51.07618408 14.33507922275045 CHL 17
-61.95064517 -35.0191661 14.447219752202678 PER 18
-139.4029699 89.70486457 17.012163728227698 USA 19
-52.9993816 -12.21553186 19.125943668285029 COL 20
-21.90163034 -11.36038646 5.3897087317528332 GUF 21
-32.58278599 -6.945257553 5.6812518390788114 GUY 22
