75.78531221 85.40811508 12.557061120706921 HRV 0
205.506852 62.69630104 37.190267079057826 UZB 1
107.713925 80.9417199 16.219054210516582 BGR 2
-145.2919739 45.38036588 4.8067563876665504 ESH 3
-70.33426197 -109.5005764 8.2122012116535252 GNQ 4
91.6522728 80.52049837 16.768756670155742 SRB 5
-164.1235812 -30.59009768 30.241677316167273 BFA 6
-167.8676374 -79.60257901 18.870849556599598 TGO 7
182.2475925 51.28442415 16.009163623128554 TKM 8
179.1126064 156.8069231 8.4843270967260729 LVA 9
44.46820908 158.9175226 57.238547839388026 DEU 10
233.1232078 -198.5761136 53.143183431408069 THA 11
178.1371659 68.45194338 20.237889446289813 AZE 12
322.4136245 -23.02872769 236.80474093456917 CHN 13
-71.6800062 -118.1639143 9.789922219419763 GAB 14
196.7372214 -126.4108858 97.25798843362314 PAK 15
16.78881565 -180.9458403 23.545605091055275 RWA 16
101.2140977 -4.314576686 30.225840536078788 SYR 17
-26.2384865 -200.8743804 28.444318200884272 ZMB 18
14.51637764 187.8758664 15.2478088008267 DNK 19
104.0100972 -128.1285624 34.860711515510097 NPL 20
-57.00906554 11.8736566 22.136663020574257 TUN 21
166.1534575 -208.4364976 82.479617937764189 BGD 22
231.2956002 66.3426782 16.276737746062985 KGZ 23
-7.882033272 12.15484395 66.584789381892961 EGY 24
-108.2702331 16.24703472 42.35386041920701 DZA 25
-103.7280199 -38.14924927 32.710506560757047 NER 26
191.7713783 11.70748538 40.760695937709116 AFG 27
111.8172212 -94.05094063 36.810586215824081 YEM 28
-115.1107145 93.91801656 20.076669064768613 PRT 29
-40.26906662 -157.6778027 63.422018311371339 COD 30
126.1483855 -69.6846875 13.020670410425378 KWT 31
-71.86773934 60.41934899 1.1329633457435904 GIB 32
311.9842729 -204.2571304 25.816605213989654 KHM 33
267.3405805 -267.2937398 104.48136402769953 IDN 34
211.9641855 35.61642061 19.974416800942763 TJK 35
-222.305115 -4.812726983 18.595133539528913 SLE 36
123.6744786 48.45743963 58.098497280179103 TUR 37
170.8311513 132.6728238 19.3284881314313 BLR 38
105.6485895 98.45359418 19.987163229818361 HUN 39
87.39100999 66.33132052 9.0569604257762002 MKD 40
289.1441986 -158.0135038 4.2198916596449774 BRN 41
-50.82351071 -233.6130556 48.747317566996678 ZAF 42
-50.26887903 -64.14949997 26.813465849264972 TCD 43
-15.38849591 84.01469376 1.1508063858912092 SMR 44
-26.45083214 107.2548853 50.468822644874962 FRA 45
27.66964131 -236.9120924 36.514378401015769 MOZ 46
25.53496867 -94.91079006 70.546041612587103 ETH 47
39.22952479 -57.03796883 12.142968576167476 ERI 48
-45.03024768 73.74089412 1.7770982283583625 AND 49
79.45518542 74.4153573 11.238449618691737 BIH 50
-86.97557601 -173.7393234 37.985730249503682 AGO 51
200.6059841 171.513095 14.769275929636084 FIN 52
-16.46781299 -58.570015 43.500575062320337 SDN 53
243.1613646 -148.69929 5.565028320431276 BTN 54
264.7411554 -161.8651816 46.332917598525327 MMR 55
294.2078945 103.369622 11.644467007726591 MNG 56
425.9609957 77.9751846 45.13134315363525 KOR 57
-40.45290841 -104.8858786 15.029101654374699 CAF 58
52.05230797 -3.020359314 18.996217189388506 ISR 59
266.0070603 -136.7697814 5.2620541529842972 MAC 60
371.121516 -181.3264917 62.357436562825313 VNM 61
-118.5186974 65.51017666 38.579420067195542 MAR 62
59.3510978 11.57688129 14.511818404630572 LBN 63
85.42313086 -67.72926738 38.121459497544961 SAU 64
145.762256 -4.239186493 59.22384170286221 IRN 65
53.32738662 -69.55912245 6.6859618848297169 DJI 66
172.7226596 147.0113779 10.340522835179389 LTU 67
253.666875 118.4431082 75.375622048486363 RUS 68
-15.65294747 -224.982795 25.603029953893035 ZWE 69
-159.093145 32.85989037 13.83031670550182 MRT 70
-44.82059679 -204.0331119 10.258426419874205 BWA 71
109.6618159 -69.50215176 10.336581335956653 QAT 72
-219.1256254 8.968586646 10.444430594358346 GMB 73
116.0989736 -355.7856618 237.05012914518309 IND 74
-60.33446985 -91.77992332 33.567875577731229 CMR 75
-15.73233093 45.89584002 0.14273996463758234 VAT 76
-224.5386409 -20.8251804 14.598607327398124 LBR 77
-185.8337546 -59.40337066 36.635262367418953 GHA 78
128.9639204 94.30368649 27.972298945107518 ROU 79
163.2785599 105.7003044 38.017095393994964 UKR 80
-2.890349205 -192.022319 22.819205598105199 BDI 81
54.81809631 -143.8500713 46.5542406551113 KEN 82
-201.9899492 -1.624466943 23.625512441898575 GIN 83
17.31751594 -206.8893436 28.693573347859068 MWI 84
76.59974859 95.94062459 9.130896023358769 SVN 85
-2.292050027 -207.9000704 9.5742239410731038 LSO 86
-202.711129 -29.59467468 33.699632998247999 CIV 87
72.86759268 -96.70512518 26.714119015999053 SOM 88
-9.302752262 -122.6469065 20.88447149161146 SSD 89
336.1333291 -232.037969 7.3160324182542684 TLS 90
57.71053935 114.9591367 1.2443781621195815 LIE 91
-32.59135631 142.9972116 21.43952368190336 BEL 92
-62.35360336 -126.2157454 15.498300193355377 COG 93
53.25685069 -191.5869531 51.503024119408458 TZA 94
81.95686136 134.8706106 20.317769221632126 CZE 95
282.0856464 -198.4141251 36.735232949191008 MYS 96
110.8579524 114.7295555 15.098083179099644 SVK 97
11.12030646 -148.6629013 43.713866559415592 UGA 98
360.4111597 104.8685939 32.078087891570178 PRK 99
-10.44047502 129.8396533 5.0748022272783357 LUX 100
-155.7841736 -58.53216105 23.22454234302446 BEN 101
85.37694279 52.16096409 20.168303373972602 GRC 102
40.40855917 117.1706678 18.601158916192968 CHE 103
-198.5692856 25.0353293 26.432728327444451 SEN 104
62.41744949 -19.57999852 21.116832849381122 JOR 105
-38.44511 166.9869638 26.324593283299887 NLD 106
135.4891339 -80.66156297 13.515899445744749 OMN 107
29.20472773 63.68138621 48.120519234662289 ITA 108
294.2385916 -172.8018396 17.328067322333666 LAO 109
164.2965337 62.7989869 10.453205380069374 ARM 110
-4.220669324 80.68421513 1.1942482260115264 MCO 111
140.4515594 -62.93853281 19.347453128436602 ARE 112
73.21630185 14.38776981 14.534966062107987 PSE 113
188.8457855 183.9873389 20.43077159041167 SWE 114
142.3206066 80.39277911 11.625204021819526 MDA 115
-83.66636126 84.82158321 43.233246755155612 ESP 116
-121.2071194 -108.5014303 93.824250225672941 NGA 117
72.98599919 60.55570028 10.55503888936032 ALB 118
4.563905603 -239.5763981 6.900410717382937 SWZ 119
173.4032799 83.47721834 12.109364060164401 GEO 120
-65.08225132 -23.66592484 16.460338010442232 LBY 121
329.8499208 -177.590878 20.1571877413366 PNG 122
139.6648027 137.8256015 40.170840382954083 POL 123
77.21774203 110.3935476 18.771797818654669 AUT 124
300.7625911 -157.3199016 17.166224104648915 HKG 125
186.9442013 159.5941437 7.2136660185443509 EST 126
179.5257205 168.6309113 14.673779446007559 NOR 127
75.03422777 67.87919239 4.9631652484305366 MNE 128
116.8613655 -44.36248745 42.306690389331351 IRQ 129
-213.9606662 17.02079057 9.1975944702771741 GNB 130
-149.7078565 4.519589813 30.269287604609637 MLI 131
196.0694378 92.89129071 27.770536099467865 KAZ 132
