-34.75672212 105.0382939 10.6517596039178 HRV 0
83.97348117 77.89216061 11.2409132626055 UZB 1
53.7184025 77.23390123 9.87427246813477 BGR 2
-50.99250398 1.664995076 1.87024141052192 ESH 3
-26.34946636 -41.61825359 9.84100699750328 GNQ 4
26.27942209 98.43783577 11.3762343745348 SRB 5
-60.80700469 -6.602193236 11.6045427718973 BFA 6
-27.19964834 -62.05246866 16.2372071527845 TGO 7
88.08562696 66.14355261 4.67560352630479 TKM 8
99.70304411 115.9117053 6.82381869292867 LVA 9
-20.36800682 144.462038 19.4361188726595 DEU 10
166.5631498 -30.90269263 14.9180331026672 THA 11
75.83072449 57.92613388 14.1277521177404 AZE 12
118.1263291 59.68272522 15.4790019366148 CHN 13
-15.82108309 -43.62914552 3.88384798251473 GAB 14
129.0987023 22.47145704 22.2324824762943 PAK 15
19.6989264 -58.91831694 30.0841571109616 RWA 16
52.17208212 37.03391229 14.158666273125 SYR 17
3.313261172 -82.32230857 6.62881206203189 ZMB 18
2.60056465 158.7432176 15.3014438491904 DNK 19
112.9472491 86.27678106 18.4789883758751 NPL 20
-25.08471671 15.85914357 11.270047427916 TUN 21
135.689485 -66.9894556 45.8781311227088 BGD 22
98.14827062 70.96535695 7.45168582076514 KGZ 23
-9.15290141 4.086601048 13.3970524008806 EGY 24
-35.07242411 7.34826936 5.51245525931226 DZA 25
-27.52501413 2.76273118 5.83982693261558 NER 26
90.59907774 41.51421058 10.1256776806325 AFG 27
65.37995944 -26.74006629 10.168765865407 YEM 28
-124.5962325 64.03579426 13.3152125855512 PRT 29
-4.043992222 -40.25054901 8.45495993225773 COD 30
100.0878943 7.852356731 19.5762109182535 KWT 31
-198.0598369 7.418182156 87.2648509531839 GIB 32
173.4657897 -10.40039957 12.3350892827311 KHM 33
186.0255399 -44.27182571 15.3014438491904 IDN 34
95.74553507 56.91823174 10.7640476669572 TJK 35
-86.95623593 -50.89655345 13.893703588308 SLE 36
54.58613816 58.12920265 13.1749182381311 TUR 37
89.50560325 108.3593191 8.60869906875057 BLR 38
9.6167819 108.2789092 13.2741034643272 HUN 39
40.62218213 87.83943983 11.443294863273 MKD 40
204.0539639 -10.31002649 11.6609214492211 BRN 41
0.5060952978 -110.3886674 8.8836466999791 ZAF 42
-6.148079282 -9.90086026 4.79106791351923 TCD 43
-77.53287174 108.7450881 29.8030758892253 SMR 44
-107.2928875 90.9084129 13.6876246892078 FRA 45
25.00583993 -103.4161473 8.25876245001663 MOZ 46
16.54244342 -1.979923645 13.3234191888484 ETH 47
32.34853843 -1.495973488 6.99780258872985 ERI 48
-82.47085287 68.48276467 16.4312709167503 AND 49
2.398321088 126.4958161 9.96243736450974 BIH 50
-12.78178134 -51.40000034 6.82381869292867 AGO 51
94.41426953 85.81497557 5.3718594734464 FIN 52
2.58097901 -8.847259046 6.39379165963456 SDN 53
114.0314119 39.25100883 5.72642143950222 BTN 54
144.1142592 0.8846562753 11.5099646442235 MMR 55
106.2646618 100.774794 1.87024141052192 MNG 56
238.428734 22.84388923 28.9925122658972 KOR 57
-0.3642692034 -16.75855384 3.82714642842155 CAF 58
-44.59619603 42.00979265 25.9148251635459 ISR 59
412.1766938 5.597380871 184.133316611684 MAC 60
185.4188206 13.75765463 22.3550574622954 VNM 61
-50.71238908 13.5143521 11.5856889125373 MAR 62
-20.57525611 77.87077018 28.7920005430423 LBN 63
60.53267977 -6.445864653 5.22748366032762 SAU 64
86.89682524 26.73776041 9.32779973917061 IRN 65
49.9325816 -9.08862447 8.80951205175054 DJI 66
80.75765382 122.804467 8.29837304872832 LTU 67
100.2190921 99.68576825 3.74048282104383 RUS 68
3.477585119 -97.39940652 8.25876245001663 ZWE 69
-50.68531747 -1.933001003 2.72632192412523 MRT 70
0.01395175557 -89.35420297 2.72632192412523 BWA 71
89.15818077 -21.07644739 19.3515768500107 QAT 72
-108.6073335 -34.77685764 20.8366213464887 GMB 73
77.93907852 -55.9148329 27.5900228965372 IND 74
1.624387626 -27.2574275 9.79647732562582 CMR 75
-97.52667519 23.43352289 43.1854697980164 VAT 76
-77.34869163 -66.2779315 9.44425618074768 LBR 77
-45.70965676 -45.78688513 15.415316630013 GHA 78
52.07766784 101.7134821 11.7076962918272 ROU 79
71.23017732 111.9954419 10.0280523703205 UKR 80
-25.94769266 -96.90532398 28.578610620582 BDI 81
49.48153099 -40.83703919 12.3881436750249 KEN 82
-66.5304197 -28.06614616 9.55929399281715 GIN 83
42.50921726 -91.64291087 18.7549408826919 MWI 84
-16.10290303 110.0751408 12.9151646291299 SVN 85
15.43764572 -114.9452167 11.0249105186245 LSO 86
-64.94640618 -55.11984192 11.993629377531 CIV 87
52.92102767 -22.29897762 6.77559322154946 SOM 88
8.358302616 -17.19846346 5.26913757513467 SSD 89
203.882651 -56.86138609 12.0391116392504 TLS 90
-52.42727439 142.4240336 19.7982964229255 LIE 91
-115.2633395 133.6939046 24.7277106772012 BEL 92
-14.16921561 -36.64249192 5.33100823819959 COG 93
17.01175483 -90.71416041 10.9851809821354 TZA 94
20.07657026 134.4417046 14.6742459125387 CZE 95
188.8201147 -22.56938999 12.8642839403294 MYS 96
33.19679983 116.7378104 13.6796365795755 SVK 97
32.4084143 -22.48537419 19.5929546512516 UGA 98
160.4239282 95.65008896 18.5498345975362 PRK 99
-66.94914017 171.5235301 20.0724481670179 LUX 100
-49.11308217 -22.66900611 13.8779600097802 BEN 101
37.54511438 67.14444182 11.270047427916 GRC 102
-83.58746363 146.1584241 18.7782389548828 CHE 103
-77.45529183 -14.68036907 12.0934645640712 SEN 104
45.67009985 8.346613001 14.2202929681685 JOR 105
-29.44552557 180.8385463 28.7920005430423 NLD 106
63.85115946 -13.58585912 4.8814733928765 OMN 107
-57.38450371 77.7627953 17.7611402245702 ITA 108
159.9241255 -1.2493703 7.24341383633885 LAO 109
73.0707701 37.39838935 12.4321827178424 ARM 110
51.2536832 -253.6934203 169.558168780795 MCO 111
74.46643405 0.9638252606 14.5695887222231 ARE 112
11.81878361 37.74509997 37.5942947516013 PSE 113
92.7945453 94.85227671 6.42789212366825 SWE 114
53.46661458 120.7487209 12.8642839403294 MDA 115
-104.7776766 65.97773227 12.2729026244603 ESP 116
-23.44828276 -17.91242555 19.7319332314348 NGA 117
23.60157621 79.79495859 12.7961283140879 ALB 118
35.57567015 -113.7670339 10.5589994085372 SWZ 119
68.34665179 74.7620004 9.22173160658582 GEO 120
-21.34309275 0.8638509285 2.47409683194783 LBY 121
190.2565329 -60.37524616 6.00592147410119 PNG 122
65.31065327 138.5936002 14.5695887222231 POL 123
-34.99758406 123.5848108 13.1167138338067 AUT 124
242.7183612 -143.4472505 106.314218026856 HKG 125
92.58227305 124.0832321 6.99780258872985 EST 126
83.99985511 92.39417986 4.8814733928765 NOR 127
8.192668156 73.53574809 8.59599249493361 MNE 128
64.26762622 19.73096524 12.889749390406 IRQ 129
-82.04729535 -32.13968101 11.005063678915 GNB 130
-44.27191775 -4.89610536 5.49259049106771 MLI 131
95.36374012 78.97116141 3.40389074702064 KAZ 132
