-45.04079191 -1.643317822 4.7472542821757884 ECU 0
-14.58705353 14.95784904 0.87865139884746146 SUR 1
-14.86755366 -2.383014416 16.374576927854349 BRA 2
-26.55765943 -29.57612211 7.5305872859570888 ARG 3
-55.2505127 18.48050274 2.9546166451499345 NIC 4
-65.88462246 30.87073256 0.71337910523848391 BLZ 5
-29.54753676 -16.36601524 3.9176719172431178 BOL 6
-60.84406632 21.94223523 3.6227725255447951 HND 7
-23.52934608 -19.58925958 2.9155880831169001 PRY 8
-77.89553545 108.6447391 6.9315283928660048 CAN 9
-18.27208153 -24.76101934 2.0592961534022747 URY 10
-66.02170682 18.12741929 2.8081764469030146 SLV 11
-77.71029306 40.42636131 12.615243031416425 MEX 12
-53.39179619 13.30616299 2.5411245245006104 CRI 13
-48.68135408 11.96734616 2.3528189967205462 PAN 14
-68.22083634 25.89756819 4.7343943900960257 GTM 15
-22.98579238 18.39831547 5.9773144476431224 VEN 16
-36.39859018 -21.95527931 4.9314512791066454 CHL 17
-38.30042544 -10.67929531 6.5237829189637537 PER 18
-77.45150806 77.45048236 20.523724091066036 USA 19
-36.86927847 8.149253613 8.0329855948055844 COL 20
-13.08593367 14.96066899 0.6220745687835374 GUF 21
-16.37457816 15.55117741 1.0040882470144172 GUY 22
