31.88437042 93.11033122 37.490194851673259 HRV 0
88.04270075 55.61694739 39.56379454628641 UZB 1
57.56106711 64.79730432 34.753732023085263 BGR 2
-60.59909009 -0.6111489477 6.5825476266236391 ESH 3
-4.473704414 -29.19761424 34.636650055205656 GNQ 4
49.75659993 74.29021668 40.04007405712975 SRB 5
-26.31427469 -8.322114232 40.843633902795517 BFA 6
-17.12638105 -24.26076596 57.148873297983101 TGO 7
83.38016774 52.45470171 16.456369066559098 TKM 8
62.76293938 105.3844241 24.017279955913629 LVA 9
8.704475564 123.2210462 68.407841595324427 DEU 10
113.8291888 -18.79281285 52.505875894626271 THA 11
78.62969372 62.45624356 49.724383520204178 AZE 12
120.2553954 46.43440958 54.480275587488016 CHN 13
0.0005761700912 -31.17021104 13.669686798526666 GAB 14
91.59186138 35.46415693 78.249991650779748 PAK 15
22.03280924 -21.43851761 105.8849386371303 RWA 16
69.57433797 46.63169888 49.833189741160915 SYR 17
25.39391018 -45.83612592 23.330929825837512 ZMB 18
17.95367786 131.4858256 53.8553377797869 DNK 19
103.1851991 45.37487082 65.039101578911939 NPL 20
-8.157571818 9.00320888 39.666335870438125 TUN 21
112.7479267 25.66168678 161.47379768018232 BGD 22
97.81027291 54.89596438 26.227136527863653 KGZ 23
19.30739939 4.447258859 47.152594840983397 EGY 24
-34.97887401 3.193356133 19.401772990326847 DZA 25
-10.21033568 -11.55288555 20.553998376313377 NER 26
87.22820129 46.02940255 35.638583986867758 AFG 27
62.60157035 2.959670902 35.790238220822438 YEM 28
-108.9996618 71.54288129 46.864549415869277 PRT 29
9.198260498 -24.89687325 29.758284744507812 COD 30
77.78318461 25.45313688 68.900913001532132 KWT 31
-114.5395913 14.7396386 307.139513807068 GIB 32
123.1846504 -20.35031425 43.414883354322512 KHM 33
124.6217938 -30.00622562 53.8553377797869 IDN 34
94.23198729 49.71816461 37.885406677643793 TJK 35
-44.16888813 -18.8682347 48.900620564650424 SLE 36
64.39876809 59.35963025 46.370765983183162 TUR 37
63.38018043 94.96236199 30.299388787198048 BLR 38
48.44119446 88.66873488 46.719860742619012 HUN 39
47.07667621 60.29764728 40.276101801195594 MKD 40
131.1848534 -18.25692836 41.04206568091908 BRN 41
22.7783117 -55.64787284 31.267101226462287 ZAF 42
5.597663832 -8.495959643 16.86276036114916 TCD 43
25.62819592 80.728297 104.89563826199188 SMR 44
-73.42469226 118.8870412 48.175300207322664 FRA 45
46.04488806 -52.6315723 29.067743264776951 MOZ 46
44.56771987 -4.868722527 46.893433578497977 ETH 47
45.33580667 2.19337352 24.629637950947618 ERI 48
-80.90370707 110.913179 57.831904890439311 AND 49
41.607812 78.61199131 35.064039358876016 BIH 50
8.329537517 -30.29750607 24.017279955913629 AGO 51
74.23998005 76.88303076 18.906928607479859 FIN 52
23.15186928 -1.169400417 22.503746242314453 SDN 53
96.28844609 11.83066087 20.154853615995446 BTN 54
125.0973455 10.54399956 40.510754400530573 MMR 55
102.4165735 70.63213267 6.5825476266236391 MNG 56
259.3439607 -4.22524105 102.04275861503933 KOR 57
10.24038348 -15.38451929 13.470118615391556 CAF 58
34.75618043 6.289953349 91.210455460432556 ISR 59
191.2969051 20.61381136 648.08014592423012 MAC 60
126.1812547 -7.808997969 78.681409583590963 VNM 61
-59.75755145 3.890146253 40.777275396089074 MAR 62
54.79508304 48.6156318 101.33703262802861 LBN 63
58.77111215 7.355411563 18.398779947825453 SAU 64
82.16451857 41.70981282 32.83035317754161 IRN 65
51.07478269 -1.020772132 31.006175096818232 DJI 66
56.43039624 104.4395794 29.207157701368857 LTU 67
95.1636446 87.31000105 13.165095253247278 RUS 68
27.69343798 -50.4112665 29.067743264776951 ZWE 69
-53.31744121 -8.180338663 9.5956296390926372 MRT 70
21.30955254 -48.29528899 9.5956296390926372 BWA 71
77.04561466 12.01604265 68.110285414926707 QAT 72
-62.63891722 -9.778813932 73.337084517291729 GMB 73
91.35016561 0.9900963769 97.106522566737226 IND 74
4.612994216 -20.67452327 34.479922327821242 CMR 75
22.44832701 26.54877287 151.99664071400809 VAT 76
-40.29186353 -26.10235152 33.240236131044512 LBR 77
-26.05928484 -18.17327388 54.256127217409372 GHA 78
61.21765219 74.37928799 41.206695566371444 ROU 79
78.22033 73.15353663 35.294979545710106 UKR 80
33.94158879 -37.39534269 100.58598021322578 BDI 81
50.0575393 -12.68376315 43.601614897165426 KEN 82
-38.03815847 -13.69926567 33.645126041271965 GIN 83
49.82171847 -44.28009516 66.010350802989848 MWI 84
23.58444558 96.42960701 45.45653079791888 SVN 85
34.25818048 -50.85572189 38.803545980653695 LSO 86
-34.94221964 -21.14576389 42.21307268115654 CIV 87
57.06303714 1.351501902 23.847544401784575 SOM 88
25.52334778 -4.478757313 18.545386089957795 SSD 89
134.0539056 -29.48269024 42.373153167156971 TLS 90
9.998275868 109.0650953 69.682570601166972 LIE 91
-61.49855038 127.1017618 87.03225814287967 BEL 92
5.086387351 -27.69359239 18.763147596052324 COG 93
50.64837572 -34.51715089 38.663712927737727 TZA 94
29.99941949 106.8096901 51.647836509575221 CZE 95
115.2044695 -28.31657557 45.277449875306132 MYS 96
42.25325221 95.82585057 48.147185060365835 SVK 97
39.13111642 -14.78743445 68.959844655642485 UGA 98
168.5598693 86.41475474 65.288453681601325 PRK 99
-18.47384849 125.0531571 70.647481816509369 LUX 100
-16.96332256 -13.99412112 48.8452090787911 BEN 101
42.37007905 43.0643957 39.666335870438125 GRC 102
-2.884674582 113.7907667 66.092351270385095 CHE 103
-51.64635902 -13.38102539 42.564455056991314 SEN 104
50.54857398 7.872127587 50.050092571412179 JOR 105
-4.80931946 134.7018329 101.33703262802861 NLD 106
68.51435842 5.201807388 17.180953707863122 OMN 107
23.02006637 64.68575628 62.512545585624721 ITA 108
128.0340027 4.317287744 25.494097333530512 LAO 109
72.29565233 55.69969726 43.756615794453971 ARM 110
-40.65063503 62.42443898 596.78109745800441 MCO 111
65.24889923 11.01516934 51.279482490759783 ARE 112
49.94210193 25.83439613 132.31780362658318 PSE 113
69.96594499 77.70619796 22.623767073491052 SWE 114
68.98726871 71.11723128 45.277449875306132 MDA 115
-100.9725697 76.07727042 43.196009663736234 ESP 116
-5.345304852 -18.91113064 69.448997081628505 NGA 117
40.96565321 52.67276648 45.037567658372453 ALB 118
39.47855655 -56.43216344 37.163713788580061 SWZ 119
70.78253544 63.82380489 32.457033171643772 GEO 120
-7.370674925 3.552195025 8.707892006642302 LBY 121
145.9040128 -32.22053315 21.138588806030199 PNG 122
48.67791147 103.2674267 51.279482490759783 POL 123
20.35088028 104.7615954 46.165908331444115 AUT 124
210.9101181 -76.29013639 374.18613426687835 HKG 125
67.03750364 107.7021502 24.629637950947618 EST 126
66.27751296 79.09219198 17.180953707863122 NOR 127
39.1768095 65.35538508 30.254666417748435 MNE 128
75.44214604 38.16412751 45.367078699168012 IRQ 129
-53.90209887 -20.92175345 38.733692555908085 GNB 130
-35.88778173 -3.23503963 19.331856463868863 MLI 131
86.77379017 74.74493243 11.980417518310691 KAZ 132
