-19.669481923 0.056093521 0.4434711565216687 ECU 0
-18.281203701 0.26666053 0.1036375450343201 SUR 1
-18.443702819 -0.059273566 0.2638742686008435 BRA 2
-18.523658002 -0.823428297 0.2116950987028621 ARG 3
-20.450382860 2.340702226 0.3962789888917120 NIC 4
-22.193678896 4.566130969 0.2202691955733229 BLZ 5
-18.640616931 -0.454456182 0.1753303759784389 BOL 6
-20.984242944 3.06607004 0.5040576098761671 HND 7
-18.252070168 -0.493233578 0.2151657414559670 PRY 8
-22.556422226 5.533698793 0.1071516751221439 CAN 9
-18.094163819 -0.906599137 0.2293307493394484 URY 10
-22.034220191 2.140631009 0.9079892314584153 SLV 11
-22.818169386 4.414719046 0.4211975871338862 MEX 12
-20.217318156 1.450586997 0.5235208439728769 CRI 13
-19.452177441 0.932532753 0.4018475848894479 PAN 14
-21.972630572 3.707513128 0.6730252320403464 GTM 15
-18.386770662 0.706599664 0.2962731472438527 VEN 16
-18.996137876 -0.768346905 0.2659713156352404 CHL 17
-19.021361997 -0.235569278 0.2680519573736632 PER 18
-22.593948685 5.11486047 0.3156416158075964 USA 19
-18.940056303 0.375929115 0.3548604316149176 COL 20
-18.078499270 0.265482396 0.1000000000000000 GUF 21
-18.482650653 0.317916676 0.1054092553389460 GUY 22