-9.763897754 111.2008227 10.6517596039178 HRV 0
77.04393768 97.82330122 11.2409132626055 UZB 1
59.21346252 76.27096236 9.87427246813477 BGR 2
-49.06145876 -2.937356722 1.87024141052192 ESH 3
-25.21707899 -50.08152068 9.84100699750328 GNQ 4
33.79399877 113.7250882 11.3762343745348 SRB 5
-67.89306977 -10.46543517 11.6045427718973 BFA 6
-30.50717155 -76.75464807 16.2372071527845 TGO 7
89.33944527 78.81402044 4.67560352630479 TKM 8
102.7800808 124.0668539 6.82381869292867 LVA 9
-17.28563304 171.7628887 19.4361188726595 DEU 10
168.1409183 -27.31316158 14.9180331026672 THA 11
81.08936273 58.69537415 14.1277521177404 AZE 12
124.100405 67.85294379 15.4790019366148 CHN 13
-13.14608338 -53.09091291 3.88384798251473 GAB 14
140.4921296 33.84313789 22.2324824762943 PAK 15
46.47251277 -64.8262651 30.0841571109616 RWA 16
39.45564532 33.83478349 14.158666273125 SYR 17
1.503798481 -91.15998527 6.62881206203189 ZMB 18
14.9378531 186.1507046 15.3014438491904 DNK 19
124.5074242 101.9730662 18.4789883758751 NPL 20
-32.25149304 19.09407904 11.270047427916 TUN 21
140.7688773 -99.65051094 45.8781311227088 BGD 22
108.5564805 84.71059253 7.45168582076514 KGZ 23
-11.38524574 11.02986889 13.3970524008806 EGY 24
-38.88519977 2.115806981 5.51245525931226 DZA 25
-26.28276354 1.949747295 5.83982693261558 NER 26
105.0404594 51.66949348 10.1256776806325 AFG 27
65.93350546 -24.65477754 10.168765865407 YEM 28
-122.4489988 67.0277712 13.3152125855512 PRT 29
-0.5745470986 -53.30225068 8.45495993225773 COD 30
108.285472 11.38691261 19.5762109182535 KWT 31
-237.5839954 -54.63151404 87.2648509531839 GIB 32
180.354777 -3.937670461 12.3350892827311 KHM 33
186.5089985 -47.62481178 15.3014438491904 IDN 34
100.4311709 70.28771 10.7640476669572 TJK 35
-96.45093348 -59.8808434 13.893703588308 SLE 36
57.74233765 50.52341369 13.1749182381311 TUR 37
89.40886744 119.5618488 8.60869906875057 BLR 38
11.56399343 115.8182902 13.2741034643272 HUN 39
42.73774179 86.35853365 11.443294863273 MKD 40
209.4948651 -8.063267198 11.6609214492211 BRN 41
-3.702170344 -118.8882072 8.8836466999791 ZAF 42
-12.24162629 -12.88241649 4.79106791351923 TCD 43
-95.44410781 154.0286736 29.8030758892253 SMR 44
-79.1197633 117.54221 13.6876246892078 FRA 45
8.851435194 -102.5147034 8.25876245001663 MOZ 46
13.16629137 1.002415175 13.3234191888484 ETH 47
24.59284723 15.43735646 6.99780258872985 ERI 48
-96.29284768 39.80117648 16.4312709167503 AND 49
10.53829271 136.8547562 9.96243736450974 BIH 50
-13.73476087 -63.95782738 6.82381869292867 AGO 51
102.008093 94.30856339 5.3718594734464 FIN 52
-5.033197648 -5.739807424 6.39379165963456 SDN 53
117.6114704 44.7139327 5.72642143950222 BTN 54
149.3737211 4.593233237 11.5099646442235 MMR 55
104.6156909 100.81867 1.87024141052192 MNG 56
238.428734 22.84388923 28.9925122658972 KOR 57
-6.295702749 -19.58135047 3.82714642842155 CAF 58
-58.16642636 44.44916061 25.9148251635459 ISR 59
460.6088132 28.41021814 184.133316611684 MAC 60
188.9834717 27.50830111 22.3550574622954 VNM 61
-53.07685993 10.853376 11.5856889125373 MAR 62
-49.27678276 93.23561933 28.7920005430423 LBN 63
58.63267497 -2.857695694 5.22748366032762 SAU 64
95.11984667 37.10246778 9.32779973917061 IRN 65
31.24506304 -9.312119078 8.80951205175054 DJI 66
91.0521404 136.3787637 8.29837304872832 LTU 67
100.1494974 104.9029735 3.74048282104383 RUS 68
-6.082103723 -103.5450136 8.25876245001663 ZWE 69
-53.18637448 -2.116954549 2.72632192412523 MRT 70
-6.617830393 -93.6096831 2.72632192412523 BWA 71
88.1572167 -40.70813165 19.3515768500107 QAT 72
-130.4813584 -44.34433676 20.8366213464887 GMB 73
128.2183421 -26.4588241 27.5900228965372 IND 74
-9.690117531 -31.46067554 9.79647732562582 CMR 75
-147.0096483 21.24467573 43.1854697980164 VAT 76
-76.86004575 -74.38950686 9.44425618074768 LBR 77
-48.45425792 -54.38509226 15.415316630013 GHA 78
53.01827833 104.6372041 11.7076962918272 ROU 79
70.8805075 117.3978051 10.0280523703205 UKR 80
-37.59406669 -116.7239557 28.578610620582 BDI 81
45.54066884 -26.33862158 12.3881436750249 KEN 82
-85.21936372 -39.81516923 9.55929399281715 GIN 83
37.44760361 -108.1425689 18.7549408826919 MWI 84
-25.79099416 125.3571749 12.9151646291299 SVN 85
1.684092348 -136.0981331 11.0249105186245 LSO 86
-73.27274751 -55.30633063 11.993629377531 CIV 87
49.42778153 -9.41165362 6.77559322154946 SOM 88
0.4163596495 -14.79345339 5.26913757513467 SSD 89
211.7779198 -59.68228072 12.0391116392504 TLS 90
-52.74067023 169.2845837 19.7982964229255 LIE 91
-130.2339152 118.9528932 24.7277106772012 BEL 92
-10.05321249 -45.17184859 5.33100823819959 COG 93
9.223953704 -77.19206313 10.9851809821354 TZA 94
12.56245568 159.0782841 14.6742459125387 CZE 95
193.0033715 -22.94729377 12.8642839403294 MYS 96
31.65390991 140.6160337 13.6796365795755 SVK 97
16.92182702 -30.84717083 19.5929546512516 UGA 98
158.9015564 81.21515197 18.5498345975362 PRK 99
-110.7071117 196.5493711 20.0724481670179 LUX 100
-64.94460973 -33.39658853 13.8779600097802 BEN 101
41.64838341 65.75123771 11.270047427916 GRC 102
-75.47127845 195.8588497 18.7782389548828 CHE 103
-88.24449023 -17.3238824 12.0934645640712 SEN 104
42.49968743 8.306644919 14.2202929681685 JOR 105
-20.02725875 215.3633539 28.7920005430423 NLD 106
63.47483695 -10.62856169 4.8814733928765 OMN 107
-53.13089385 135.2426379 17.7611402245702 ITA 108
165.7696376 9.120094925 7.24341383633885 LAO 109
75.3268271 35.32247134 12.4321827178424 ARM 110
-3.193109838 -299.6036781 169.558168780795 MCO 111
82.06309856 -5.103884833 14.5695887222231 ARE 112
-1.772352296 56.20949638 37.5942947516013 PSE 113
91.6580921 91.29413183 6.42789212366825 SWE 114
51.39971509 126.8604768 12.8642839403294 MDA 115
-96.96762181 65.8556437 12.2729026244603 ESP 116
-35.65982629 -25.06812104 19.7319332314348 NGA 117
22.49702709 94.86881526 12.7961283140879 ALB 118
14.30296224 -121.1630873 10.5589994085372 SWZ 119
76.24735118 79.30105091 9.22173160658582 GEO 120
-19.93386935 -3.184158699 2.47409683194783 LBY 121
196.0970919 -64.37575793 6.00592147410119 PNG 122
71.10424072 141.9981468 14.5695887222231 POL 123
-10.25362175 143.1032787 13.1167138338067 AUT 124
268.5372451 -151.4248435 106.314218026856 HKG 125
104.9069119 136.4081022 6.99780258872985 EST 126
93.15186463 101.4331492 4.8814733928765 NOR 127
3.133333046 97.89117716 8.59599249493361 MNE 128
66.37330262 14.20294659 12.889749390406 IRQ 129
-103.2039062 -34.96779866 11.005063678915 GNB 130
-52.41009267 -9.529709163 5.49259049106771 MLI 131
97.18564275 84.30915182 3.40389074702064 KAZ 132
