-19.65497316 0.06314714345 0.443471156521669 ECU 0
-18.28155549 0.2664317321 0.10363754503432 SUR 1
-18.43159121 -0.06166262145 0.263874268600844 BRA 2
-18.52480122 -0.8255520685 0.211695098702862 ARG 3
-20.4560621 2.335770594 0.396278988891712 NIC 4
-22.19525636 4.558081074 0.220269195573323 BLZ 5
-18.64263514 -0.4531428773 0.175330375978439 BOL 6
-20.98991019 3.061981228 0.504057609876167 HND 7
-18.26103183 -0.4998992406 0.215165741455967 PRY 8
-22.55764684 5.532437041 0.107151675122144 CAN 9
-18.09253038 -0.9023982057 0.229330749339448 URY 10
-22.03987622 2.147709587 0.907989231458415 SLV 11
-22.82197216 4.421999212 0.421197587133886 MEX 12
-20.2079055 1.449750943 0.523520843972877 CRI 13
-19.45392679 0.9176113652 0.401847584889448 PAN 14
-22.00226907 3.699348768 0.673025232040346 GTM 15
-18.39264113 0.7101405569 0.296273147243853 VEN 16
-18.98884536 -0.7580429316 0.26597131563524 CHL 17
-19.02262087 -0.2348719944 0.268051957373663 PER 18
-22.59189494 5.116917298 0.315641615807596 USA 19
-18.93391003 0.3701529782 0.354860431614918 COL 20
-18.08164656 0.2654571988 0.1 GUF 21
-18.4805483 0.3181553196 0.105409255338946 GUY 22
