-7.14397018 -0.1477769286 0.763132672576379 ECU 0
-2.341217828 2.410710367 0.14124534950298 SUR 1
-2.243562462 -0.3505265626 2.63225306893267 BRA 2
-4.191695562 -4.670045395 1.21056022281752 ARG 3
-8.877593507 2.982898714 0.474961812203264 NIC 4
-10.60373777 4.973759878 0.11467742631458 BLZ 5
-4.666066747 -2.51641385 0.629775289625503 BOL 6
-9.776010906 3.540606706 0.58236949512807 HND 7
-3.715366975 -3.066453889 0.46868787592753 PRY 8
-10.27652986 15.95222809 1.11426004866596 CAN 9
-2.754891546 -4.111413805 0.331036865472448 URY 10
-10.65594365 3.001058697 0.451421194149502 SLV 11
-12.48324203 6.51567071 2.02793100127617 MEX 12
-8.581108814 2.149723427 0.408491948074612 CRI 13
-7.817878586 1.958978386 0.378221376469621 PAN 14
-10.96160259 4.176826317 0.761065413645523 GTM 15
-3.663308819 2.946875913 0.960867836042827 VEN 16
-5.752903134 -3.426929534 0.792742787854207 CHL 17
-6.082103757 -1.615193744 1.04871397197943 PER 18
-10.79362073 11.56743694 3.2992385673634 USA 19
-5.769332455 1.36847476 1.29132197294515 COL 20
-2.099933562 2.407844973 0.1 GUF 21
-2.629088138 2.504180349 0.161409627945072 GUY 22
