33.86789921 91.93735153 37.490194851673259 HRV 0
88.42147717 55.0127655 39.56379454628641 UZB 1
58.25904568 64.65124398 34.753732023085263 BGR 2
-61.59723761 -0.6609517081 6.5825476266236391 ESH 3
-4.41756911 -29.52127789 34.636650055205656 GNQ 4
50.4622555 73.98158812 40.04007405712975 SRB 5
-26.37064396 -8.14173046 40.843633902795517 BFA 6
-17.38723807 -24.35471238 57.148873297983101 TGO 7
83.69376698 51.71046492 16.456369066559098 TKM 8
63.43519174 105.1811038 24.017279955913629 LVA 9
9.644439505 123.7687606 68.407841595324427 DEU 10
114.2045465 -20.19789966 52.505875894626271 THA 11
79.22609776 62.07555201 49.724383520204178 AZE 12
121.342595 45.05663787 54.480275587488016 CHN 13
-0.1119634857 -31.35689236 13.669686798526666 GAB 14
92.03018271 35.76705041 78.249991650779748 PAK 15
23.00132093 -20.98063977 105.8849386371303 RWA 16
70.59719712 45.6499196 49.833189741160915 SYR 17
25.30942515 -46.48830892 23.330929825837512 ZMB 18
18.36575478 131.7986089 53.8553377797869 DNK 19
103.4379249 45.72689502 65.039101578911939 NPL 20
-8.275061618 9.191257377 39.666335870438125 TUN 21
113.0312473 25.79757097 161.47379768018232 BGD 22
98.20176709 54.20974674 26.227136527863653 KGZ 23
19.35534463 4.406152738 47.152594840983397 EGY 24
-35.82328658 2.629283559 19.401772990326847 DZA 25
-10.97516997 -12.47561073 20.553998376313377 NER 26
87.72582123 45.93228109 35.638583986867758 AFG 27
62.62712735 2.531819774 35.790238220822438 YEM 28
-108.5768158 72.2938583 46.864549415869277 PRT 29
9.510205412 -24.29885351 29.758284744507812 COD 30
78.23173056 24.67625816 68.900913001532132 KWT 31
-115.1885009 15.57726048 307.139513807068 GIB 32
123.4217501 -21.41070438 43.414883354322512 KHM 33
125.0792975 -31.50700256 53.8553377797869 IDN 34
94.1425668 49.33817632 37.885406677643793 TJK 35
-44.42530104 -19.10808399 48.900620564650424 SLE 36
64.99241222 59.24667055 46.370765983183162 TUR 37
64.37935365 95.02009658 30.299388787198048 BLR 38
48.62800979 88.6148193 46.719860742619012 HUN 39
47.57975704 59.99826883 40.276101801195594 MKD 40
131.3148455 -19.25977224 41.04206568091908 BRN 41
22.25524524 -56.47397084 31.267101226462287 ZAF 42
5.49159595 -8.672347659 16.86276036114916 TCD 43
23.99374181 82.29415745 104.89563826199188 SMR 44
-74.79325641 118.7600898 48.175300207322664 FRA 45
45.28086474 -53.08290073 29.067743264776951 MOZ 46
44.50272994 -5.136411365 46.893433578497977 ETH 47
45.52118916 1.970956188 24.629637950947618 ERI 48
-81.74891858 111.2009137 57.831904890439311 AND 49
41.88278938 78.63087933 35.064039358876016 BIH 50
8.121878142 -30.35383279 24.017279955913629 AGO 51
74.76470092 76.37286529 18.906928607479859 FIN 52
23.11277156 -1.199364961 22.503746242314453 SDN 53
96.41406102 11.17950288 20.154853615995446 BTN 54
125.57574 10.77507352 40.510754400530573 MMR 55
103.1210448 70.09290596 6.5825476266236391 MNG 56
260.7062774 -6.379012554 102.04275861503933 KOR 57
10.19082249 -15.62221228 13.470118615391556 CAF 58
35.14750236 6.360355465 91.210455460432556 ISR 59
192.3400398 18.27595244 648.08014592423012 MAC 60
126.5845257 -8.633617327 78.681409583590963 VNM 61
-60.73579631 3.871365698 40.777275396089074 MAR 62
56.06630154 47.56041329 101.33703262802861 LBN 63
58.82010092 6.952800207 18.398779947825453 SAU 64
82.70923988 41.59415387 32.83035317754161 IRN 65
51.06659545 -1.370486007 31.006175096818232 DJI 66
57.55959296 104.258279 29.207157701368857 LTU 67
96.00800588 87.26068655 13.165095253247278 RUS 68
27.89537808 -50.86075192 29.067743264776951 ZWE 69
-53.43296556 -7.851093923 9.5956296390926372 MRT 70
20.88320096 -48.6295438 9.5956296390926372 BWA 71
77.10086756 11.44714564 68.110285414926707 QAT 72
-62.70440971 -9.34966072 73.337084517291729 GMB 73
91.429991 0.6317653654 97.106522566737226 IND 74
4.140424552 -21.14861885 34.479922327821242 CMR 75
22.30153288 26.11432547 151.99664071400809 VAT 76
-40.63695374 -26.11010791 33.240236131044512 LBR 77
-26.67070797 -18.00179254 54.256127217409372 GHA 78
62.01470298 74.0578016 41.206695566371444 ROU 79
79.21817207 73.2771917 35.294979545710106 UKR 80
34.45391384 -37.3837288 100.58598021322578 BDI 81
49.96951284 -13.02623795 43.601614897165426 KEN 82
-38.65526113 -13.56919966 33.645126041271965 GIN 83
49.03543424 -44.66431 66.010350802989848 MWI 84
25.78200993 96.75604328 45.45653079791888 SVN 85
34.45875063 -51.29154784 38.803545980653695 LSO 86
-35.58012434 -20.82602176 42.21307268115654 CIV 87
57.06451272 0.9622031044 23.847544401784575 SOM 88
25.58793372 -4.600632008 18.545386089957795 SSD 89
134.657705 -31.11555351 42.373153167156971 TLS 90
10.85289284 108.9040005 69.682570601166972 LIE 91
-60.74481176 127.5737195 87.03225814287967 BEL 92
4.896634475 -27.72777248 18.763147596052324 COG 93
50.91321229 -34.62449587 38.663712927737727 TZA 94
30.68531149 106.4342165 51.647836509575221 CZE 95
115.6743066 -29.5542099 45.277449875306132 MYS 96
42.62466898 95.64189094 48.147185060365835 SVK 97
38.91778548 -15.11834855 68.959844655642485 UGA 98
169.190965 85.61177575 65.288453681601325 PRK 99
-17.62677745 125.2540976 70.647481816509369 LUX 100
-17.53313404 -13.961605 48.8452090787911 BEN 101
42.97741742 43.65260949 39.666335870438125 GRC 102
-1.030547887 114.8509892 66.092351270385095 CHE 103
-51.79107452 -13.00604234 42.564455056991314 SEN 104
50.6757326 8.110828371 50.050092571412179 JOR 105
-3.976752933 134.8174753 101.33703262802861 NLD 106
68.54837182 4.732529028 17.180953707863122 OMN 107
22.58060021 66.1381174 62.512545585624721 ITA 108
128.6861426 3.88687941 25.494097333530512 LAO 109
72.96598677 55.39667837 43.756615794453971 ARM 110
-41.1294675 62.55139238 596.78109745800441 MCO 111
65.32279655 10.56811512 51.279482490759783 ARE 112
49.84543271 25.78551083 132.31780362658318 PSE 113
70.58194703 77.42859983 22.623767073491052 SWE 114
69.83383163 70.88829536 45.277449875306132 MDA 115
-101.4068941 77.31527628 43.196009663736234 ESP 116
-5.863987358 -19.54039941 69.448997081628505 NGA 117
41.64922334 52.1016215 45.037567658372453 ALB 118
39.4330968 -56.7180345 37.163713788580061 SWZ 119
71.37939698 63.45091873 32.457033171643772 GEO 120
-7.729515405 3.565699957 8.707892006642302 LBY 121
145.67996 -33.21886471 21.138588806030199 PNG 122
49.81772139 103.0453294 51.279482490759783 POL 123
21.10541472 104.3009422 46.165908331444115 AUT 124
211.6636511 -79.52095394 374.18613426687835 HKG 125
67.64241054 107.3644982 24.629637950947618 EST 126
66.91566836 78.63164744 17.180953707863122 NOR 127
39.72486541 64.42326588 30.254666417748435 MNE 128
76.00381278 38.06344927 45.367078699168012 IRQ 129
-54.07838703 -20.56366942 38.733692555908085 GNB 130
-35.94100991 -3.0770365 19.331856463868863 MLI 131
87.31398844 74.05454615 11.980417518310691 KAZ 132
