36.60250284 109.3231511 7.26478614836657 HRV 0
183.7827188 110.4706675 21.5161282192423 UZB 1
71.85114622 107.2242462 9.38340263183605 BGR 2
-151.1626019 17.86065735 2.78091003046154 ESH 3
-61.58198867 -123.7488058 4.75110258973248 GNQ 4
53.19433473 108.3898425 9.70142854380077 SRB 5
-150.9674868 -66.76760302 17.4960778129505 BFA 6
-156.2798143 -114.9677682 10.9175773812731 TGO 7
154.9548529 101.6519949 9.26197213012298 TKM 8
147.3996922 186.120508 4.90853881955436 LVA 9
-2.046176431 153.680008 33.1148989002288 DEU 10
442.9728208 -131.5660169 30.7455589457912 THA 11
150.9920714 121.8065335 11.7084672526706 AZE 12
388.8735318 74.4656105 137.001467562511 CHN 13
-53.04661514 -138.7308629 5.66388031797865 GAB 14
218.2550294 -7.541404328 56.2678225739818 PAK 15
36.6323739 -158.8003883 13.6221193857483 RWA 16
76.73891704 22.10778268 17.4869155719201 SYR 17
6.137656156 -194.9982514 16.4562302340599 ZMB 18
-20.81790096 190.2156687 8.82149645560949 DNK 19
195.877157 -123.3519763 20.1683826896769 NPL 20
-65.42358419 1.794577856 12.8069873465642 TUN 21
331.9554642 -160.4942899 47.717915852838 BGD 22
208.4283099 128.0938577 9.41677497477506 KGZ 23
-15.0325721 5.799351139 38.522091351121 EGY 24
-109.4108156 -3.960172393 24.5034833824226 DZA 25
-108.3174828 -51.34009324 18.9243990042205 NER 26
214.683749 73.83033111 23.5817709573576 AFG 27
160.2430053 -56.59712313 21.2964669267229 YEM 28
-131.1023772 72.56440212 11.6151945049113 PRT 29
-4.400192291 -131.5049037 36.692295729143 COD 30
115.4871052 -11.34553289 7.53300355320557 KWT 31
-81.76125892 46.15805705 0.655466780136348 GIB 32
485.3873089 -148.5313183 14.9359881387502 KHM 33
392.7383687 -247.2692611 60.4468481004054 IDN 34
216.0994056 108.240717 11.5560372847035 TJK 35
-213.4218968 -45.69676919 10.7580641096212 SLE 36
94.54633664 71.74926967 33.6124156938241 TUR 37
140.3914267 172.003666 11.1823404773063 BLR 38
61.27335708 128.6091809 11.5634116280348 HUN 39
62.10995189 96.43218176 5.23983120054918 MKD 40
330.2046794 -71.67192799 2.44138418869706 BRN 41
-13.01828957 -257.9600988 28.202366304227 ZAF 42
-60.99186127 -59.86594789 15.5127137965602 TCD 43
-29.6052837 78.43396188 0.665789726697101 SMR 44
-50.16916036 99.23772161 29.1983291432937 FRA 45
52.25172155 -251.7702637 21.1250982912299 MOZ 46
106.2429276 -84.61480672 40.8138417901053 ETH 47
34.57126036 -28.06776734 7.02521625595351 ERI 48
-57.83448114 64.19202024 1.02812580663283 AND 49
40.98961093 96.12185774 6.50191412896388 BIH 50
-32.90385914 -181.4024137 21.9763370027021 AGO 51
160.8307318 205.9105116 8.54464513341348 FIN 52
-21.22747163 -56.50012409 25.16690586443 SDN 53
253.6503751 -100.015899 3.21960212416811 BTN 54
448.473752 -74.53393806 26.8055347304248 MMR 55
261.0389613 153.8716562 6.73681220547259 MNG 56
308.5227275 212.5546247 26.1103735538121 KOR 57
-32.16599674 -92.81617573 8.69496520495935 CAF 58
32.72588236 17.68845241 10.9901078112347 ISR 59
290.0631757 -104.2814298 3.04431887008312 MAC 60
508.8589619 -87.26214211 36.0763905689867 VNM 61
-130.9637915 39.31980281 22.3198114448932 MAR 62
41.84867637 34.77670744 8.39569516466893 LBN 63
87.53530513 -18.99916882 22.0548620613619 SAU 64
159.9181004 59.30757046 34.2634746076466 IRN 65
45.11028248 -26.04093118 3.86810917160554 DJI 66
134.9440774 187.9410086 5.98242585090247 LTU 67
207.6835659 185.5577611 43.6079564890682 RUS 68
13.02484766 -224.8410642 14.8124258994437 ZWE 69
-162.4232704 3.013705607 8.00141786870558 MRT 70
-5.499913613 -215.2871893 5.93492963383333 BWA 71
110.9170426 -33.66812194 5.98014552840648 QAT 72
-218.3638775 -30.00021494 6.04254084455702 GMB 73
203.060581 -287.662697 137.143434927032 IND 74
-59.39963382 -97.00155388 19.4204229144873 CMR 75
-23.70423922 42.60426398 0.0825810520430966 VAT 76
-211.4613561 -64.40424143 8.44590619397686 LBR 77
-185.7120596 -103.8737424 21.1950347322684 GHA 78
92.19712444 121.8239838 16.1831473113787 ROU 79
120.3847672 146.3959553 21.9944830533625 UKR 80
33.36510856 -184.8700028 13.2018668343084 BDI 81
40.20600342 -78.10272365 26.9335793947252 KEN 82
-199.2573876 -26.33136496 13.6683491372784 GIN 83
48.68754956 -214.9905544 16.6004347833366 MWI 84
44.19581689 119.985052 5.28260604253058 SVN 85
27.81997216 -208.9937664 5.53908982363477 LSO 86
-185.4865856 -55.75252713 19.4966501044575 CIV 87
57.68789463 -40.43012997 15.4552374897034 SOM 88
2.484725254 -84.22934866 12.0825420653582 SSD 89
394.1019668 -182.087245 4.23263138263217 TLS 90
35.78513305 123.4906994 0.719924921014262 LIE 91
-52.68470184 139.9084258 12.4036630207228 BEL 92
-48.2079418 -122.4591104 8.96641622475248 COG 93
74.9406534 -177.8956555 29.7966580416393 TZA 94
55.37729736 150.6746325 11.7546810506177 CZE 95
339.7211597 -93.37171383 21.2528719037786 MYS 96
74.30923647 144.013455 8.73487390815811 SVK 97
56.84304538 -126.4861907 25.2903039349472 UGA 98
269.2054163 177.3953267 18.5585182982406 PRK 99
-34.17409168 127.3072175 2.935985782982 LUX 100
-141.7656258 -95.75991292 13.4363711296691 BEN 101
47.65339779 71.97095643 11.668208793352 GRC 102
20.85908517 117.316577 10.7615500425562 CHE 103
-197.7263938 2.170537293 15.2924411827618 SEN 104
54.23579764 1.351465769 12.2169728495293 JOR 105
-69.46109326 161.1487477 15.2298805275812 NLD 106
134.2167837 -42.41247824 7.81951430611768 OMN 107
8.331082397 78.95309611 27.8397371986751 ITA 108
482.8811489 -124.1982829 10.0250131978466 LAO 109
138.3571609 109.3330215 6.04761742585862 ARM 110
-19.62242207 78.93964853 0.690922651935891 MCO 111
127.8192618 -24.92316893 11.1933125229325 ARE 112
51.37086815 21.35062797 8.40908705468145 PSE 113
147.9130484 221.8433294 11.8200576570984 SWE 114
120.0621386 115.9225092 6.7256677607774 MDA 115
-95.39466598 69.09410183 25.0122452345033 ESP 116
-113.8760872 -162.7187575 54.2812611062592 NGA 117
55.43575405 87.54488249 6.10653237901724 ALB 118
33.45001368 -235.2551628 3.9921768091913 SWZ 119
132.6811589 120.7896143 7.00577463501729 GEO 120
-64.35865629 -22.80935364 9.52299542275068 LBY 121
423.9012191 -179.5166139 11.661777933995 PNG 122
95.37587629 182.9808885 23.2405147969767 POL 123
38.92660692 134.8956367 10.8602717994275 AUT 124
381.8192979 -80.00378484 9.93138011326245 HKG 125
154.7149875 191.1819241 4.17340813003173 EST 126
145.2121983 199.8975422 8.48939641519723 NOR 127
50.26483071 96.4264516 2.87139911180289 MNE 128
117.990418 19.90706131 24.4761935431549 IRQ 129
-216.3243092 -18.90968547 5.32119388953018 GNB 130
-148.1802091 -20.91073742 17.5120515220135 MLI 131
166.2456597 144.3331134 16.066419048916 KAZ 132
