-95.73808936 0.2631137496 2.16035532952908 ECU 0
-88.31873295 1.931213306 0.504866933196508 SUR 1
-88.84455628 -0.09256999642 1.28545492556643 BRA 2
-90.2351681 -3.969785897 1.0312657948377 ARG 3
-99.6421725 12.59817429 1.93046021830909 NIC 4
-109.3561753 24.09182741 1.0730342291487 BLZ 5
-90.8168787 -2.210576689 0.854116229664759 BOL 6
-102.6191824 15.70120789 2.45550026844296 HND 7
-88.96057383 -2.375802804 1.04817291823975 PRY 8
-108.8420251 28.32121095 0.521985903736631 CAN 9
-88.11573254 -4.321609551 1.11717729388826 URY 10
-107.2220438 10.74987904 4.42324003825118 SLV 11
-112.6197232 24.38038968 2.05185035997943 MEX 12
-99.59895707 8.205834004 2.55031478093684 CRI 13
-95.75441345 5.571595379 1.95758745277471 PAN 14
-109.2929462 19.8284301 3.27862054964304 GTM 15
-89.65179219 3.511461765 1.44328501015677 VEN 16
-92.5474959 -3.71529009 1.29567062205629 CHL 17
-92.62994669 -1.11945798 1.30580640067986 PER 18
-109.88753 26.59512998 1.53763787543597 USA 19
-92.26586887 1.831326467 1.72869106232576 COL 20
-87.65838451 1.217596553 0.487146750754583 GUF 21
-89.28027486 1.63079175 0.513497762378277 GUY 22
