14.9461202 44.68231339 44.533807217745306 HRV 0
63.57089277 40.45257982 46.996992309527926 UZB 1
25.71450527 42.69054214 41.283221069846888 BGR 2
-12.10852184 24.89024765 7.8192686958681321 ESH 3
11.71168662 0.5603388724 41.144141883759261 GNQ 4
20.51060977 44.18912203 47.562754637560218 SRB 5
-0.4542122587 14.22160668 48.517286333017566 BFA 6
2.149768497 6.124759328 67.885934341846365 TGO 7
60.40263981 39.69642793 19.54817173967033 TKM 8
24.10470711 59.14855823 28.529617402176342 LVA 9
10.5213602 50.8019283 81.260223955657779 DEU 10
99.28901393 13.58851484 62.370616214222537 THA 11
45.47189009 39.52185681 59.066540424000038 AZE 12
104.3985024 35.50313265 64.715963728167878 CHN 13
11.29379896 -4.403056169 16.237930984916545 GAB 14
70.38425331 32.59079197 92.95150523365362 PAK 15
29.54961008 -3.719921476 125.77847256289328 RWA 16
37.33387499 38.65801925 59.195789025863917 SYR 17
29.86118384 -14.70148283 27.714316641600973 ZMB 18
9.019012417 55.58167694 63.973613362656039 DNK 19
83.26128545 25.65821883 77.258569148282902 NPL 20
9.077895068 34.0176418 47.118798973368882 TUN 21
90.36500925 21.21212501 191.81129906251886 BGD 22
76.1815495 39.6541384 31.15465914825036 KGZ 23
30.31466392 27.0795391 56.011567205046987 EGY 24
3.882319748 28.70963654 23.046954582448855 DZA 25
8.264530206 15.93803577 24.415658677317786 NER 26
64.07475202 33.50802363 42.334317948036556 AFG 27
49.30088493 13.79175146 42.514464795643661 YEM 28
-6.725407975 40.1994187 55.669404154608429 PRT 29
24.64374534 1.43811417 35.349235211658097 COD 30
48.59327798 29.22409926 81.845933020002008 KWT 31
-4.458262292 33.4841763 364.84451337081953 GIB 32
106.8347086 11.97755708 51.571619014831185 KHM 33
120.8945245 -3.671774627 63.973613362656039 IDN 34
71.27584278 38.31879376 45.003270962534728 TJK 35
-11.33581431 6.169379533 58.088009882856824 SLE 36
34.83764486 38.20170163 55.08284928911408 TUR 37
27.47143307 50.69817092 35.992001226004987 BLR 38
19.71093146 47.13568 55.497531548808638 HUN 39
21.47208784 40.35124181 47.843126988086951 MKD 40
114.7095117 4.09503252 48.752999233091558 BRN 41
23.88483975 -27.09136141 37.141526305373105 ZAF 42
18.92361364 12.36742779 20.030915338092207 TCD 43
13.35421678 45.43570396 124.60330363242798 SMR 44
1.317792102 45.01035113 57.226417215971679 FRA 45
32.80974303 -17.36977382 34.528955635735002 MOZ 46
39.93093232 8.994575726 55.703715038700238 ETH 47
40.11434007 16.14376832 29.257024475064838 ERI 48
2.114503742 40.76503172 68.697293081976909 AND 49
18.92274519 42.9877195 41.651828571755829 BIH 50
18.79027778 -13.19100299 28.529617402176342 AGO 51
26.72625439 62.48558687 22.459139436763884 FIN 52
32.79232282 15.69705271 26.731722809052243 SDN 53
90.10510196 26.85658211 23.941523083243005 BTN 54
98.11816105 20.42275072 48.121865833357347 MMR 55
105.7463635 47.30273408 7.8192686958681321 MNG 56
128.0883746 35.93027792 121.21442841543978 KOR 57
22.9198154 5.490092159 16.000868173434725 CAF 58
34.58087595 30.89032724 108.3469652742113 ISR 59
110.7181211 20.33795929 769.84065818877934 MAC 60
108.0893988 15.15792557 93.463977444750384 VNM 61
-5.002062133 31.02710274 48.438460470505902 MAR 62
32.46358631 33.51907037 120.37611148541555 LBN 63
45.71613393 23.16458232 21.855520422871578 SAU 64
53.58210528 32.64423178 38.998480138170763 IRN 65
42.72667724 10.65937269 36.831577690765926 DJI 66
25.39833567 55.58697734 34.694563087686532 LTU 67
91.37157684 59.42557692 15.638537391736264 RUS 68
29.63680903 -22.22599463 34.528955635735002 ZWE 69
-11.17361776 19.37683475 11.398444904619073 MRT 70
23.68682657 -20.5447739 11.398444904619073 BWA 71
52.15638801 25.82614649 80.906763280762021 QAT 72
-16.64899096 13.49104717 87.115567062965226 GMB 73
76.42091561 22.58641266 115.3507783217006 IND 74
13.92018048 8.676400635 40.957968340926769 CMR 75
14.43147692 42.49291441 180.55358533300256 VAT 76
-9.917615637 4.420396205 39.48537140414976 LBR 77
-1.596721083 8.013171779 64.44970263401359 GHA 78
25.40212421 43.28454535 48.948559581871748 ROU 79
32.50823648 45.90413484 41.926157520964892 UKR 80
27.6961838 -4.471707637 119.48395225328625 BDI 81
34.92006889 0.7477159359 51.7934334536032 KEN 82
-11.00005565 12.3616524 39.966331539934984 GIN 83
35.72843259 -13.39884558 78.412295499309153 MWI 84
14.59522177 47.14221978 53.996848705407075 SVN 85
30.70884987 -30.3662 46.09390916489771 LSO 86
-4.918419002 5.979849346 50.144013609131548 CIV 87
51.34475275 12.50141774 28.327992137877231 SOM 88
32.60989356 10.84574122 22.029670749283277 SSD 89
127.2363587 -8.698173542 50.334169822804569 TLS 90
8.683152596 46.92715297 82.774447501992341 LIE 91
3.133439886 51.53552821 103.3837733091176 BEL 92
15.95296195 0.4467086257 22.288345023189358 COG 93
33.61512548 -5.823385007 45.927804447494381 TZA 94
15.3713461 50.46121262 61.351369429556172 CZE 95
115.6705676 1.175799991 53.784122276120684 MYS 96
19.22512226 49.38445914 57.19301982928323 SVK 97
31.9179414 0.8380218284 81.915936681853537 UGA 98
126.5346255 40.95435305 77.554769221780816 PRK 99
10.32048372 48.68579231 83.920645066883992 LUX 100
3.236952751 9.376477652 58.022187754200388 BEN 101
22.15606754 39.05633207 47.118798973368882 GRC 102
7.348080035 49.23806801 78.509702115123986 CHE 103
-14.05855835 14.45925141 50.561413279819419 SEN 104
36.50628747 30.85946249 59.453443296950098 JOR 105
8.688454487 54.72489565 120.37611148541555 NLD 106
56.19478884 22.27465039 20.408890465097933 OMN 107
13.19320917 44.46671815 74.257326877469239 ITA 108
104.3944691 16.86363664 30.283897438618197 LAO 109
43.46082247 42.31704765 51.977555731593327 ARM 110
8.513196753 43.30577635 708.90360667738537 MCO 111
54.79069045 25.97712036 60.913809504175333 ARE 112
36.66642404 31.83027112 157.1775121867293 PSE 113
17.50342084 61.9657298 26.87429300851052 SWE 114
29.21852203 43.48511193 53.784122276120684 MDA 115
-5.699993588 39.45632591 51.311623600559329 ESP 116
5.757509322 12.05465223 82.496990472722388 NGA 117
21.04776738 39.18936338 53.499171279035693 ALB 118
33.87425621 -26.08044213 44.145987288253025 SWZ 119
43.27616611 43.99758597 38.555021222074046 GEO 120
15.50876833 25.36288824 10.343920201829693 LBY 121
146.8995951 -8.589233383 25.110081248375081 PNG 122
17.78636097 50.41842189 60.913809504175333 POL 123
13.30632759 47.7263418 54.839503230079146 AUT 124
115.9532489 22.62595045 444.48777161398789 HKG 125
28.33329101 59.86288922 29.257024475064838 EST 126
16.7762483 60.80869754 20.408890465097933 NOR 127
19.34022932 40.67529683 35.938876471991861 MNE 128
43.43657525 33.95744388 53.890590454769722 IRQ 129
-15.45310321 11.25931511 46.010931763381734 GNB 130
-1.349433926 15.67390925 22.963902223747191 MLI 131
67.38035898 50.97755413 14.23128383993285 KAZ 132
