-0.5092883684 5.952954738 0.569539287494723 HRV 0
4.148335773 5.22007361 0.601040764008565 UZB 1
3.165173339 4.078786072 0.527967802048571 BGR 2
-2.597863886 -0.1066546964 0.1 ESH 3
-1.338581894 -2.660711588 0.526189129496229 GNQ 4
1.772160033 6.052365477 0.608276253029821 SRB 5
-3.604252374 -0.611269614 0.620483682299542 BFA 6
-1.656346249 -4.088230034 0.868187767709264 TGO 7
4.884698277 4.309999783 0.25 TKM 8
5.506954541 6.622476245 0.36486298798316 LVA 9
-0.9539389517 9.191304506 1.03923048454133 DEU 10
8.975115389 -1.426946726 0.797652806677192 THA 11
4.394021191 3.136566104 0.755397246486903 AZE 12
6.630187782 3.635268953 0.827647267862342 CHN 13
-0.7041680469 -2.824817178 0.207665596572952 GAB 14
7.442835741 1.807288822 1.18874934279687 PAK 15
2.465034352 -3.503336542 1.60857079421454 RWA 16
2.135001674 1.793709845 0.757050196486335 SYR 17
0.07448025826 -4.849244304 0.354436171968945 ZMB 18
0.2339125292 10.610815 0.818153408597679 DNK 19
6.658704226 5.449199957 0.988053642268473 NPL 20
-1.776469511 0.7639722359 0.602598539659697 TUN 21
7.98703736 -4.667801368 2.45305931440721 BGD 22
5.793918758 4.517217946 0.39843443626273 KGZ 23
-0.6512865567 0.5911028654 0.716327439094718 EGY 24
-2.212807935 -0.04379433237 0.294745653063789 DZA 25
-1.57109338 -0.1826141689 0.312249899919919 NER 26
5.587928794 2.790458936 0.541410195692693 AFG 27
3.519416058 -1.279451911 0.543714079273287 YEM 28
-4.564608792 7.18643131 0.711951543294905 PRT 29
-0.0452557569 -2.844943665 0.452078533000627 COD 30
5.723277833 0.6295486915 1.04672107077291 KWT 31
-10.39838705 2.436975596 4.66596720948614 GIB 32
9.611402837 -0.2156709936 0.659545297913642 KHM 33
10.0122348 -2.552069561 0.818153408597679 IDN 34
5.361042362 3.779739967 0.575543221661065 TJK 35
-5.139156318 -3.218119207 0.742882897905183 SLE 36
3.126875616 2.75060631 0.704450140180269 TUR 37
4.837324172 6.313437475 0.460298815988048 BLR 38
0.6447440855 6.223829548 0.709753478328921 HUN 39
2.308442353 4.675855555 0.611861912526018 MKD 40
11.2119347 -0.4292970867 0.623498195666993 BRN 41
-0.2062812866 -6.317006768 0.474999999999999 ZAF 42
-0.6815933372 -0.6683882553 0.25617376914899 TCD 43
-5.536209702 5.377237811 1.59354165304832 SMR 44
-4.869702065 9.017308592 0.731864058415221 FRA 45
0.5313598169 -5.516868261 0.441588043316392 MOZ 46
0.7359640783 0.006898505002 0.712390342438749 ETH 47
1.293960959 0.823930981 0.374165738677394 ERI 48
-5.996276349 7.859988583 0.878564169540279 AND 49
0.5643841734 7.293318523 0.532681893816562 BIH 50
-0.7140604338 -3.414328099 0.36486298798316 AGO 51
5.447375397 5.044504056 0.287228132326901 FIN 52
-0.2623887727 -0.3248267396 0.341869858279433 SDN 53
6.29030954 2.396683869 0.306186217847897 BTN 54
8.016854318 0.2085780013 0.615426681254559 MMR 55
5.584853165 5.385742739 0.1 MNG 56
10.78354252 3.848151629 1.55020159979274 KOR 57
-0.34809316 -1.039678071 0.204633819296811 CAF 58
-3.008875999 2.298039848 1.3856406460551 ISR 59
12.28531905 13.57024524 9.84543041212518 MAC 60
9.882986185 1.446185707 1.19530330878819 VNM 61
-2.837205005 0.5652256012 0.619475584668192 MAR 62
-2.585330446 4.938151949 1.53948043183406 LBN 63
3.479263367 -0.1055455741 0.279508497187473 SAU 64
5.067784009 1.981159501 0.498748433581499 IRN 65
1.695973233 -0.5250925816 0.471036092035419 DJI 66
4.894921391 7.205188161 0.443705983732471 LTU 67
5.37180068 5.596361341 0.2 RUS 68
-0.3220363432 -5.534827822 0.441588043316392 ZWE 69
-2.837647755 -0.1300369453 0.145773797371132 MRT 70
-0.352097141 -5.005850519 0.145773797371132 BWA 71
4.71687024 -2.138835561 1.03471010432874 QAT 72
-6.335760222 -0.4860220246 1.11411399775786 GMB 73
6.888741466 -1.291267193 1.47521184919319 IND 74
-0.5269812166 -1.693598597 0.523808170993923 CMR 75
-8.64803019 9.119070019 2.3090853167434 VAT 76
-4.136759082 -3.95875954 0.504975246918103 LBR 77
-2.660270122 -2.89288138 0.824242076091723 GHA 78
2.874261671 5.608886307 0.625999201277443 ROU 79
3.850951004 6.237324631 0.536190264738177 UKR 80
-1.954976591 -6.193131621 1.52807067899361 BDI 81
2.403773548 -1.382827877 0.662382064974585 KEN 82
-4.528099725 -2.148661436 0.511126207506521 GIN 83
1.90386941 -5.760393109 1.00280855600658 MWI 84
-1.33556318 6.710944185 0.690561365846654 SVN 85
0.09569251861 -7.277689621 0.589491306127578 LSO 86
-3.924839274 -2.944046821 0.641287766919031 CIV 87
2.638059111 -0.4826401544 0.362284418654735 SOM 88
0.05067907573 -0.8130507244 0.281735691739615 SSD 89
11.30923364 -3.154557871 0.643719659479185 TLS 90
-2.766030011 9.027446699 1.058595767987 LIE 91
-4.603869122 12.4400062 1.32216678221773 BEL 92
-0.5423156671 -2.410051492 0.285043856274784 COG 93
0.5231977908 -4.117518789 0.587367006223534 TZA 94
0.6757702627 8.476183337 0.784617741323759 CZE 95
10.29985333 -1.221527624 0.687840824609879 MYS 96
1.712409705 7.469269549 0.731436941916391 SVK 97
0.8842213085 -1.749036356 1.04761634198784 UGA 98
8.186752739 4.335154279 0.991841721243868 PRK 99
-5.855881297 10.51673286 1.07325439668328 LUX 100
-3.453723981 -1.794202978 0.742041103982792 BEN 101
2.197143034 3.555538858 0.602598539659697 GRC 102
-3.993122112 10.43530905 1.00405428140116 CHE 103
-4.648526689 -1.001838914 0.646625857818875 SEN 104
2.276860706 0.4351980074 0.760345316287276 JOR 105
-1.968797236 11.42146206 1.53948043183406 NLD 106
3.405446752 -0.5734115152 0.261007662722763 OMN 107
-2.865160485 7.259323965 0.949670995661126 ITA 108
8.849515808 0.4897173115 0.387298334620741 LAO 109
4.013320114 1.909554557 0.664736790015413 ARM 110
-10.81436556 18.90169663 9.06611134941543 MCO 111
4.481607804 -0.3784313421 0.779021822544141 ARE 112
-0.02015817803 2.958750069 2.01013059277251 PSE 113
4.901889935 4.888670784 0.343693177121688 SWE 114
2.772659457 6.744495356 0.687840824609879 MDA 115
-7.165180369 6.606665236 0.656220237420332 ESP 116
-1.84918241 -1.343660041 1.05504739230046 NGA 117
1.227640558 5.01384602 0.6841966091702 ALB 118
0.74744475 -6.492648839 0.564579489531811 SWZ 119
4.079639454 4.216154258 0.4930770730829 GEO 120
-1.123897862 -0.1118315617 0.13228756555323 LBY 121
10.49472606 -3.453888398 0.321130814466628 PNG 122
3.802552415 7.543202079 0.779021822544141 POL 123
-0.562286026 7.65868877 0.701338006955277 AUT 124
16.7496836 -0.4315666105 5.68451844926198 HKG 125
5.606045238 7.262390419 0.374165738677394 EST 126
4.991001585 5.41896112 0.261007662722763 NOR 127
0.1302985573 5.295742604 0.459619407771255 MNE 128
3.512115712 0.8273162132 0.689202437604508 IRQ 129
-5.531560269 -1.872192307 0.588430114796991 GNB 130
-2.774145069 -0.51740029 0.293683503111768 MLI 131
5.293218537 4.649632517 0.182002747232013 KAZ 132
