34.39189733 91.36819241 37.490194851673259 HRV 0
88.42147717 55.0127655 39.56379454628641 UZB 1
58.24336893 64.64690027 34.753732023085263 BGR 2
-61.57294241 -0.5772127004 6.5825476266236391 ESH 3
-4.410882809 -29.53063871 34.636650055205656 GNQ 4
50.48642749 74.02861026 40.04007405712975 SRB 5
-26.37064396 -8.14173046 40.843633902795517 BFA 6
-17.38723807 -24.35471238 57.148873297983101 TGO 7
83.69376698 51.71046492 16.456369066559098 TKM 8
63.54438285 105.1338965 24.017279955913629 LVA 9
9.622699711 123.7556304 68.407841595324427 DEU 10
114.0737251 -20.04088386 52.505875894626271 THA 11
79.22543115 62.07968816 49.724383520204178 AZE 12
121.2446857 44.91344655 54.480275587488016 CHN 13
-0.1163974721 -31.35667899 13.669686798526666 GAB 14
92.08865034 35.63526606 78.249991650779748 PAK 15
23.02601841 -20.99605707 105.8849386371303 RWA 16
70.47816103 45.76824801 49.833189741160915 SYR 17
25.34049163 -46.4446557 23.330929825837512 ZMB 18
18.37899477 131.7743022 53.8553377797869 DNK 19
103.4351875 45.73034663 65.039101578911939 NPL 20
-8.197744696 9.198547063 39.666335870438125 TUN 21
113.0510266 25.73035468 161.47379768018232 BGD 22
98.20176709 54.20974674 26.227136527863653 KGZ 23
19.37341304 4.437847619 47.152594840983397 EGY 24
-35.79304343 2.518684758 19.401772990326847 DZA 25
-10.98477693 -12.3725476 20.553998376313377 NER 26
87.78323647 45.85565441 35.638583986867758 AFG 27
62.6203692 2.530933299 35.790238220822438 YEM 28
-108.5072119 72.28758606 46.864549415869277 PRT 29
9.466294071 -24.26813528 29.758284744507812 COD 30
78.23173056 24.67625816 68.900913001532132 KWT 31
-114.9034998 15.6544433 307.139513807068 GIB 32
123.4057624 -21.39898512 43.414883354322512 KHM 33
124.9521769 -31.46390663 53.8553377797869 IDN 34
94.16021062 49.33891578 37.885406677643793 TJK 35
-44.36038698 -19.06130979 48.900620564650424 SLE 36
64.99241222 59.24667055 46.370765983183162 TUR 37
64.35021538 94.9808772 30.299388787198048 BLR 38
48.71007549 88.75184302 46.719860742619012 HUN 39
47.52930863 60.01819758 40.276101801195594 MKD 40
131.2878701 -19.25485065 41.04206568091908 BRN 41
22.25396746 -56.39280867 31.267101226462287 ZAF 42
5.49159595 -8.672347659 16.86276036114916 TCD 43
23.77924295 82.23439694 104.89563826199188 SMR 44
-74.49919784 118.5570749 48.175300207322664 FRA 45
45.26593616 -53.11607086 29.067743264776951 MOZ 46
44.50272994 -5.136411365 46.893433578497977 ETH 47
45.52118916 1.970956188 24.629637950947618 ERI 48
-82.07202507 110.5237053 57.831904890439311 AND 49
41.88278938 78.63087933 35.064039358876016 BIH 50
8.121878142 -30.35383279 24.017279955913629 AGO 51
74.76470092 76.37286529 18.906928607479859 FIN 52
23.12523427 -1.17670261 22.503746242314453 SDN 53
96.41406102 11.17950288 20.154853615995446 BTN 54
125.5401177 10.67926498 40.510754400530573 MMR 55
103.1210448 70.09290596 6.5825476266236391 MNG 56
260.5717936 -6.426811775 102.04275861503933 KOR 57
10.19082249 -15.62221228 13.470118615391556 CAF 58
35.11902434 6.206057825 91.210455460432556 ISR 59
192.2208933 18.12154965 648.08014592423012 MAC 60
126.5619318 -8.620573282 78.681409583590963 VNM 61
-60.66835163 4.187824647 40.777275396089074 MAR 62
55.96702638 47.70162596 101.33703262802861 LBN 63
58.82010092 6.952800207 18.398779947825453 SAU 64
82.65515271 41.54374627 32.83035317754161 IRN 65
51.06659545 -1.370486007 31.006175096818232 DJI 66
57.65829416 104.2782252 29.207157701368857 LTU 67
95.9971631 87.02663007 13.165095253247278 RUS 68
27.8546128 -50.84933633 29.067743264776951 ZWE 69
-53.40136647 -7.793585305 9.5956296390926372 MRT 70
20.90422641 -48.59960116 9.5956296390926372 BWA 71
77.10086756 11.44714564 68.110285414926707 QAT 72
-62.70440971 -9.34966072 73.337084517291729 GMB 73
91.429991 0.6317653654 97.106522566737226 IND 74
4.121645585 -21.15051165 34.479922327821242 CMR 75
22.42453606 26.05902697 151.99664071400809 VAT 76
-40.61770282 -26.08689689 33.240236131044512 LBR 77
-26.64548546 -17.99168167 54.256127217409372 GHA 78
62.00632011 74.08480529 41.206695566371444 ROU 79
79.147329 73.22166616 35.294979545710106 UKR 80
34.48868642 -37.35913219 100.58598021322578 BDI 81
49.96951284 -13.02623795 43.601614897165426 KEN 82
-38.55563128 -13.55656554 33.645126041271965 GIN 83
49.05054853 -44.67122756 66.010350802989848 MWI 84
25.50861854 96.702261 45.45653079791888 SVN 85
34.40239291 -51.32277818 38.803545980653695 LSO 86
-35.56300963 -20.81230784 42.21307268115654 CIV 87
57.0709538 0.9607274585 23.847544401784575 SOM 88
25.60709314 -4.594825017 18.545386089957795 SSD 89
134.657705 -31.11555351 42.373153167156971 TLS 90
10.85569093 108.901714 69.682570601166972 LIE 91
-60.69410828 127.6304782 87.03225814287967 BEL 92
4.896634475 -27.72777248 18.763147596052324 COG 93
51.04728297 -34.70575278 38.663712927737727 TZA 94
31.38667152 106.6583577 51.647836509575221 CZE 95
115.5758511 -29.4639596 45.277449875306132 MYS 96
42.62456464 95.61968166 48.147185060365835 SVK 97
38.94672604 -15.17827441 68.959844655642485 UGA 98
169.190965 85.61177575 65.288453681601325 PRK 99
-17.62677745 125.2540976 70.647481816509369 LUX 100
-17.57059565 -13.9125416 48.8452090787911 BEN 101
42.84203478 43.79597901 39.666335870438125 GRC 102
-1.035619554 114.9206459 66.092351270385095 CHE 103
-51.78897032 -13.00596043 42.564455056991314 SEN 104
50.66900626 8.117564446 50.050092571412179 JOR 105
-3.886827382 134.731607 101.33703262802861 NLD 106
68.54837182 4.732529028 17.180953707863122 OMN 107
22.81946658 65.94804929 62.512545585624721 ITA 108
128.664936 3.884906982 25.494097333530512 LAO 109
72.96598677 55.39667837 43.756615794453971 ARM 110
-40.67803913 62.69603929 596.78109745800441 MCO 111
65.32279655 10.56811512 51.279482490759783 ARE 112
49.91589988 25.86895138 132.31780362658318 PSE 113
70.57657853 77.4136499 22.623767073491052 SWE 114
69.83907924 70.84808158 45.277449875306132 MDA 115
-101.0153129 77.62516234 43.196009663736234 ESP 116
-5.700554717 -19.33667417 69.448997081628505 NGA 117
41.58711122 52.15216926 45.037567658372453 ALB 118
39.41387345 -56.69627409 37.163713788580061 SWZ 119
71.38206418 63.4484804 32.457033171643772 GEO 120
-7.710210378 3.563064387 8.707892006642302 LBY 121
145.67996 -33.21886471 21.138588806030199 PNG 122
49.94636432 103.1661525 51.279482490759783 POL 123
21.31183908 104.5357245 46.165908331444115 AUT 124
211.6636511 -79.52095394 374.18613426687835 HKG 125
67.64382465 107.4435534 24.629637950947618 EST 126
66.90038277 78.62189531 17.180953707863122 NOR 127
39.76448869 64.48179995 30.254666417748435 MNE 128
75.95209398 38.0015643 45.367078699168012 IRQ 129
-54.07838703 -20.56366942 38.733692555908085 GNB 130
-35.94100991 -3.0770365 19.331856463868863 MLI 131
87.3481303 74.05074986 11.980417518310691 KAZ 132
