-4.170060495 89.61287766 12.557061120706921 HRV 0
109.3499725 89.73360313 37.190267079057826 UZB 1
17.15366183 67.73079872 16.219054210516582 BGR 2
-98.29194675 38.8359362 4.8067563876665504 ESH 3
-49.26893093 -62.70892903 8.2122012116535252 GNQ 4
10.81005799 76.89331135 16.768756670155742 SRB 5
-94.10786769 10.68054757 30.241677316167273 BFA 6
-82.87289234 -33.85651175 18.870849556599598 TGO 7
87.21081676 74.84354766 16.009163623128554 TKM 8
77.24959018 159.7042912 8.4843270967260729 LVA 9
-23.98415376 128.8558984 57.238547839388026 DEU 10
212.0219809 -64.53323144 53.143183431408069 THA 11
91.78001419 96.53907215 20.237889446289813 AZE 12
214.3887491 62.4123265 236.80474093456917 CHN 13
-49.37108813 -68.90767569 9.789922219419763 GAB 14
127.1849767 -3.812256007 97.25798843362314 PAK 15
13.30430844 -67.67907103 23.545605091055275 RWA 16
38.17118367 46.90969077 30.225840536078788 SYR 17
-0.1318462997 -97.05563879 28.444318200884272 ZMB 18
-4.768911226 143.4833496 15.2478088008267 DNK 19
169.0383419 -15.19936963 34.860711515510097 NPL 20
-39.81175837 51.21953362 22.136663020574257 TUN 21
168.4688036 -55.54203889 82.479617937764189 BGD 22
125.5765276 83.03804988 16.276737746062985 KGZ 23
-4.638359326 28.81063587 66.584789381892961 EGY 24
-70.2586039 49.03874846 42.35386041920701 DZA 25
-49.24262749 33.44090245 32.710506560757047 NER 26
108.9336097 54.10161315 40.760695937709116 AFG 27
76.94903876 -16.97074775 36.810586215824081 YEM 28
-90.77437742 73.07813663 20.076669064768613 PRT 29
-15.25238375 -70.62816418 63.422018311371339 COD 30
78.25652067 7.881034533 13.020670410425378 KWT 31
-64.79501211 62.6294175 1.1329633457435904 GIB 32
235.9200755 -74.62418476 25.816605213989654 KHM 33
225.8544619 -139.2227105 104.48136402769953 IDN 34
120.9904523 71.96692915 19.974416800942763 TJK 35
-136.7060178 -20.71119002 18.595133539528913 SLE 36
40.16125469 75.93546524 58.098497280179103 TUR 37
76.5796965 143.1351952 19.3284881314313 BLR 38
22.9418338 105.3238721 19.987163229818361 HUN 39
8.052349534 65.49298144 9.0569604257762002 MKD 40
226.4960314 -52.05575831 4.2198916596449774 BRN 41
-9.141441208 -129.7875469 48.747317566996678 ZAF 42
-8.423242097 -2.097295951 26.813465849264972 TCD 43
-22.57488798 85.6407701 1.1508063858912092 SMR 44
-50.33509968 100.7730539 50.468822644874962 FRA 45
28.09776538 -117.5246954 36.514378401015769 MOZ 46
43.91488119 -29.65574387 70.546041612587103 ETH 47
45.9886219 -2.223317067 12.142968576167476 ERI 48
-43.02197162 69.1260983 1.7770982283583625 AND 49
1.985664255 82.08148481 11.238449618691737 BIH 50
-22.64284763 -103.4943606 37.985730249503682 AGO 51
91.18143847 164.4920942 14.769275929636084 FIN 52
16.12869557 -0.8644009349 43.500575062320337 SDN 53
183.3016748 -13.28851999 5.565028320431276 BTN 54
219.5904676 -32.66066667 46.332917598525327 MMR 55
185.0934965 139.0103089 11.644467007726591 MNG 56
307.2562778 70.92192399 45.13134315363525 KOR 57
-22.36802967 -41.42311148 15.029101654374699 CAF 58
23.50014947 29.99471672 18.996217189388506 ISR 59
226.5758333 -17.14706553 5.2620541529842972 MAC 60
255.6175578 -53.26796625 62.357436562825313 VNM 61
-96.71489684 53.12825663 38.579420067195542 MAR 62
20.07325036 44.4132678 14.511818404630572 LBN 63
62.16665176 2.890318456 38.121459497544961 SAU 64
86.08636083 30.44815642 59.22384170286221 IRN 65
62.11728836 -11.89002067 6.6859618848297169 DJI 66
74.40048779 152.7318988 10.340522835179389 LTU 67
160.1108086 152.7028288 75.375622048486363 RUS 68
8.26194908 -112.6663846 25.603029953893035 ZWE 69
-104.1746017 28.17449075 13.83031670550182 MRT 70
-3.478957386 -109.4006712 10.258426419874205 BWA 71
78.49741817 -0.9637184042 10.336581335956653 QAT 72
-138.8322266 1.855343627 10.444430594358346 GMB 73
113.6884692 -144.9550186 237.05012914518309 IND 74
-41.97923016 -49.51196628 33.567875577731229 CMR 75
-24.02637301 43.02238407 0.14273996463758234 VAT 76
-128.2599711 -39.54222959 14.598607327398124 LBR 77
-96.96923202 -22.24500258 36.635262367418953 GHA 78
38.78480283 105.5792063 27.972298945107518 ROU 79
77.68444789 124.4202945 38.017095393994964 UKR 80
10.26688587 -83.35326644 22.819205598105199 BDI 81
64.96771772 -61.90555427 46.5542406551113 KEN 82
-125.8005512 -7.870183649 23.625512441898575 GIN 83
19.21980632 -97.69148258 28.693573347859068 MWI 84
-5.619966547 100.9966569 9.130896023358769 SVN 85
13.09308342 -123.2330722 9.5742239410731038 LSO 86
-120.0562601 -25.91368783 33.699632998247999 CIV 87
81.70090752 -37.66166827 26.714119015999053 SOM 88
9.128872643 -24.24134781 20.88447149161146 SSD 89
262.3045591 -134.055645 7.3160324182542684 TLS 90
-22.38389765 96.63414368 1.2443781621195815 LIE 91
-52.02342175 124.4673936 21.43952368190336 BEL 92
-40.67989854 -65.78733901 15.498300193355377 COG 93
36.74475982 -77.50063427 51.503024119408458 TZA 94
5.481218847 111.7324483 20.317769221632126 CZE 95
221.0159635 -92.6083523 36.735232949191008 MYS 96
25.03327168 118.3521215 15.098083179099644 SVK 97
10.60145058 -45.83585748 43.713866559415592 UGA 98
265.8507582 133.8637044 32.078087891570178 PRK 99
-33.78997983 108.5673045 5.0748022272783357 LUX 100
-86.75071998 -5.300207451 23.22454234302446 BEN 101
9.074107838 55.91850047 20.168303373972602 GRC 102
-29.40620357 91.63897481 18.601158916192968 CHE 103
-130.0248655 12.23359883 26.432728327444451 SEN 104
33.77574016 15.5738284 21.116832849381122 JOR 105
-49.1306811 140.2587947 26.324593283299887 NLD 106
90.77442968 -7.848926473 13.515899445744749 OMN 107
-26.15263688 69.83313233 48.120519234662289 ITA 108
240.6755873 -31.75462667 17.328067322333666 LAO 109
82.49834719 87.4407152 10.453205380069374 ARM 110
-9.846841897 69.14832706 1.1942482260115264 MCO 111
87.90498367 3.380397998 19.347453128436602 ARE 112
34.33535952 32.38608907 14.534966062107987 PSE 113
80.24413773 170.8301944 20.43077159041167 SWE 114
50.71867958 100.3518629 11.625204021819526 MDA 115
-70.10719038 77.15697167 43.233246755155612 ESP 116
-48.14384727 -8.150234702 93.824250225672941 NGA 117
1.612442651 63.90406741 10.55503888936032 ALB 118
17.02258626 -126.9940491 6.900410717382937 SWZ 119
84.21586103 109.3707011 12.109364060164401 GEO 120
-31.33421871 34.57786682 16.460338010442232 LBY 121
257.7617517 -113.3989536 20.1571877413366 PNG 122
46.04993918 136.4042903 40.170840382954083 POL 123
-7.57618681 110.0101648 18.771797818654669 AUT 124
236.3636969 -19.47647296 17.166224104648915 HKG 125
82.30855782 161.9852416 7.2136660185443509 EST 126
70.91182017 163.9583808 14.673779446007559 NOR 127
0.7743114244 75.98109723 4.9631652484305366 MNE 128
52.90648821 28.03320427 42.306690389331351 IRQ 129
-132.4328935 0.7408316417 9.1975944702771741 GNB 130
-89.82989405 30.18949561 30.269287604609637 MLI 131
104.080667 115.1442215 27.770536099467865 KAZ 132
