20.18491758 93.92131192 12.557061120706921 HRV 0
148.4269587 76.30161969 37.190267079057826 UZB 1
38.24154146 75.42297543 16.219054210516582 BGR 2
-132.1523941 47.33557195 4.8067563876665504 ESH 3
-55.35277904 -81.13898737 8.2122012116535252 GNQ 4
32.7074072 87.609257 16.768756670155742 SRB 5
-135.1980977 1.451865252 30.241677316167273 BFA 6
-124.376181 -43.04877149 18.870849556599598 TGO 7
136.1946577 58.01902309 16.009163623128554 TKM 8
112.6423867 156.1029995 8.4843270967260729 LVA 9
-20.19040731 139.2989153 57.238547839388026 DEU 10
238.5864508 -145.8746966 53.143183431408069 THA 11
123.4294198 67.34379207 20.237889446289813 AZE 12
248.1567147 5.147459564 236.80474093456917 CHN 13
-51.23323827 -89.03727826 9.789922219419763 GAB 14
168.909033 -106.7825778 97.25798843362314 PAK 15
27.95346616 -142.1876205 23.545605091055275 RWA 16
58.65439664 34.28037662 30.225840536078788 SYR 17
-8.087892374 -163.5677019 28.444318200884272 ZMB 18
5.366365094 154.2123547 15.2478088008267 DNK 19
106.6757349 -123.5003139 34.860711515510097 NPL 20
-49.84288404 45.46114531 22.136663020574257 TUN 21
166.6663221 -180.2109452 82.479617937764189 BGD 22
168.0813436 86.28778357 16.276737746062985 KGZ 23
0.7161700783 10.5439865 66.584789381892961 EGY 24
-85.49463652 41.5431055 42.35386041920701 DZA 25
-72.91641999 8.613789992 32.710506560757047 NER 26
135.3131088 26.32401051 40.760695937709116 AFG 27
78.59062128 -49.39298563 36.810586215824081 YEM 28
-112.1354298 82.72727557 20.076669064768613 PRT 29
-10.34311913 -119.0891116 63.422018311371339 COD 30
80.5271504 -11.87849037 13.020670410425378 KWT 31
-72.74633923 59.35856988 1.1329633457435904 GIB 32
298.0457685 -128.1374071 25.816605213989654 KHM 33
274.6288158 -201.0760654 104.48136402769953 IDN 34
156.4336647 54.67298837 19.974416800942763 TJK 35
-189.5688406 -15.02837727 18.595133539528913 SLE 36
68.21346457 70.94200188 58.098497280179103 TUR 37
108.2068012 137.2795079 19.3284881314313 BLR 38
46.96036652 108.9050932 19.987163229818361 HUN 39
30.86883723 67.90494895 9.0569604257762002 MKD 40
279.5157088 -104.6259317 4.2198916596449774 BRN 41
-27.64159731 -194.8729215 48.747317566996678 ZAF 42
-30.17645494 -32.19082701 26.813465849264972 TCD 43
-22.88883637 86.47248984 1.1508063858912092 SMR 44
-49.65819489 97.44649872 50.468822644874962 FRA 45
52.26357385 -181.4180783 36.514378401015769 MOZ 46
36.6310527 -67.44315254 70.546041612587103 ETH 47
45.80087639 -35.00448791 12.142968576167476 ERI 48
-46.17730496 74.0318138 1.7770982283583625 AND 49
22.00968295 83.36371366 11.238449618691737 BIH 50
-54.02969339 -134.7532895 37.985730249503682 AGO 51
132.2427911 169.1949696 14.769275929636084 FIN 52
-1.488567478 -34.33433923 43.500575062320337 SDN 53
209.8289876 -88.36098506 5.565028320431276 BTN 54
259.9951449 -111.2611463 46.332917598525327 MMR 55
224.2940333 109.8077059 11.644467007726591 MNG 56
350.2873153 74.22318354 45.13134315363525 KOR 57
-16.48846255 -71.085838 15.029101654374699 CAF 58
37.20023511 20.70843589 18.996217189388506 ISR 59
236.1017119 -94.8462777 5.2620541529842972 MAC 60
334.3140649 -113.276372 62.357436562825313 VNM 61
-118.2170495 59.1714583 38.579420067195542 MAR 62
27.49595784 42.00029304 14.511818404630572 LBN 63
61.92942099 -21.93163515 38.121459497544961 SAU 64
109.7399631 -10.48888918 59.22384170286221 IRN 65
60.41910897 -46.23473554 6.6859618848297169 DJI 66
107.8297429 149.3901916 10.340522835179389 LTU 67
190.3005257 127.019405 75.375622048486363 RUS 68
5.904604058 -181.9826611 25.603029953893035 ZWE 69
-137.7626554 39.90989011 13.83031670550182 MRT 70
-23.19801855 -168.8038141 10.258426419874205 BWA 71
83.72007581 -28.24144536 10.336581335956653 QAT 72
-185.9193906 4.565801218 10.444430594358346 GMB 73
117.1555971 -302.5849022 237.05012914518309 IND 74
-36.1699223 -73.39644106 33.567875577731229 CMR 75
-24.80208204 42.5005571 0.14273996463758234 VAT 76
-185.2898427 -35.62367152 14.598607327398124 LBR 77
-139.6037405 -25.53929062 36.635262367418953 GHA 78
68.13696351 106.5123852 27.972298945107518 ROU 79
104.5298146 107.1371818 38.017095393994964 UKR 80
12.51280827 -155.5536729 22.819205598105199 BDI 81
70.93284971 -106.0348136 46.5542406551113 KEN 82
-173.0155884 -0.6859567126 23.625512441898575 GIN 83
32.01911 -163.9834016 28.693573347859068 MWI 84
22.60963361 102.9269662 9.130896023358769 SVN 85
6.911624639 -167.7235571 9.5742239410731038 LSO 86
-168.6779764 -23.69730581 33.699632998247999 CIV 87
76.8433572 -75.25899762 26.714119015999053 SOM 88
5.810780472 -88.75655804 20.88447149161146 SSD 89
323.4364033 -186.9788367 7.3160324182542684 TLS 90
2.365510736 108.5222773 1.2443781621195815 LIE 91
-52.83452941 129.4875823 21.43952368190336 BEL 92
-37.00485279 -93.46696434 15.498300193355377 COG 93
60.70002415 -145.3409728 51.503024119408458 TZA 94
31.42808618 127.8563044 20.317769221632126 CZE 95
276.0243541 -143.1845706 36.735232949191008 MYS 96
54.1756966 121.2119697 15.098083179099644 SVK 97
34.9035649 -113.7965777 43.713866559415592 UGA 98
296.4295283 110.689992 32.078087891570178 PRK 99
-32.97798657 113.0740275 5.0748022272783357 LUX 100
-114.5180566 -9.283201789 23.22454234302446 BEN 101
23.00085524 55.91260666 20.168303373972602 GRC 102
-15.24585998 107.7270154 18.601158916192968 CHE 103
-174.3976368 24.57971081 26.432728327444451 SEN 104
44.58410351 5.939601972 21.116832849381122 JOR 105
-53.02224492 149.103088 26.324593283299887 NLD 106
101.0656869 -55.05200606 13.515899445744749 OMN 107
-9.602806638 56.73006981 48.120519234662289 ITA 108
292.2955127 -102.7045804 17.328067322333666 LAO 109
113.5760697 58.99263014 10.453205380069374 ARM 110
-5.44797943 76.66027465 1.1942482260115264 MCO 111
100.3023494 -41.62148524 19.347453128436602 ARE 112
38.48041841 35.02647135 14.534966062107987 PSE 113
121.2149917 178.3387265 20.43077159041167 SWE 114
84.07047595 109.9459993 11.625204021819526 MDA 115
-87.34003516 90.65716493 43.233246755155612 ESP 116
-78.5392049 -43.52871085 93.824250225672941 NGA 117
23.3254193 70.48674661 10.55503888936032 ALB 118
25.21440146 -190.0430801 6.900410717382937 SWZ 119
118.5942852 80.96735981 12.109364060164401 GEO 120
-36.08665913 10.5561555 16.460338010442232 LBY 121
322.13189 -150.574624 20.1571877413366 PNG 122
76.56846729 143.6652571 40.170840382954083 POL 123
21.08895719 114.2607195 18.771797818654669 AUT 124
280.1491831 -94.71216148 17.166224104648915 HKG 125
117.7902635 160.1127538 7.2136660185443509 EST 126
111.4107465 166.489547 14.673779446007559 NOR 127
23.9213842 76.93205567 4.9631652484305366 MNE 128
74.01928036 9.053550607 42.306690389331351 IRQ 129
-179.9664909 10.97392714 9.1975944702771741 GNB 130
-127.6033806 24.83519167 30.269287604609637 MLI 131
137.3802034 100.3094933 27.770536099467865 KAZ 132
