-75.22298448 -10.07227522 4.7472542821757884 ECU 0
-45.84197757 4.533696226 0.87865139884746146 SUR 1
-42.43249378 -13.28912162 16.374576927854349 BRA 2
-55.04111787 -40.09409376 7.5305872859570888 ARG 3
-83.49724777 13.11043313 2.9546166451499345 NIC 4
-96.70482452 27.67968606 0.71337910523848391 BLZ 5
-59.68725688 -26.71548393 3.9176719172431178 BOL 6
-89.74813411 18.07764842 3.6227725255447951 HND 7
-52.04744152 -30.01675472 2.9155880831169001 PRY 8
-103.0373493 99.56088014 6.9315283928660048 CAN 9
-44.42145422 -35.93855425 2.0592961534022747 URY 10
-95.34431672 13.95409358 2.8081764469030146 SLV 11
-111.5683869 35.01868894 12.615243031416425 MEX 12
-79.79801475 7.70215227 2.5411245245006104 CRI 13
-74.88404292 4.758841028 2.3528189967205462 PAN 14
-99.43270511 21.47064025 4.7343943900960257 GTM 15
-54.878249 8.944486918 5.9773144476431224 VEN 16
-65.58611212 -33.43441324 4.9314512791066454 CHL 17
-69.87846234 -20.16552568 6.5237829189637537 PER 18
-109.3401877 72.62034412 20.523724091066036 USA 19
-64.59363861 -2.931899385 8.0329855948055844 COL 20
-44.30507455 4.396008547 0.6220745687835374 GUF 21
-47.72302299 4.679855278 1.0040882470144172 GUY 22
