-94.93675688 10.02411082 1.2851815960347475 ECU 0
-89.90629668 9.843542208 0.30034211600371008 SUR 1
-90.47396431 8.633232957 0.76470893018802688 BRA 2
-91.39551749 6.540424676 0.61349343880132323 ARG 3
-99.49379381 18.84752889 1.1484184617855757 NIC 4
-107.0317638 27.82410004 0.63834121376590602 BLZ 5
-91.66003081 7.633922394 0.50810829322184392 BOL 6
-102.3352684 21.44772376 1.4607614362907477 HND 7
-90.38089451 7.248101671 0.62355137859539356 PRY 8
-107.4380178 33.43251146 0.31052608230800438 CAN 9
-89.2754046 6.586877394 0.6646016412152268 URY 10
-106.4631378 16.06958321 2.6313572653085759 SLV 11
-109.7736711 28.36969648 1.2206326822345708 MEX 12
-99.24871799 14.43156515 1.5171659845743435 CRI 13
-94.89589711 13.50889993 1.164556280416613 PAN 14
-107.5740013 23.59012221 1.9504304376174362 GTM 15
-90.93539619 11.28180152 0.85860104008475158 VEN 16
-93.40829801 6.431331871 0.77078618282327405 CHL 17
-92.92475122 7.901445405 0.77681589282997476 PER 18
-108.3173657 31.59957423 0.91473095738701238 USA 19
-92.69833572 10.60894054 1.028387278779326 COL 20
-89.32661486 9.954158984 0.28980049257655627 GUF 21
-90.28522415 10.31622349 0.30547654119354528 GUY 22
