-80.26683271 -14.28368747 23.901803645853672 ECU 0
-29.54862772 -9.580162485 5.5857618140890297 SUR 1
-36.31045627 -22.26095735 14.222054495628539 BRA 2
-46.59279454 -45.75523469 11.409749219480975 ARG 3
-101.148119 30.05979408 21.358283266398406 NIC 4
-146.3242774 66.05345755 11.871868067177079 BLZ 5
-49.49151061 -33.43477855 9.4497965835249929 BOL 6
-123.7185764 48.91560327 27.167237012560403 HND 7
-35.30576486 -37.75414235 11.596806754993013 PRY 8
-136.5603701 112.7791675 5.7751631902776213 CAN 9
-22.90488305 -45.19692873 12.360259421742416 URY 10
-160.084681 -15.38890946 48.937974891289677 SLV 11
-178.6281424 70.48675592 22.701323131687296 MEX 12
-108.5096767 0.4903034527 28.216248640152315 CRI 13
-66.92510698 14.49401669 21.658414371124419 PAN 14
-163.3176832 35.90325217 36.274099698178354 GTM 15
-40.94480425 7.360456988 15.968259686840874 VEN 16
-68.51948218 -47.53292327 14.33507922275045 CHL 17
-63.62663454 -30.89750153 14.447219752202678 PER 18
-147.5518631 94.18242192 17.012163728227698 USA 19
-54.99877655 -8.375588602 19.125943668285029 COL 20
-23.24261602 -7.674183569 5.3897087317528332 GUF 21
-33.66443971 -4.149198054 5.6812518390788114 GUY 22
