74.4042819 83.45566117 12.557061120706921 HRV 0
204.6702537 64.06157695 37.190267079057826 UZB 1
105.806529 80.67541362 16.219054210516582 BGR 2
-145.3111996 45.34847191 4.8067563876665504 ESH 3
-69.06194029 -109.036395 8.2122012116535252 GNQ 4
90.10068812 77.92886772 16.768756670155742 SRB 5
-165.2373817 -31.30767203 30.241677316167273 BFA 6
-167.4058159 -80.36949259 18.870849556599598 TGO 7
182.0455985 51.84344648 16.009163623128554 TKM 8
178.0757376 156.2345451 8.4843270967260729 LVA 9
43.53045746 160.8262098 57.238547839388026 DEU 10
233.215652 -198.1308803 53.143183431408069 THA 11
177.3064166 68.70879898 20.237889446289813 AZE 12
320.3089603 -21.63061926 236.80474093456917 CHN 13
-71.07121977 -117.5022684 9.789922219419763 GAB 14
193.7019399 -121.8439289 97.25798843362314 PAK 15
17.51039712 -180.5009191 23.545605091055275 RWA 16
99.73750611 -3.795993986 30.225840536078788 SYR 17
-26.05095225 -200.0895288 28.444318200884272 ZMB 18
14.51637764 187.8758664 15.2478088008267 DNK 19
103.9678196 -127.7988517 34.860711515510097 NPL 20
-57.00906554 11.8736566 22.136663020574257 TUN 21
166.2014207 -208.6682952 82.479617937764189 BGD 22
230.2236036 67.91620598 16.276737746062985 KGZ 23
-9.333743742 12.22666795 66.584789381892961 EGY 24
-107.9676812 16.97146256 42.35386041920701 DZA 25
-102.8822327 -36.83336154 32.710506560757047 NER 26
190.6910798 13.05080441 40.760695937709116 AFG 27
110.4283177 -93.76619675 36.810586215824081 YEM 28
-115.1135984 93.85335456 20.076669064768613 PRT 29
-39.07250535 -155.6185385 63.422018311371339 COD 30
122.6247212 -68.58435633 13.020670410425378 KWT 31
-71.86773934 60.41934899 1.1329633457435904 GIB 32
311.9265517 -204.3952509 25.816605213989654 KHM 33
266.8536913 -266.4866637 104.48136402769953 IDN 34
211.0193541 37.16968167 19.974416800942763 TJK 35
-222.0522998 -4.81390542 18.595133539528913 SLE 36
122.1901109 48.70970411 58.098497280179103 TUR 37
168.8178027 132.244165 19.3284881314313 BLR 38
103.5040978 98.02337055 19.987163229818361 HUN 39
85.78710357 66.19832196 9.0569604257762002 MKD 40
288.9674299 -157.7185394 4.2198916596449774 BRN 41
-49.73934938 -233.6969954 48.747317566996678 ZAF 42
-51.59593576 -63.10849183 26.813465849264972 TCD 43
-16.12839685 84.22483057 1.1508063858912092 SMR 44
-26.93332273 107.3112683 50.468822644874962 FRA 45
28.35089862 -235.5862684 36.514378401015769 MOZ 46
24.26396089 -93.30728037 70.546041612587103 ETH 47
37.60046842 -55.63214075 12.142968576167476 ERI 48
-45.03024768 73.74089412 1.7770982283583625 AND 49
77.72361347 72.44452154 11.238449618691737 BIH 50
-85.67520964 -170.7990778 37.985730249503682 AGO 51
200.5910722 171.5782987 14.769275929636084 FIN 52
-17.99572635 -57.9174782 43.500575062320337 SDN 53
243.5804682 -148.7661255 5.565028320431276 BTN 54
264.9062323 -161.9727044 46.332917598525327 MMR 55
294.2078945 103.369622 11.644467007726591 MNG 56
426.0541384 79.4934105 45.13134315363525 KOR 57
-39.49276379 -103.1228491 15.029101654374699 CAF 58
50.52368543 -2.897926155 18.996217189388506 ISR 59
266.0418677 -137.0614581 5.2620541529842972 MAC 60
371.121516 -181.3264917 62.357436562825313 VNM 61
-118.3775076 65.69171732 38.579420067195542 MAR 62
57.815179 11.56302712 14.511818404630572 LBN 63
84.37773552 -66.65009129 38.121459497544961 SAU 64
144.7396736 -3.752552541 59.22384170286221 IRN 65
51.93235644 -67.8437526 6.6859618848297169 DJI 66
170.7246269 146.4587689 10.340522835179389 LTU 67
252.284837 120.0887003 75.375622048486363 RUS 68
-15.0518962 -224.3098304 25.603029953893035 ZWE 69
-158.6048368 33.30806484 13.83031670550182 MRT 70
-44.57454297 -203.9517111 10.258426419874205 BWA 71
108.7068023 -69.60833319 10.336581335956653 QAT 72
-218.9201984 9.147277201 10.444430594358346 GMB 73
114.5021847 -354.1936721 237.05012914518309 IND 74
-59.69794314 -91.14509015 33.567875577731229 CMR 75
-16.45596742 45.67701385 0.14273996463758234 VAT 76
-223.2685145 -20.81120695 14.598607327398124 LBR 77
-184.5053357 -59.69770919 36.635262367418953 GHA 78
127.3914822 93.88934954 27.972298945107518 ROU 79
161.0978974 104.909093 38.017095393994964 UKR 80
-2.234828955 -191.5498655 22.819205598105199 BDI 81
55.1526243 -140.7312281 46.5542406551113 KEN 82
-200.9935627 -2.16510361 23.625512441898575 GIN 83
18.22169431 -205.7418066 28.693573347859068 MWI 84
75.51192254 95.12670566 9.130896023358769 SVN 85
-2.426562062 -207.2397211 9.5742239410731038 LSO 86
-201.7295671 -30.38980873 33.699632998247999 CIV 87
71.23828054 -95.09887392 26.714119015999053 SOM 88
-9.559090772 -121.7477013 20.88447149161146 SSD 89
336.147118 -232.0353545 7.3160324182542684 TLS 90
55.92004662 115.1930256 1.2443781621195815 LIE 91
-33.00936019 142.6083957 21.43952368190336 BEL 92
-60.96647774 -124.3783895 15.498300193355377 COG 93
53.09805928 -188.8287478 51.503024119408458 TZA 94
81.1590421 135.1280218 20.317769221632126 CZE 95
282.3475528 -198.1350888 36.735232949191008 MYS 96
109.2042906 116.2355795 15.098083179099644 SVK 97
12.20618306 -148.4214128 43.713866559415592 UGA 98
359.3299841 110.7356992 32.078087891570178 PRK 99
-10.53817898 129.8528554 5.0748022272783357 LUX 100
-154.0199225 -57.45003655 23.22454234302446 BEN 101
84.48320688 51.76231934 20.168303373972602 GRC 102
40.12114843 123.3819389 18.601158916192968 CHE 103
-197.6061004 24.57155964 26.432728327444451 SEN 104
60.95879888 -19.23792613 21.116832849381122 JOR 105
-38.98069647 166.806287 26.324593283299887 NLD 106
133.5582084 -79.9757814 13.515899445744749 OMN 107
27.76240203 65.01994853 48.120519234662289 ITA 108
294.1898986 -172.7690725 17.328067322333666 LAO 109
163.6010758 63.03501628 10.453205380069374 ARM 110
-4.220669324 80.68421513 1.1942482260115264 MCO 111
138.537315 -61.68551653 19.347453128436602 ARE 112
71.46893096 14.82926583 14.534966062107987 PSE 113
188.8728794 183.912224 20.43077159041167 SWE 114
140.8763265 80.30839519 11.625204021819526 MDA 115
-83.76415955 84.81003603 43.233246755155612 ESP 116
-120.1219759 -107.4096372 93.824250225672941 NGA 117
71.16573301 58.33098996 10.55503888936032 ALB 118
4.869633455 -238.2055222 6.900410717382937 SWZ 119
172.7422471 83.66278823 12.109364060164401 GEO 120
-65.97741629 -23.90437254 16.460338010442232 LBY 121
329.8499208 -177.590878 20.1571877413366 PNG 122
137.9949828 137.0576236 40.170840382954083 POL 123
75.63422458 111.738032 18.771797818654669 AUT 124
300.7213641 -157.429874 17.166224104648915 HKG 125
186.9442013 159.5941437 7.2136660185443509 EST 126
179.5257205 168.6309113 14.673779446007559 NOR 127
73.32167656 65.96879771 4.9631652484305366 MNE 128
115.157878 -42.90655313 42.306690389331351 IRQ 129
-213.4139895 16.88080026 9.1975944702771741 GNB 130
-149.7078565 4.519589813 30.269287604609637 MLI 131
194.5773022 93.79140398 27.770536099467865 KAZ 132
