1.005670048 89.92231335 28.537990747697954 HRV 0
108.8658037 74.76901971 30.116439969779236 UZB 1
56.62213306 70.35462781 26.454962073330357 BGR 2
-50.33498952 4.407397642 5.010715041841995 ESH 3
-23.16226639 -30.52902546 26.365837860205033 GNQ 4
43.31821077 71.14399163 30.47898970651816 SRB 5
-49.29300688 -9.510568076 31.090669201158288 BFA 6
-34.60340625 -45.4073075 43.502415068040477 TGO 7
96.65527797 69.17233872 12.526787604604987 TKM 8
96.16815827 114.6283268 18.282244620986376 LVA 9
-18.48078784 131.3070336 52.072878208319693 DEU 10
146.3660624 -34.71154041 39.968109165848851 THA 11
95.29512117 81.47211057 37.850803455379669 AZE 12
154.8058437 69.22530405 41.471046144172696 CHN 13
-22.93067203 -42.60547533 10.405531284211813 GAB 14
110.9825499 40.99850644 59.564842129320823 PAK 15
15.68093667 -29.48897946 80.600898744385262 RWA 16
73.55408543 58.75809254 37.933628069635212 SYR 17
-5.170658777 -73.35270767 17.759786582576918 ZMB 18
3.802453211 150.2226053 40.995335909946881 DNK 19
131.5555131 71.62562761 49.508552474614177 NPL 20
-22.74809681 16.61160837 30.19449566864866 TUN 21
136.5688775 1.281488411 122.91581205230848 BGD 22
124.9705574 85.64051115 19.964414229695002 KGZ 23
-0.5758909334 14.180407 35.893126739560699 EGY 24
-31.52499066 10.27382193 14.768864773242742 DZA 25
-23.12375847 6.050814726 15.645952703424003 NER 26
104.1176175 59.94185515 27.128522113639942 AFG 27
76.90451216 -10.56933696 27.243963154759381 YEM 28
-111.5986125 68.2204506 35.673863070504133 PRT 29
-7.04632297 -32.98766287 22.6523670540011 COD 30
90.76411 25.48528881 52.448210139348106 KWT 31
-173.2764562 3.715314402 233.79832081313785 GIB 32
163.0094011 -30.55612353 33.047935450320651 KHM 33
163.6840148 -56.37688659 40.995335909946881 IDN 34
115.9908312 63.73945606 28.838830780073092 TJK 35
-73.89195062 -35.02735961 37.223745108606629 SLE 36
70.19967671 74.73906368 35.297989136289736 TUR 37
95.88423837 105.1972817 23.064262010133788 BLR 38
48.72127647 84.82195555 35.563724298623939 HUN 39
39.96213578 57.93841385 30.658656886243435 MKD 40
174.6159343 -39.14068652 31.241717875899614 BRN 41
4.263998903 -101.2733742 23.800896448749473 ZAF 42
-0.06717268116 -3.029306416 12.836137584002028 TCD 43
-30.39075174 83.28877709 79.847831307310187 SMR 44
-76.34701883 99.54941267 36.671622460846834 FRA 45
29.27350198 -93.46411021 22.126718509430216 MOZ 46
33.20646052 -6.57081503 35.695850045208161 ETH 47
40.42138943 3.647261351 18.7483789493274 ERI 48
-68.8129898 83.23200967 44.022346995388965 AND 49
17.85108658 94.0030473 26.691171778635322 BIH 50
-23.66170296 -56.40400682 18.282244620986376 AGO 51
111.0596244 101.226451 14.392183230905879 FIN 52
11.43129105 1.06546899 17.13012441233149 SDN 53
122.1687587 28.62326226 15.342118873751685 BTN 54
168.0192199 14.82927411 30.837277289131155 MMR 55
130.0708342 97.02046569 5.010715041841995 MNG 56
239.731929 10.77610249 77.676184739690541 KOR 57
-3.010869253 -15.94623857 10.253617564201088 CAF 58
22.88080898 16.56805139 69.430504277759582 ISR 59
359.6317596 -31.55148067 493.32646259444425 MAC 60
175.6863236 -12.59811119 59.893242689085007 VNM 61
-47.85939854 12.04586643 31.040156301507803 MAR 62
19.3496858 70.92643139 77.138977564123607 LBN 63
66.55774886 1.213792433 14.005374311799255 SAU 64
95.68116414 51.97259528 24.990862782419555 IRN 65
63.60781865 -9.788421271 23.602276316123458 DJI 66
87.14234181 114.1327696 22.23284246843593 LTU 67
116.9892157 104.1677679 10.02143008368399 RUS 68
3.154171762 -90.64628091 22.126718509430216 ZWE 69
-51.67956776 1.904280265 7.3043095919396075 MRT 70
-8.401674152 -85.73788465 7.3043095919396075 BWA 71
97.1151178 2.895756178 51.846374837059365 QAT 72
-95.68907805 -29.07900186 55.825077668920258 GMB 73
102.4061291 -26.17935668 73.918662026558764 IND 74
-13.2884624 -23.99129016 26.246534814389989 CMR 75
-50.54797348 44.68845653 115.70168529502678 VAT 76
-70.61525518 -51.84719772 25.302870654904186 LBR 77
-48.60874377 -32.72837785 41.300421687918899 GHA 78
63.41030796 87.94037755 31.367036140219717 ROU 79
104.6276444 94.66385756 26.866966248128421 UKR 80
13.87892213 -64.41722377 76.567267362310048 BDI 81
58.4509759 -35.83669864 33.190077764145322 KEN 82
-67.40340631 -22.60778499 25.611077762325817 GIN 83
38.68859553 -77.89658129 50.247879156700158 MWI 84
0.4442245935 109.8900704 34.602062231627954 SVN 85
14.6377356 -95.49022164 29.537729546485483 LSO 86
-60.90252453 -43.52409873 32.133102598504621 CIV 87
69.24622718 -17.18116295 18.15303985978268 SOM 88
20.08590107 -8.174402121 14.116972684234538 SSD 89
179.8872385 -54.49030074 32.254957804817671 TLS 90
-34.65902983 112.5746115 53.043217378827713 LIE 91
-69.67331826 126.7614833 66.25000983482235 BEL 92
-16.30513615 -36.56543344 14.282735382207104 COG 93
37.74255599 -59.25416415 29.431286931659752 TZA 94
19.30883332 117.0812453 39.314959185470592 CZE 95
147.3100375 -52.59852688 34.465743662657282 MYS 96
53.28456806 100.2406761 36.650220870193635 SVK 97
44.54364288 -22.77036444 52.493069628779978 UGA 98
168.7346857 85.77330327 49.698362317631073 PRK 99
-43.31845393 134.7281362 53.777719491839861 LUX 100
-34.09311782 -9.810379372 37.181565213916137 BEN 101
26.39342672 38.47622385 30.19449566864866 GRC 102
-55.12807532 99.19485069 50.310298906426482 CHE 103
-70.06998845 -9.239241572 32.400579122170356 SEN 104
54.9602556 0.8910879232 38.098737133147701 JOR 105
-33.12256394 162.0388919 77.138977564123607 NLD 106
83.85115015 -3.139933998 13.078350216409746 OMN 107
-9.642173567 63.83563288 47.585307427602821 ITA 108
179.7434538 14.28219804 19.406415909645048 LAO 109
85.93119308 68.68867567 33.308066325960112 ARM 110
75.51422514 -215.2416525 454.27700509530524 MCO 111
77.18052028 6.376621947 39.034563641451086 ARE 112
57.24790196 32.50018661 100.72191597272028 PSE 113
105.0365399 104.8724574 17.221485723821072 SWE 114
74.72629624 97.26299853 34.465743662657282 MDA 115
-80.86311381 60.97569916 32.881326144031945 ESP 116
-14.31637801 -6.40566043 52.865418384560847 NGA 117
11.49973203 38.96178252 34.283142411464119 ALB 118
29.28538159 -111.2536077 28.289469405125189 SWZ 119
87.10081407 92.73648215 24.706687068839141 GEO 120
-11.45685542 7.4365906 6.6285529456622623 LBY 121
172.9367141 -65.09429729 16.090950024469048 PNG 122
68.81103731 113.0608342 39.034563641451086 POL 123
-14.96368697 111.8805848 35.142049008662916 AUT 124
225.2680207 -146.8644931 284.83502099345412 HKG 125
95.50716174 122.8480643 18.7483789493274 EST 126
95.83480389 96.76515415 13.078350216409746 NOR 127
8.59031456 51.38787104 23.030218800419412 MNE 128
85.05493404 44.05437773 34.533970209790922 IRQ 129
-79.29620493 -19.47946852 29.484556272860946 GNB 130
-46.49189126 0.4785496719 14.715643465829876 MLI 131
107.9079582 87.35234238 9.1196390321201388 KAZ 132
