33.41158606 108.6936493 7.26478614836657 HRV 0
189.1026572 127.7664134 21.5161282192423 UZB 1
67.39939262 111.3440969 9.38340263183605 BGR 2
-151.1626019 17.86065735 2.78091003046154 ESH 3
-51.49437578 -120.9336318 4.75110258973248 GNQ 4
49.60672379 108.885332 9.70142854380077 SRB 5
-154.9602692 -61.75029342 17.4960778129505 BFA 6
-164.412111 -114.3262402 10.9175773812731 TGO 7
168.2711883 107.6691154 9.26197213012298 TKM 8
147.4673777 186.3076398 4.90853881955436 LVA 9
11.99378528 162.4690956 33.1148989002288 DEU 10
361.5886135 -143.6875434 30.7455589457912 THA 11
153.4103773 120.7374268 11.7084672526706 AZE 12
357.5888696 35.78413966 137.001467562511 CHN 13
-46.21755616 -130.8699078 5.66388031797865 GAB 14
181.5590343 -9.902108649 56.2678225739818 PAK 15
61.33545164 -181.7672858 13.6221193857483 RWA 16
71.24881309 31.8463816 17.4869155719201 SYR 17
12.28332005 -203.1512023 16.4562302340599 ZMB 18
-20.3144766 187.3376322 8.82149645560949 DNK 19
127.2640572 -123.2055775 20.1683826896769 NPL 20
-59.80852716 1.412018256 12.8069873465642 TUN 21
200.7548459 -192.3919755 47.717915852838 BGD 22
218.0892909 126.6689116 9.41677497477506 KGZ 23
-11.94206767 6.430329205 38.522091351121 EGY 24
-109.4108156 -3.960172393 24.5034833824226 DZA 25
-109.0971659 -47.51366478 18.9243990042205 NER 26
206.0778429 74.09302005 23.5817709573576 AFG 27
124.5710762 -83.31107515 21.2964669267229 YEM 28
-131.0669142 72.63649258 11.6151945049113 PRT 29
-0.4020406423 -140.8138286 36.692295729143 COD 30
100.9324944 -23.79293069 7.53300355320557 KWT 31
-81.76125892 46.15805705 0.655466780136348 GIB 32
406.4165253 -146.0793221 14.9359881387502 KHM 33
363.8569571 -237.2253387 60.4468481004054 IDN 34
212.7355641 107.2005559 11.5560372847035 TJK 35
-217.1453763 -45.36086615 10.7580641096212 SLE 36
88.19702199 76.71382269 33.6124156938241 TUR 37
139.6567091 172.0473738 11.1823404773063 BLR 38
65.45087794 130.9472958 11.5634116280348 HUN 39
58.33232342 97.6653272 5.23983120054918 MKD 40
331.4446397 -94.02944663 2.44138418869706 BRN 41
-11.23176191 -245.1558482 28.202366304227 ZAF 42
-67.2650186 -60.09281666 15.5127137965602 TCD 43
-30.24255206 79.15272338 0.665789726697101 SMR 44
-50.22679815 98.9790324 29.1983291432937 FRA 45
77.57741435 -234.9573145 21.1250982912299 MOZ 46
32.73171054 -62.9101141 40.8138417901053 ETH 47
38.9725436 -18.35063125 7.02521625595351 ERI 48
-57.83448114 64.19202024 1.02812580663283 AND 49
40.5525036 96.55849446 6.50191412896388 BIH 50
-25.90472842 -189.8580501 21.9763370027021 AGO 51
165.7656834 204.6235416 8.54464513341348 FIN 52
-28.70832725 -52.60936307 25.16690586443 SDN 53
252.8513633 -99.50459441 3.21960212416811 BTN 54
309.5321849 -160.3434736 26.8055347304248 MMR 55
264.2000892 152.9059161 6.73681220547259 MNG 56
323.1235029 184.6903321 26.1103735538121 KOR 57
-24.49445134 -96.74727664 8.69496520495935 CAF 58
34.05845744 13.14949425 10.9901078112347 ISR 59
290.1331606 -104.4530744 3.04431887008312 MAC 60
438.1521105 -109.2490306 36.0763905689867 VNM 61
-129.9559368 40.56696504 22.3198114448932 MAR 62
44.10387586 29.83618628 8.39569516466893 LBN 63
81.11856151 -4.253573553 22.0548620613619 SAU 64
152.0536393 69.62173033 34.2634746076466 IRN 65
48.43377158 -23.7585302 3.86810917160554 DJI 66
134.8151185 187.5562557 5.98242585090247 LTU 67
222.4019533 178.9862859 43.6079564890682 RUS 68
26.01028949 -229.5792341 14.8124258994437 ZWE 69
-162.4232704 3.013705607 8.00141786870558 MRT 70
-7.90982304 -211.709674 5.93492963383333 BWA 71
98.17890066 -54.24049967 5.98014552840648 QAT 72
-217.7303937 -29.60426931 6.04254084455702 GMB 73
166.118003 -362.4973314 137.143434927032 IND 74
-50.77431931 -93.65406592 19.4204229144873 CMR 75
-23.85507756 42.24647601 0.0825810520430966 VAT 76
-215.1025918 -63.29845156 8.44590619397686 LBR 77
-185.0630326 -92.3452687 21.1950347322684 GHA 78
90.59029957 123.3061442 16.1831473113787 ROU 79
118.4755537 146.4609076 21.9944830533625 UKR 80
35.13437167 -182.9119772 13.2018668343084 BDI 81
83.34938463 -101.8965051 26.9335793947252 KEN 82
-197.880909 -24.5533462 13.6683491372784 GIN 83
53.37869162 -209.1251136 16.6004347833366 MWI 84
51.96847679 122.739228 5.28260604253058 SVN 85
32.51506692 -207.2802714 5.53908982363477 LSO 86
-188.8228899 -54.31652933 19.4966501044575 CIV 87
81.88585132 -39.90566002 15.4552374897034 SOM 88
-4.854475918 -95.31832376 12.0825420653582 SSD 89
392.5756355 -183.4721198 4.23263138263217 TLS 90
35.6451448 123.6217497 0.719924921014262 LIE 91
-55.89514744 137.5491578 12.4036630207228 BEL 92
-38.23281116 -118.2722508 8.96641622475248 COG 93
100.8858939 -191.3360764 29.7966580416393 TZA 94
54.50462569 150.18677 11.7546810506177 CZE 95
321.2555184 -115.3943463 21.2528719037786 MYS 96
77.37824598 145.7593052 8.73487390815811 SVK 97
57.60905726 -144.3177853 25.2903039349472 UGA 98
281.7549901 168.8912699 18.5585182982406 PRK 99
-34.38619118 126.4788363 2.935985782982 LUX 100
-152.4143874 -91.09083187 13.4363711296691 BEN 101
42.36158147 74.06900824 11.668208793352 GRC 102
19.509438 121.6774589 10.7615500425562 CHE 103
-195.2103304 2.496192839 15.2924411827618 SEN 104
48.93837753 -3.257909283 12.2169728495293 JOR 105
-68.35073089 160.252471 15.2298805275812 NLD 106
111.2069873 -57.61807151 7.81951430611768 OMN 107
7.050202591 85.38522899 27.8397371986751 ITA 108
394.7424775 -123.7319794 10.0250131978466 LAO 109
137.9831174 113.9359056 6.04761742585862 ARM 110
-19.09154426 78.5384594 0.690922651935891 MCO 111
107.2118413 -40.19948339 11.1933125229325 ARE 112
52.07216379 15.95701674 8.40908705468145 PSE 113
151.1216826 217.1721336 11.8200576570984 SWE 114
120.0621386 115.9225092 6.7256677607774 MDA 115
-95.87165527 69.42588323 25.0122452345033 ESP 116
-105.8101892 -135.3801395 54.2812611062592 NGA 117
50.74070325 88.63933098 6.10653237901724 ALB 118
48.61073204 -234.7886368 3.9921768091913 SWZ 119
136.6378137 126.1336387 7.00577463501729 GEO 120
-61.37655466 -20.94173812 9.52299542275068 LBY 121
395.9529784 -168.9386847 11.661777933995 PNG 122
94.27019611 181.266422 23.2405147969767 POL 123
41.16791698 133.3273627 10.8602717994275 AUT 124
375.5954832 -101.0656195 9.93138011326245 HKG 125
154.6469175 191.1514296 4.17340813003173 EST 126
145.3500182 198.7705738 8.48939641519723 NOR 127
50.1969638 97.07746943 2.87139911180289 MNE 128
111.9346691 26.58119868 24.4761935431549 IRQ 129
-215.0557194 -19.24176379 5.32119388953018 GNB 130
-148.1802091 -20.91073742 17.5120515220135 MLI 131
167.1985194 155.4817122 16.066419048916 KAZ 132
