-44.86765992 -1.298664108 4.74725428217579 ECU 0
-14.56588807 14.98533132 0.878651398847461 SUR 1
-14.58020602 -2.214788674 16.3745769278543 BRA 2
-26.39894556 -29.26065186 7.53058728595709 ARG 3
-55.22525153 18.55585431 2.95461664514993 NIC 4
-65.84244953 30.96057889 0.713379105238484 BLZ 5
-29.35646335 -16.01851696 3.91767191724312 BOL 6
-60.81407769 22.0252139 3.6227725255448 HND 7
-23.38083834 -19.29872676 2.9155880831169 PRY 8
-77.74725766 108.7508975 6.931528392866 CAN 9
-17.9831431 -24.64879932 2.05929615340227 URY 10
-65.99691727 18.21746447 2.80817644690301 SLV 11
-77.65507403 40.53233047 12.6152430314164 MEX 12
-53.37359521 13.37898385 2.54112452450061 CRI 13
-48.6649838 12.03374262 2.35281899672055 PAN 14
-68.18544527 25.99060604 4.73439439009603 GTM 15
-23.00256419 18.40108208 5.97731444764312 VEN 16
-36.19731497 -21.60179823 4.93145127910665 CHL 17
-38.09672625 -10.30278388 6.52378291896375 PER 18
-77.34578364 77.55606406 20.523724091066 USA 19
-36.55267049 8.348771356 8.03298559480558 COL 20
-13.0653143 14.97802564 0.622074568783537 GUF 21
-16.35392644 15.57410388 1.00408824701442 GUY 22
