60.48839589 94.71292873 12.557061120706921 HRV 0
182.5473077 71.19983891 37.190267079057826 UZB 1
86.16960482 79.11430793 16.219054210516582 BGR 2
-138.4210483 56.90262538 4.8067563876665504 ESH 3
-58.92807138 -91.50634262 8.2122012116535252 GNQ 4
76.25324419 90.74707582 16.768756670155742 SRB 5
-143.7225635 -17.28002077 30.241677316167273 BFA 6
-153.0620842 -65.32165947 18.870849556599598 TGO 7
161.6071717 58.11751338 16.009163623128554 TKM 8
158.3217702 158.3635234 8.4843270967260729 LVA 9
23.43004842 146.306973 57.238547839388026 DEU 10
230.5792616 -178.5915932 53.143183431408069 THA 11
156.7111265 73.69750603 20.237889446289813 AZE 12
293.089827 -6.940213121 236.80474093456917 CHN 13
-59.62174154 -99.75971561 9.789922219419763 GAB 14
190.0615179 -116.8903134 97.25798843362314 PAK 15
31.0526609 -161.5527493 23.545605091055275 RWA 16
82.20239248 4.297037345 30.225840536078788 SYR 17
-10.3685036 -180.8779731 28.444318200884272 ZMB 18
17.87181704 179.0118121 15.2478088008267 DNK 19
105.8556688 -124.2039344 34.860711515510097 NPL 20
-48.20064948 28.20286093 22.136663020574257 TUN 21
167.0184526 -196.5715396 82.479617937764189 BGD 22
208.7759262 74.61297447 16.276737746062985 KGZ 23
-8.263741971 15.69661111 66.584789381892961 EGY 24
-101.3136788 29.30301629 42.35386041920701 DZA 25
-90.78980113 -19.66558446 32.710506560757047 NER 26
171.7631499 20.27965481 40.760695937709116 AFG 27
104.848706 -87.93016383 36.810586215824081 YEM 28
-115.3356137 88.49680669 20.076669064768613 PRT 29
-29.14653283 -136.1246937 63.422018311371339 COD 30
111.7697964 -50.48949765 13.020670410425378 KWT 31
-72.35171606 59.83894112 1.1329633457435904 GIB 32
305.7107707 -167.0777448 25.816605213989654 KHM 33
268.2652673 -240.1569526 104.48136402769953 IDN 34
190.4942318 46.70437686 19.974416800942763 TJK 35
-209.2692537 -4.784801302 18.595133539528913 SLE 36
95.73259009 46.856675 58.098497280179103 TUR 37
151.03904 137.7183918 19.3284881314313 BLR 38
88.34158951 106.3442216 19.987163229818361 HUN 39
68.91572245 68.82808734 9.0569604257762002 MKD 40
280.3573198 -137.8847403 4.2198916596449774 BRN 41
-29.31492963 -220.6046474 48.747317566996678 ZAF 42
-41.80333279 -46.99195266 26.813465849264972 TCD 43
-22.25147717 86.56449467 1.1508063858912092 SMR 44
-44.37724876 98.29221331 50.468822644874962 FRA 45
45.75656807 -212.8257987 36.514378401015769 MOZ 46
27.71582525 -79.34470896 70.546041612587103 ETH 47
45.38064803 -46.00702926 12.142968576167476 ERI 48
-45.687775 73.57885558 1.7770982283583625 AND 49
64.72618262 83.96729455 11.238449618691737 BIH 50
-71.54092081 -155.6019452 37.985730249503682 AGO 51
179.1435759 169.3676029 14.769275929636084 FIN 52
-8.565434862 -42.11330553 43.500575062320337 SDN 53
238.0696837 -122.8303297 5.565028320431276 BTN 54
254.2349615 -139.9148464 46.332917598525327 MMR 55
271.9561193 107.9280505 11.644467007726591 MNG 56
403.8973389 83.36739744 45.13134315363525 KOR 57
-29.97481812 -87.10903758 15.029101654374699 CAF 58
33.40056099 6.568821843 18.996217189388506 ISR 59
253.2236798 -115.2572316 5.2620541529842972 MAC 60
360.1339162 -151.0145883 62.357436562825313 VNM 61
-119.153904 61.84249357 38.579420067195542 MAR 62
40.87086522 19.8819985 14.511818404630572 LBN 63
80.63563495 -62.93517381 38.121459497544961 SAU 64
132.9426033 -1.661409007 59.22384170286221 IRN 65
57.62562175 -60.21595045 6.6859618848297169 DJI 66
151.8621414 151.1183588 10.340522835179389 LTU 67
231.7751765 122.4454239 75.375622048486363 RUS 68
0.2321557942 -203.6919581 25.603029953893035 ZWE 69
-150.3843661 43.65715422 13.83031670550182 MRT 70
-29.02742652 -183.0105769 10.258426419874205 BWA 71
101.4861763 -53.36115686 10.336581335956653 QAT 72
-205.854818 9.586591075 10.444430594358346 GMB 73
124.3532401 -335.0598258 237.05012914518309 IND 74
-48.21506599 -74.86034201 33.567875577731229 CMR 75
-24.04624488 42.82241199 0.14273996463758234 VAT 76
-210.3992964 -22.69720054 14.598607327398124 LBR 77
-167.9591868 -45.05927135 36.635262367418953 GHA 78
107.3730973 95.10875352 27.972298945107518 ROU 79
145.7382007 112.2168576 38.017095393994964 UKR 80
11.76173756 -174.6104191 22.819205598105199 BDI 81
60.19970203 -122.7398195 46.5542406551113 KEN 82
-188.2661337 8.426765411 23.625512441898575 GIN 83
36.86509878 -184.7332053 28.693573347859068 MWI 84
59.81068195 104.5494538 9.130896023358769 SVN 85
5.036981379 -188.1209943 9.5742239410731038 LSO 86
-186.538284 -18.94245993 33.699632998247999 CIV 87
70.98879365 -90.61317992 26.714119015999053 SOM 88
-4.969499946 -105.5871351 20.88447149161146 SSD 89
331.797849 -213.5603928 7.3160324182542684 TLS 90
40.26633207 116.380934 1.2443781621195815 LIE 91
-49.00421647 131.2819275 21.43952368190336 BEL 92
-51.87715351 -108.2670754 15.498300193355377 COG 93
68.4279669 -166.7917596 51.503024119408458 TZA 94
63.55917095 137.4334639 20.317769221632126 CZE 95
275.8777632 -171.3960381 36.735232949191008 MYS 96
93.763609 121.7630719 15.098083179099644 SVK 97
19.73150466 -132.4514805 43.713866559415592 UGA 98
338.6681758 114.8333312 32.078087891570178 PRK 99
-28.56433932 118.2046089 5.0748022272783357 LUX 100
-140.1141556 -42.00893329 23.22454234302446 BEN 101
58.95608723 55.53842158 20.168303373972602 GRC 102
23.32215151 111.5673329 18.601158916192968 CHE 103
-187.6305819 31.40003263 26.432728327444451 SEN 104
54.25395542 -10.1173825 21.116832849381122 JOR 105
-51.64813673 152.9570765 26.324593283299887 NLD 106
121.3105865 -58.24385718 13.515899445744749 OMN 107
18.09624026 66.33916979 48.120519234662289 ITA 108
289.6811301 -141.222712 17.328067322333666 LAO 109
143.8666552 66.95359091 10.453205380069374 ARM 110
-4.81527546 80.52990702 1.1942482260115264 MCO 111
123.5713847 -41.49622789 19.347453128436602 ARE 112
52.98914814 25.4350305 14.534966062107987 PSE 113
166.7803476 182.2820983 20.43077159041167 SWE 114
121.1938384 83.27359839 11.625204021819526 MDA 115
-86.73458407 84.66311859 43.233246755155612 ESP 116
-104.8691711 -86.7049662 93.824250225672941 NGA 117
59.96126302 70.2784726 10.55503888936032 ALB 118
25.05464306 -216.6822842 6.900410717382937 SWZ 119
151.3746104 88.21179108 12.109364060164401 GEO 120
-56.77268821 -8.379743677 16.460338010442232 LBY 121
326.8424682 -168.5686204 20.1571877413366 PNG 122
119.0195262 139.0551454 40.170840382954083 POL 123
60.14772998 117.9302664 18.771797818654669 AUT 124
280.9073523 -127.5597864 17.166224104648915 HKG 125
165.4402331 159.4426674 7.2136660185443509 EST 126
157.8111851 168.9324603 14.673779446007559 NOR 127
60.98745826 77.4553602 4.9631652484305366 MNE 128
95.40870332 -28.26185842 42.306690389331351 IRQ 129
-199.6486215 19.2580898 9.1975944702771741 GNB 130
-138.2779375 18.19229629 30.269287604609637 MLI 131
175.0724461 99.58829312 27.770536099467865 KAZ 132
