1.003003247 89.91509864 28.537990747697954 HRV 0
108.8661478 74.77085491 30.116439969779236 UZB 1
56.62213306 70.35462781 26.454962073330357 BGR 2
-50.33498952 4.407397642 5.010715041841995 ESH 3
-23.16226639 -30.52902546 26.365837860205033 GNQ 4
43.31821077 71.14399163 30.47898970651816 SRB 5
-49.27042068 -9.520930466 31.090669201158288 BFA 6
-34.60669255 -45.39796978 43.502415068040477 TGO 7
96.65527797 69.17233872 12.526787604604987 TKM 8
96.16815827 114.6283268 18.282244620986376 LVA 9
-18.48078784 131.3070336 52.072878208319693 DEU 10
146.3660624 -34.71154041 39.968109165848851 THA 11
95.28877638 81.47011441 37.850803455379669 AZE 12
154.8058437 69.22530405 41.471046144172696 CHN 13
-22.93191416 -42.60481992 10.405531284211813 GAB 14
110.9662807 40.9843584 59.564842129320823 PAK 15
15.62750371 -29.53419259 80.600898744385262 RWA 16
73.55450078 58.76147302 37.933628069635212 SYR 17
-5.139571205 -73.33443295 17.759786582576918 ZMB 18
3.802453211 150.2226053 40.995335909946881 DNK 19
131.5507869 71.62915502 49.508552474614177 NPL 20
-22.74809681 16.61160837 30.19449566864866 TUN 21
136.5794936 1.272912707 122.91581205230848 BGD 22
124.9705574 85.64051115 19.964414229695002 KGZ 23
-0.5758909334 14.180407 35.893126739560699 EGY 24
-31.52499066 10.27382193 14.768864773242742 DZA 25
-23.12116189 6.042369842 15.645952703424003 NER 26
104.1233706 59.94495919 27.128522113639942 AFG 27
76.90451216 -10.56933696 27.243963154759381 YEM 28
-111.5986125 68.2204506 35.673863070504133 PRT 29
-7.065034701 -32.96693224 22.6523670540011 COD 30
90.76411 25.48528881 52.448210139348106 KWT 31
-173.2764562 3.715314402 233.79832081313785 GIB 32
163.0094011 -30.55612353 33.047935450320651 KHM 33
163.6840148 -56.37688659 40.995335909946881 IDN 34
115.9897381 63.74368126 28.838830780073092 TJK 35
-73.89195062 -35.02735961 37.223745108606629 SLE 36
70.19967671 74.73906368 35.297989136289736 TUR 37
95.88423837 105.1972817 23.064262010133788 BLR 38
48.72127647 84.82195555 35.563724298623939 HUN 39
39.96213578 57.93841385 30.658656886243435 MKD 40
174.6159343 -39.14068652 31.241717875899614 BRN 41
4.263998903 -101.2733742 23.800896448749473 ZAF 42
-0.0678012026 -3.029175942 12.836137584002028 TCD 43
-30.39075174 83.28877709 79.847831307310187 SMR 44
-76.34592744 99.54845779 36.671622460846834 FRA 45
29.27475161 -93.49657061 22.126718509430216 MOZ 46
33.20646052 -6.57081503 35.695850045208161 ETH 47
40.42138943 3.647261351 18.7483789493274 ERI 48
-68.81466633 83.23616005 44.022346995388965 AND 49
17.8488946 93.99926954 26.691171778635322 BIH 50
-23.66170296 -56.40400682 18.282244620986376 AGO 51
111.0596244 101.226451 14.392183230905879 FIN 52
11.42812992 1.071639042 17.13012441233149 SDN 53
122.1656831 28.63144636 15.342118873751685 BTN 54
168.0160662 14.82784508 30.837277289131155 MMR 55
130.0708342 97.02046569 5.010715041841995 MNG 56
239.731929 10.77610249 77.676184739690541 KOR 57
-3.023518349 -15.95185224 10.253617564201088 CAF 58
22.88548046 16.54594857 69.430504277759582 ISR 59
359.6317596 -31.55148067 493.32646259444425 MAC 60
175.6863236 -12.59811119 59.893242689085007 VNM 61
-47.85939854 12.04586643 31.040156301507803 MAR 62
19.35441656 70.92501092 77.138977564123607 LBN 63
66.55774886 1.213792433 14.005374311799255 SAU 64
95.69005405 51.976736 24.990862782419555 IRN 65
63.60781865 -9.788421271 23.602276316123458 DJI 66
87.14234181 114.1327696 22.23284246843593 LTU 67
116.9892157 104.1677679 10.02143008368399 RUS 68
3.154171762 -90.64628091 22.126718509430216 ZWE 69
-51.67956776 1.904280265 7.3043095919396075 MRT 70
-8.401674152 -85.73788465 7.3043095919396075 BWA 71
97.1169525 2.891644423 51.846374837059365 QAT 72
-95.68761854 -29.07706601 55.825077668920258 GMB 73
102.4129038 -26.18076598 73.918662026558764 IND 74
-13.28897943 -23.99562274 26.246534814389989 CMR 75
-50.55877643 44.69983922 115.70168529502678 VAT 76
-70.61304782 -51.8458286 25.302870654904186 LBR 77
-48.6096134 -32.73136821 41.300421687918899 GHA 78
63.41230249 87.94009917 31.367036140219717 ROU 79
104.6263818 94.66172038 26.866966248128421 UKR 80
13.88205375 -64.45269551 76.567267362310048 BDI 81
58.41686347 -35.82155917 33.190077764145322 KEN 82
-67.40340631 -22.60778499 25.611077762325817 GIN 83
38.73006564 -77.82671432 50.247879156700158 MWI 84
0.4442245935 109.8900704 34.602062231627954 SVN 85
14.6377356 -95.49022164 29.537729546485483 LSO 86
-60.90212825 -43.52432307 32.133102598504621 CIV 87
69.24622718 -17.18116295 18.15303985978268 SOM 88
20.06210115 -8.141824296 14.116972684234538 SSD 89
179.884915 -54.4898441 32.254957804817671 TLS 90
-34.6551538 112.5693574 53.043217378827713 LIE 91
-69.67331826 126.7614833 66.25000983482235 BEL 92
-16.31390269 -36.57656916 14.282735382207104 COG 93
37.74255599 -59.25416415 29.431286931659752 TZA 94
19.30883332 117.0812453 39.314959185470592 CZE 95
147.3100375 -52.59852688 34.465743662657282 MYS 96
53.28456806 100.2406761 36.650220870193635 SVK 97
44.46209065 -22.76407309 52.493069628779978 UGA 98
168.7346857 85.77330327 49.698362317631073 PRK 99
-43.31336694 134.7232722 53.777719491839861 LUX 100
-34.07101033 -9.795887792 37.181565213916137 BEN 101
26.38146965 38.46300237 30.19449566864866 GRC 102
-55.12807532 99.19485069 50.310298906426482 CHE 103
-70.06953023 -9.242735929 32.400579122170356 SEN 104
54.9602556 0.8910879232 38.098737133147701 JOR 105
-33.12535332 162.0355507 77.138977564123607 NLD 106
83.85115015 -3.139933998 13.078350216409746 OMN 107
-9.642173567 63.83563288 47.585307427602821 ITA 108
179.7434538 14.28219804 19.406415909645048 LAO 109
85.92986482 68.68466709 33.308066325960112 ARM 110
75.51422514 -215.2416525 454.27700509530524 MCO 111
77.18275191 6.373705915 39.034563641451086 ARE 112
57.25498191 32.4571106 100.72191597272028 PSE 113
105.0365399 104.8724574 17.221485723821072 SWE 114
74.7251967 97.26292857 34.465743662657282 MDA 115
-80.86311381 60.97569916 32.881326144031945 ESP 116
-14.30227138 -6.407777642 52.865418384560847 NGA 117
11.50163561 38.96114109 34.283142411464119 ALB 118
29.28538159 -111.2536077 28.289469405125189 SWZ 119
87.09967932 92.73763533 24.706687068839141 GEO 120
-11.45714606 7.438107288 6.6285529456622623 LBY 121
172.9367141 -65.09429729 16.090950024469048 PNG 122
68.81103731 113.0608342 39.034563641451086 POL 123
-14.96368697 111.8805848 35.142049008662916 AUT 124
225.2680207 -146.8644931 284.83502099345412 HKG 125
95.50716174 122.8480643 18.7483789493274 EST 126
95.83480389 96.76515415 13.078350216409746 NOR 127
8.597515548 51.3859979 23.030218800419412 MNE 128
85.05834405 44.05770395 34.533970209790922 IRQ 129
-79.29541052 -19.47730659 29.484556272860946 GNB 130
-46.49189126 0.4785496719 14.715643465829876 MLI 131
107.9082252 87.35186777 9.1196390321201388 KAZ 132
