-0.392777174 5.896822514 0.569539287494723 HRV 0
4.105045515 5.207030985 0.601040764008565 UZB 1
3.192853945 4.050307254 0.527967802048571 BGR 2
-2.597863886 -0.1066546964 0.1 ESH 3
-1.347652651 -2.679171962 0.526189129496229 GNQ 4
1.923008891 6.020946071 0.608276253029821 SRB 5
-3.59717887 -0.5766829385 0.620483682299542 BFA 6
-1.624088554 -4.090308039 0.868187767709264 TGO 7
4.877168679 4.318257298 0.25 TKM 8
5.583868984 6.624682986 0.36486298798316 LVA 9
-0.2856724197 9.595394383 1.03923048454133 DEU 10
8.975115389 -1.426946726 0.797652806677192 THA 11
4.408283411 3.119031967 0.755397246486903 AZE 12
6.658164528 3.633801907 0.827647267862342 CHN 13
-0.702876543 -2.827421785 0.207665596572952 GAB 14
7.486101374 1.801196416 1.18874934279687 PAK 15
2.530056721 -3.481312457 1.60857079421454 RWA 16
2.245474973 1.79281185 0.757050196486335 SYR 17
0.07448025826 -4.849244304 0.354436171968945 ZMB 18
1.162864488 10.43546809 0.818153408597679 DNK 19
6.686551722 5.46521798 0.988053642268473 NPL 20
-1.722906746 0.9186092098 0.602598539659697 TUN 21
7.974865933 -4.679290098 2.45305931440721 BGD 22
5.823305809 4.561202886 0.39843443626273 KGZ 23
-0.6156053178 0.4852957697 0.716327439094718 EGY 24
-2.212807935 -0.04379433237 0.294745653063789 DZA 25
-1.572835802 -0.1680439444 0.312249899919919 NER 26
5.586329527 2.78811598 0.541410195692693 AFG 27
3.519548094 -1.293999178 0.543714079273287 YEM 28
-4.713431748 8.540859508 0.711951543294905 PRT 29
-0.03636310971 -2.848441009 0.452078533000627 COD 30
5.735705822 0.6517853485 1.04672107077291 KWT 31
-11.17464786 1.325352181 4.66596720948614 GIB 32
9.611402837 -0.2156709936 0.659545297913642 KHM 33
10.01363194 -2.547902868 0.818153408597679 IDN 34
5.402803079 3.790357307 0.575543221661065 TJK 35
-5.144401651 -3.220292698 0.742882897905183 SLE 36
3.142741443 2.75770338 0.704450140180269 TUR 37
4.91074057 6.277874421 0.460298815988048 BLR 38
0.7388565402 6.11968886 0.709753478328921 HUN 39
2.346008114 4.632390897 0.611861912526018 MKD 40
11.19327421 -0.4263472852 0.623498195666993 BRN 41
-0.1947529697 -6.347410576 0.474999999999999 ZAF 42
-0.69888869 -0.6776756453 0.25617376914899 TCD 43
-5.484917637 4.765700347 1.59354165304832 SMR 44
-3.433930361 8.780020986 0.731864058415221 FRA 45
0.5313598169 -5.516868261 0.441588043316392 MOZ 46
0.7359640783 0.006898505002 0.712390342438749 ETH 47
1.293960959 0.823930981 0.374165738677394 ERI 48
-6.087253779 8.130112513 0.878564169540279 AND 49
0.8217276957 7.23675641 0.532681893816562 BIH 50
-0.7140604338 -3.414328099 0.36486298798316 AGO 51
5.444582309 5.049752853 0.287228132326901 FIN 52
-0.2411526025 -0.3921764973 0.341869858279433 SDN 53
6.28170451 2.406059451 0.306186217847897 BTN 54
7.991818231 0.2171544789 0.615426681254559 MMR 55
5.584853165 5.385742739 0.1 MNG 56
10.75834154 3.782603167 1.55020159979274 KOR 57
-0.34809316 -1.039678071 0.204633819296811 CAF 58
-3.614362436 2.191763474 1.3856406460551 ISR 59
12.34845888 13.9324178 9.84543041212518 MAC 60
9.896655884 1.462234566 1.19530330878819 VNM 61
-2.775028905 0.5906685942 0.619475584668192 MAR 62
-2.662664207 4.651176545 1.53948043183406 LBN 63
3.480056217 -0.09472549327 0.279508497187473 SAU 64
5.074475574 1.979133834 0.498748433581499 IRN 65
1.690103984 -0.5395301425 0.471036092035419 DJI 66
4.890730849 7.181656318 0.443705983732471 LTU 67
5.372245534 5.596605203 0.2 RUS 68
-0.3190862043 -5.530478686 0.441588043316392 ZWE 69
-2.837413759 -0.1310501673 0.145773797371132 MRT 70
-0.3531779114 -5.002048142 0.145773797371132 BWA 71
4.71687024 -2.138835561 1.03471010432874 QAT 72
-6.273594746 -0.532405101 1.11411399775786 GMB 73
6.886178597 -1.309279106 1.47521184919319 IND 74
-0.5106015884 -1.685699382 0.523808170993923 CMR 75
-8.785938389 7.142273784 2.3090853167434 VAT 76
-4.138013593 -3.965423392 0.504975246918103 LBR 77
-2.604342685 -2.921056009 0.824242076091723 GHA 78
3.006330859 5.532051128 0.625999201277443 ROU 79
3.914455741 6.257332332 0.536190264738177 UKR 80
-1.99601087 -6.218370305 1.52807067899361 BDI 81
2.412736458 -1.397331107 0.662382064974585 KEN 82
-4.543005173 -2.118805735 0.511126207506521 GIN 83
1.951040535 -5.763271794 1.00280855600658 MWI 84
-1.465486182 6.270804392 0.690561365846654 SVN 85
0.08761821602 -7.295771193 0.589491306127578 LSO 86
-3.925217149 -2.954167785 0.641287766919031 CIV 87
2.646389964 -0.5035919124 0.362284418654735 SOM 88
0.07319741295 -0.8582861497 0.281735691739615 SSD 89
11.31342946 -3.162408488 0.643719659479185 TLS 90
-1.803169144 7.811761659 1.058595767987 LIE 91
-2.117219056 11.74001837 1.32216678221773 BEL 92
-0.5395333507 -2.414345769 0.285043856274784 COG 93
0.5231977908 -4.117518789 0.587367006223534 TZA 94
0.8861589928 8.441900006 0.784617741323759 CZE 95
10.29972044 -1.220672422 0.687840824609879 MYS 96
1.922582728 7.531598377 0.731436941916391 SVK 97
0.9056397675 -1.72185053 1.04761634198784 UGA 98
8.186752739 4.335154279 0.991841721243868 PRK 99
-3.840719383 10.39902238 1.07325439668328 LUX 100
-3.459394064 -1.797303768 0.742041103982792 BEN 101
2.262142003 3.54071797 0.602598539659697 GRC 102
-2.127346607 9.642861756 1.00405428140116 CHE 103
-4.656598225 -1.004001248 0.646625857818875 SEN 104
2.243404119 0.4248221568 0.760345316287276 JOR 105
0.376041994 12.40997237 1.53948043183406 NLD 106
3.409554519 -0.5768985729 0.261007662722763 OMN 107
-3.305447209 6.801219329 0.949670995661126 ITA 108
8.854300828 0.487971779 0.387298334620741 LAO 109
4.028127909 1.896427094 0.664736790015413 ARM 110
-6.816089009 19.84138819 9.06611134941543 MCO 111
4.45718784 -0.3848593368 0.779021822544141 ARE 112
-0.006343916584 2.866600192 2.01013059277251 PSE 113
4.894779027 4.888062973 0.343693177121688 SWE 114
2.905343862 6.712215325 0.687840824609879 MDA 115
-4.669526437 7.286330079 0.656220237420332 ESP 116
-1.897116917 -1.363770137 1.05504739230046 NGA 117
1.224617929 4.960652892 0.6841966091702 ALB 118
0.7330857702 -6.479750043 0.564579489531811 SWZ 119
4.097464468 4.220666859 0.4930770730829 GEO 120
-1.123897862 -0.1118315617 0.13228756555323 LBY 121
10.49445095 -3.455518372 0.321130814466628 PNG 122
3.87587773 7.612030047 0.779021822544141 POL 123
-0.2312968459 7.595709555 0.701338006955277 AUT 124
16.88018642 -0.4100746703 5.68451844926198 HKG 125
5.619863396 7.291389669 0.374165738677394 EST 126
4.994117429 5.424104586 0.261007662722763 NOR 127
0.2044770799 5.186784715 0.459619407771255 MNE 128
3.51065614 0.7909134213 0.689202437604508 IRQ 129
-5.530691709 -1.875554028 0.588430114796991 GNB 130
-2.774818023 -0.5222634917 0.293683503111768 MLI 131
5.302304412 4.646117294 0.182002747232013 KAZ 132
