-0.3922269019 5.896843023 0.569539287494723 HRV 0
4.105521429 5.206713189 0.601040764008565 UZB 1
3.192928304 4.050591562 0.527967802048571 BGR 2
-2.597863886 -0.1066546964 0.1 ESH 3
-1.347120567 -2.677416296 0.526189129496229 GNQ 4
1.922905956 6.020988352 0.608276253029821 SRB 5
-3.596524109 -0.5777151858 0.620483682299542 BFA 6
-1.625405319 -4.089933078 0.868187767709264 TGO 7
4.877244282 4.318203862 0.25 TKM 8
5.583868984 6.624682986 0.36486298798316 LVA 9
-0.2855041257 9.595531902 1.03923048454133 DEU 10
8.975115389 -1.426946726 0.797652806677192 THA 11
4.408012548 3.11923742 0.755397246486903 AZE 12
6.658164528 3.633801907 0.827647267862342 CHN 13
-0.7030304255 -2.827092716 0.207665596572952 GAB 14
7.485629437 1.801324463 1.18874934279687 PAK 15
2.526427244 -3.481462821 1.60857079421454 RWA 16
2.243397558 1.793273018 0.757050196486335 SYR 17
0.07448025826 -4.849244304 0.354436171968945 ZMB 18
1.16266323 10.43571251 0.818153408597679 DNK 19
6.68577055 5.464329294 0.988053642268473 NPL 20
-1.722399134 0.9185937359 0.602598539659697 TUN 21
7.974731694 -4.677312548 2.45305931440721 BGD 22
5.822786262 4.560754193 0.39843443626273 KGZ 23
-0.61232318 0.4870426558 0.716327439094718 EGY 24
-2.212807935 -0.04379433237 0.294745653063789 DZA 25
-1.572835802 -0.1680439444 0.312249899919919 NER 26
5.586329527 2.78811598 0.541410195692693 AFG 27
3.519467915 -1.293570055 0.543714079273287 YEM 28
-4.713454362 8.540355994 0.711951543294905 PRT 29
-0.03660823334 -2.848305177 0.452078533000627 COD 30
5.735698882 0.6509898361 1.04672107077291 KWT 31
-11.17457939 1.325964231 4.66596720948614 GIB 32
9.611402837 -0.2156709936 0.659545297913642 KHM 33
10.01418509 -2.5478417 0.818153408597679 IDN 34
5.401670944 3.79078111 0.575543221661065 TJK 35
-5.144099537 -3.220251541 0.742882897905183 SLE 36
3.142503852 2.757201402 0.704450140180269 TUR 37
4.907262176 6.276516979 0.460298815988048 BLR 38
0.7386998089 6.119252741 0.709753478328921 HUN 39
2.344564611 4.63338259 0.611861912526018 MKD 40
11.19376806 -0.4262640162 0.623498195666993 BRN 41
-0.1944193596 -6.346804816 0.474999999999999 ZAF 42
-0.69888869 -0.6776756453 0.25617376914899 TCD 43
-5.483254455 4.765331453 1.59354165304832 SMR 44
-3.434519842 8.780496084 0.731864058415221 FRA 45
0.5313598169 -5.516868261 0.441588043316392 MOZ 46
0.7359640783 0.006898505002 0.712390342438749 ETH 47
1.293960959 0.823930981 0.374165738677394 ERI 48
-6.086516564 8.130411227 0.878564169540279 AND 49
0.8197861156 7.236746123 0.532681893816562 BIH 50
-0.7140604338 -3.414328099 0.36486298798316 AGO 51
5.444669794 5.049502203 0.287228132326901 FIN 52
-0.2413378263 -0.3912312105 0.341869858279433 SDN 53
6.281906163 2.406067867 0.306186217847897 BTN 54
7.992526726 0.2167924155 0.615426681254559 MMR 55
5.584853165 5.385742739 0.1 MNG 56
10.75823031 3.782231387 1.55020159979274 KOR 57
-0.34809316 -1.039678071 0.204633819296811 CAF 58
-3.612132467 2.192854423 1.3856406460551 ISR 59
12.34792409 13.92732936 9.84543041212518 MAC 60
9.895811761 1.46228724 1.19530330878819 VNM 61
-2.780958946 0.5885350718 0.619475584668192 MAR 62
-2.660521662 4.651591254 1.53948043183406 LBN 63
3.480011593 -0.0949144417 0.279508497187473 SAU 64
5.074475574 1.979133834 0.498748433581499 IRN 65
1.690103984 -0.5395301425 0.471036092035419 DJI 66
4.890851991 7.181736638 0.443705983732471 LTU 67
5.372163153 5.596531907 0.2 RUS 68
-0.3191044346 -5.530325862 0.441588043316392 ZWE 69
-2.837426251 -0.13154166 0.145773797371132 MRT 70
-0.3531531933 -5.002166557 0.145773797371132 BWA 71
4.71687024 -2.138835561 1.03471010432874 QAT 72
-6.273321624 -0.5328173769 1.11411399775786 GMB 73
6.887212825 -1.308679771 1.47521184919319 IND 74
-0.5110014905 -1.686112374 0.523808170993923 CMR 75
-8.784619649 7.14228057 2.3090853167434 VAT 76
-4.137953306 -3.965144213 0.504975246918103 LBR 77
-2.605417165 -2.921452358 0.824242076091723 GHA 78
3.004922652 5.532182383 0.625999201277443 ROU 79
3.910921071 6.26057643 0.536190264738177 UKR 80
-1.9947514 -6.217373099 1.52807067899361 BDI 81
2.41087558 -1.396091628 0.662382064974585 KEN 82
-4.542851519 -2.119103434 0.511126207506521 GIN 83
1.949786306 -5.762751647 1.00280855600658 MWI 84
-1.464805646 6.270759258 0.690561365846654 SVN 85
0.08777914314 -7.295623599 0.589491306127578 LSO 86
-3.925583247 -2.954122446 0.641287766919031 CIV 87
2.646343765 -0.5032651962 0.362284418654735 SOM 88
0.07258439305 -0.8573827454 0.281735691739615 SSD 89
11.31306646 -3.162475011 0.643719659479185 TLS 90
-1.803660337 7.81064771 1.058595767987 LIE 91
-2.11725872 11.7372072 1.32216678221773 BEL 92
-0.5394741087 -2.414342169 0.285043856274784 COG 93
0.5231977908 -4.117518789 0.587367006223534 TZA 94
0.8861589928 8.441900006 0.784617741323759 CZE 95
10.29963166 -1.221179346 0.687840824609879 MYS 96
1.920717359 7.530088102 0.731436941916391 SVK 97
0.9044074744 -1.721909866 1.04761634198784 UGA 98
8.186752739 4.335154279 0.991841721243868 PRK 99
-3.840129382 10.39886388 1.07325439668328 LUX 100
-3.459322151 -1.797751857 0.742041103982792 BEN 101
2.263266478 3.540642054 0.602598539659697 GRC 102
-2.127893594 9.640925044 1.00405428140116 CHE 103
-4.655955649 -1.003566846 0.646625857818875 SEN 104
2.244013361 0.4250570324 0.760345316287276 JOR 105
0.3762170622 12.4094656 1.53948043183406 NLD 106
3.409573809 -0.5768359861 0.261007662722763 OMN 107
-3.307115017 6.803124498 0.949670995661126 ITA 108
8.854333126 0.4881609295 0.387298334620741 LAO 109
4.028124528 1.896492824 0.664736790015413 ARM 110
-6.813687855 19.83685655 9.06611134941543 MCO 111
4.457522157 -0.3847553532 0.779021822544141 ARE 112
-0.006355863995 2.86769451 2.01013059277251 PSE 113
4.894874184 4.888182824 0.343693177121688 SWE 114
2.903527019 6.71177452 0.687840824609879 MDA 115
-4.674242548 7.284925266 0.656220237420332 ESP 116
-1.896333874 -1.36267966 1.05504739230046 NGA 117
1.223668656 4.96081704 0.6841966091702 ALB 118
0.7328284769 -6.479789893 0.564579489531811 SWZ 119
4.097084909 4.220989364 0.4930770730829 GEO 120
-1.123897862 -0.1118315617 0.13228756555323 LBY 121
10.49441081 -3.455179866 0.321130814466628 PNG 122
3.875951837 7.612057591 0.779021822544141 POL 123
-0.2325340336 7.595838117 0.701338006955277 AUT 124
16.87769865 -0.4106595191 5.68451844926198 HKG 125
5.61969391 7.291416138 0.374165738677394 EST 126
4.994356586 5.423993223 0.261007662722763 NOR 127
0.2042813299 5.186959469 0.459619407771255 MNE 128
3.510686276 0.7911102673 0.689202437604508 IRQ 129
-5.530717328 -1.875239152 0.588430114796991 GNB 130
-2.774420436 -0.5224833729 0.293683503111768 MLI 131
5.302147942 4.64615114 0.182002747232013 KAZ 132
