56.2950398 97.66621495 7.26478614836657 HRV 0
191.8928362 107.3112937 21.5161282192423 UZB 1
86.37794772 83.01041526 9.38340263183605 BGR 2
-151.1626019 17.86065735 2.78091003046154 ESH 3
-47.2992753 -121.0304921 4.75110258973248 GNQ 4
74.30592473 98.56588207 9.70142854380077 SRB 5
-154.5722117 -55.32089505 17.4960778129505 BFA 6
-164.0405473 -118.2284228 10.9175773812731 TGO 7
170.2084756 81.47629833 9.26197213012298 TKM 8
147.3222312 186.3564927 4.90853881955436 LVA 9
14.47056733 164.3924043 33.1148989002288 DEU 10
264.390374 -168.9415745 30.7455589457912 THA 11
161.754858 99.2320407 11.7084672526706 AZE 12
338.2749315 30.89981093 137.001467562511 CHN 13
-45.55593905 -130.7505587 5.66388031797865 GAB 14
198.4387001 -84.44940215 56.2678225739818 PAK 15
56.35938455 -180.2669148 13.6221193857483 RWA 16
96.3410929 17.1008898 17.4869155719201 SYR 17
12.23901763 -207.7268159 16.4562302340599 ZMB 18
-20.3144766 187.3376322 8.82149645560949 DNK 19
128.1620528 -112.3444164 20.1683826896769 NPL 20
-58.2205466 1.176957679 12.8069873465642 TUN 21
191.8453337 -181.7402442 47.717915852838 BGD 22
221.2859995 107.430775 9.41677497477506 KGZ 23
-9.590794582 8.966751556 38.522091351121 EGY 24
-109.4108156 -3.960172393 24.5034833824226 DZA 25
-95.29161055 -56.20081251 18.9243990042205 NER 26
188.5768871 54.40419007 23.5817709573576 AFG 27
126.5150538 -73.49849802 21.2964669267229 YEM 28
-131.0669142 72.63649258 11.6151945049113 PRT 29
-13.8942513 -165.2771263 36.692295729143 COD 30
135.5508959 -44.82173366 7.53300355320557 KWT 31
-81.76125892 46.15805705 0.655466780136348 GIB 32
345.0683886 -147.6819565 14.9359881387502 KHM 33
342.4396081 -221.5586985 60.4468481004054 IDN 34
208.2699671 80.96980054 11.5560372847035 TJK 35
-217.0925214 -45.63096264 10.7580641096212 SLE 36
119.7369958 58.91728599 33.6124156938241 TUR 37
139.5960127 172.1426999 11.1823404773063 BLR 38
78.01341966 118.162806 11.5634116280348 HUN 39
72.85581656 80.72183207 5.23983120054918 MKD 40
313.9296792 -101.8773772 2.44138418869706 BRN 41
-9.463222729 -243.5831415 28.202366304227 ZAF 42
-55.45908682 -64.80810168 15.5127137965602 TCD 43
-30.41492266 79.37230218 0.665789726697101 SMR 44
-51.67889287 97.61271531 29.1983291432937 FRA 45
76.20939814 -235.9176805 21.1250982912299 MOZ 46
37.46894441 -85.05289515 40.8138417901053 ETH 47
52.78693313 -42.800457 7.02521625595351 ERI 48
-57.83448114 64.19202024 1.02812580663283 AND 49
64.06067467 87.34659268 6.50191412896388 BIH 50
-61.97706875 -192.0185377 21.9763370027021 AGO 51
165.7551981 204.7402274 8.54464513341348 FIN 52
-17.75903675 -57.16780603 25.16690586443 SDN 53
260.2710472 -98.16843944 3.21960212416811 BTN 54
281.5048451 -117.7601469 26.8055347304248 MMR 55
270.7395548 155.9095935 6.73681220547259 MNG 56
360.358426 182.3508282 26.1103735538121 KOR 57
-21.80622756 -112.5392821 8.69496520495935 CAF 58
50.14441903 6.086214558 10.9901078112347 ISR 59
287.5946652 -90.42487783 3.04431887008312 MAC 60
407.6105354 -120.2428204 36.0763905689867 VNM 61
-130.0694086 40.81741487 22.3198114448932 MAR 62
55.4561699 23.47298892 8.39569516466893 LBN 63
89.55844614 -53.93311201 22.0548620613619 SAU 64
163.7749527 6.145395521 34.2634746076466 IRN 65
65.24890964 -53.67082028 3.86810917160554 DJI 66
134.8625424 187.5764048 5.98242585090247 LTU 67
223.9755761 162.4365673 43.6079564890682 RUS 68
30.09885643 -230.9792951 14.8124258994437 ZWE 69
-162.4232704 3.013705607 8.00141786870558 MRT 70
-8.761056818 -209.8834318 5.93492963383333 BWA 71
120.3416838 -48.6785267 5.98014552840648 QAT 72
-217.775503 -29.89127291 6.04254084455702 GMB 73
171.061526 -353.8680039 137.143434927032 IND 74
-43.59948789 -97.66828675 19.4204229144873 CMR 75
-23.85015269 42.24378451 0.0825810520430966 VAT 76
-217.6464726 -63.63457258 8.44590619397686 LBR 77
-179.2796059 -92.25796212 21.1950347322684 GHA 78
101.3136795 101.8245541 16.1831473113787 ROU 79
119.1642373 132.8951963 21.9944830533625 UKR 80
32.11630764 -188.2530327 13.2018668343084 BDI 81
87.31666905 -129.1750826 26.9335793947252 KEN 82
-197.5229951 -25.49159044 13.6683491372784 GIN 83
53.85381346 -208.500632 16.6004347833366 MWI 84
58.16700058 109.2821364 5.28260604253058 SVN 85
33.19719242 -206.1627425 5.53908982363477 LSO 86
-190.4707734 -55.77996471 19.4966501044575 CIV 87
90.5740486 -89.10778475 15.4552374897034 SOM 88
8.837488834 -125.5724569 12.0825420653582 SSD 89
389.3906113 -180.214847 4.23263138263217 TLS 90
35.65386291 123.6251808 0.719924921014262 LIE 91
-57.05970099 136.25869 12.4036630207228 BEL 92
-32.39770828 -126.662503 8.96641622475248 COG 93
97.04760331 -181.9772354 29.7966580416393 TZA 94
55.73044505 147.6520444 11.7546810506177 CZE 95
311.3472346 -151.5348596 21.2528719037786 MYS 96
88.21033966 134.2375324 8.73487390815811 SVK 97
41.31444233 -147.0256951 25.2903039349472 UGA 98
315.8643883 178.308379 18.5585182982406 PRK 99
-34.38619118 126.4788363 2.935985782982 LUX 100
-147.1784793 -83.37174015 13.4363711296691 BEN 101
74.75540843 64.95972572 11.668208793352 GRC 102
18.25133545 122.6963136 10.7615500425562 CHE 103
-194.9045173 1.538282468 15.2924411827618 SEN 104
66.17935581 -8.665472869 12.2169728495293 JOR 105
-68.07773505 159.7241363 15.2298805275812 NLD 106
146.6001102 -54.05261803 7.81951430611768 OMN 107
17.14855409 67.80402113 27.8397371986751 ITA 108
321.0380034 -122.8660426 10.0250131978466 LAO 109
147.1072191 91.30923771 6.04761742585862 ARM 110
-19.00030614 78.52862528 0.690922651935891 MCO 111
150.6917837 -35.51348792 11.1933125229325 ARE 112
70.61024762 27.80686257 8.40908705468145 PSE 113
151.1258679 217.03029 11.8200576570984 SWE 114
125.7188649 105.0052684 6.7256677607774 MDA 115
-95.8183069 69.06084322 25.0122452345033 ESP 116
-104.22221 -130.8448589 54.2812611062592 NGA 117
59.09634289 71.05030544 6.10653237901724 ALB 118
48.58201219 -234.8084113 3.9921768091913 SWZ 119
154.5490487 115.6177467 7.00577463501729 GEO 120
-59.61391819 -35.24139885 9.52299542275068 LBY 121
369.7621838 -144.1556859 11.661777933995 PNG 122
102.6866048 172.8939253 23.2405147969767 POL 123
55.6077562 124.2005612 10.8602717994275 AUT 124
331.8069715 -107.5603918 9.93138011326245 HKG 125
154.5722735 191.2723319 4.17340813003173 EST 126
145.4062723 198.8659561 8.48939641519723 NOR 127
60.33397013 79.37764006 2.87139911180289 MNE 128
114.2384615 -17.94539784 24.4761935431549 IRQ 129
-214.2343087 -19.33223117 5.32119388953018 GNB 130
-147.9816776 -23.1147592 17.5120515220135 MLI 131
173.1405089 137.1484828 16.066419048916 KAZ 132
