40.977863800 130.5743291 8.7971586321948205 HRV 0
236.949476900 146.8360502 26.0545581424824988 UZB 1
83.643413720 131.3951007 11.3626581397136004 BGR 2
-171.899440996 17.1464686 3.3674916480965500 ESH 3
-81.374337210 -147.2161338 5.7532599454570104 GNQ 4
61.175842180 129.3317732 11.7477657450256991 SRB 5
-163.913145576 -48.30931003 21.1865523386887986 BFA 6
-181.744826123 -77.759548922 13.2204387219184003 TGO 7
199.864561400 143.037404818 11.2156141160438008 TKM 8
172.242169617 223.976168789 5.9439044406854196 LVA 9
-9.955825264 184.97247081 40.0998753115268016 DEU 10
532.770836100 -142.1485945 37.2307668467894999 THA 11
162.682110600 136.1962862 14.1781522068285994 AZE 12
453.563995700 81.22360478 165.8993972261509953 CHN 13
-69.170119160 -145.9187111 6.8585712797929004 GAB 14
242.429792700 -4.154868569 68.1364806839919055 PAK 15
42.711471540 -201.2536401 16.4954539191863994 RWA 16
92.384623643 31.383889014 21.1754574921063004 SYR 17
5.883184748 -238.4747718 19.9273681152328983 ZMB 18
-0.154562610 234.452878398 10.6822282319748005 DNK 19
320.870340400 -48.98824317 24.4225305814117988 NPL 20
-92.411233705 -18.717242212 15.5083848288594996 TUN 21
511.666457300 -232.1657912 57.7831290256940022 BGD 22
269.676085500 162.8884143 11.4030697621297996 KGZ 23
-17.685125180 3.956974992 46.6476151587623988 EGY 24
-135.155570400 -6.546367654 29.6720407117542990 DZA 25
-120.576729725 -57.024608128 22.9161515093612991 NER 26
260.952233200 98.60594322 28.5559100712969993 AFG 27
174.268290744 -82.669174419 25.7885633566510002 YEM 28
-158.655570837 83.993450452 14.0652052953377993 PRT 29
-9.987932526 -170.3645224 44.4318579399961990 COD 30
156.251528654 -6.334916202 9.1219515455849596 KWT 31
-125.205873400 53.40805636 0.7937253933193770 GIB 32
529.724778300 -88.40525604 18.0864590232582003 KHM 33
644.652796500 -255.8230683 73.1969944738170994 IDN 34
275.268942264 138.098073305 13.9935699519457994 TJK 35
-258.017914611 -25.869032513 13.0272790712412991 SLE 36
112.584940500 89.80965101 40.7023340854059015 TUR 37
177.358808010 205.337155925 13.5410487038486007 BLR 38
72.096495132 153.304032698 14.0024997768255997 HUN 39
73.651486260 116.7601063 6.3450768316861197 MKD 40
607.289024800 -156.2871201 2.9563490998189002 BRN 41
-16.192249900 -314.49353554 34.1511346810029011 ZAF 42
-80.948494700 -75.77616783 18.7848343085586009 TCD 43
-4.234961640 136.709934612 0.8062257748298550 SMR 44
-60.655472520 121.5026028 35.3571774891604989 FRA 45
43.175536079 -306.581885 25.5810476720559983 MOZ 46
100.638282100 -91.6620036 49.4227680325575989 ETH 47
24.082178238 -59.278472731 8.5070558949615496 ERI 48
-85.897771806 94.814269946 1.2449899597988701 AND 49
47.607960850 115.602108229 7.8733728477698799 BIH 50
-40.944072220 -232.1824393 26.6118394704311996 AGO 51
190.365992093 249.992993552 10.3469802357983003 FIN 52
-31.875139410 -70.70463253 30.4753999153415016 SDN 53
375.010760434 -69.55761006 3.8987177379235800 BTN 54
467.085822100 -121.8384474 32.4596672811044016 MMR 55
282.642211501 176.898140086 8.1578183358052296 MNG 56
363.082072777 252.106863941 31.6178746913830011 KOR 57
-47.990964880 -116.5663103 10.5290075505718992 CAF 58
40.483161830 18.91409919 13.3082681067071995 ISR 59
547.142554468 -59.585927873 3.6864617182333599 MAC 60
589.717530200 -77.489573781 43.6860389598325014 VNM 61
-157.819100207 43.973873991 27.0277635034791999 MAR 62
49.033954234 40.544803388 10.1666120217110993 LBN 63
122.553675600 -18.64721985 26.7069279401430997 SAU 64
192.564387200 90.71244891 41.4907218544097987 IRN 65
33.830667903 -67.71039342 4.6840153714521504 DJI 66
160.701338404 217.653684042 7.2443081105099303 LTU 67
249.130342600 227.0820468 52.8062496301336992 RUS 68
14.711964468 -274.307899399 17.9368336113149986 ZWE 69
-184.899782062 18.146415664 9.6891692110314604 MRT 70
-10.214683183 -271.305232506 7.1867934435323804 BWA 71
145.025171908 -43.384029438 7.2415467960926696 QAT 72
-240.606064148 17.918571297 7.3171032519706802 GMB 73
293.639604800 -232.3483449 166.0713099845970078 IND 74
-81.084333250 -118.1471245 23.5168025037419000 CMR 75
-5.166448398 73.808332966 0.1000000000000000 VAT 76
-240.816436694 -41.459333658 10.2274141404364993 LBR 77
-214.660978224 -97.695216025 25.6657359138599013 GHA 78
107.911266432 149.380595884 19.5966833928601005 ROU 79
150.619710552 175.148192516 26.6338130953868983 UKR 80
41.255772850 -233.6024185 15.9865568525558999 BDI 81
21.521083150 -102.3243658 32.6147206028198013 KEN 82
-230.645624789 -16.765426208 16.5514349831064003 GIN 83
58.160964160 -264.6211504 20.1019899512461002 MWI 84
47.118868778 144.603142181 6.3968742366877898 SVN 85
17.060321388 -337.224484506 6.7074585350935996 LSO 86
-207.962053192 -49.772302621 23.6091084117974006 CIV 87
49.099857190 -49.94403606 18.7152344361485987 SOM 88
-23.000366580 -113.8250431 14.6311311934518002 SSD 89
709.592901200 -298.47219436 5.1254268114958004 TLS 90
39.356777074 152.505972903 0.8717797887081340 LIE 91
-62.952493766 170.758521847 15.0199866844147998 BEL 92
-53.505898540 -138.7028934 10.8577161502776001 COG 93
90.284230090 -220.0810021 36.0817128196542001 TZA 94
65.937050310 183.9775222 14.2341139520520006 CZE 95
586.114893200 -175.5081312 25.7357727686581015 MYS 96
87.674372165 172.151087662 10.5773342577418994 SVK 97
62.229978360 -159.432203 30.6248265301208988 UGA 98
322.765084163 216.185337291 22.4730950249403989 PRK 99
-47.040596640 161.258272635 3.5552777669262401 LUX 100
-151.218664980 -82.47398583 16.2705254985818009 BEN 101
58.859105430 86.168112642 14.1294019689440002 GRC 102
26.514531780 148.1272913 13.0315002973564003 CHE 103
-215.124731489 14.688591581 18.5180992545131993 SEN 104
71.267771626 2.921030353 14.7939176690963006 JOR 105
-64.085106746 204.097345365 18.4423425843898983 NLD 106
174.499573164 -47.386329642 9.4688964510126503 OMN 107
8.567012090 104.7059468 33.7120156620751033 ITA 108
500.593834000 -92.47913228 12.1396046064112006 LAO 109
151.606562700 117.9525925 7.3232506443518703 ARM 110
-27.423920090 107.340644755 0.8366600265340760 MCO 111
160.286130771 -30.028475697 13.5543350998859005 ARE 112
62.315174330 25.69028134 10.1828286836221995 PSE 113
177.679333432 270.860139976 14.3132805464016997 SWE 114
134.574968062 144.5660028 8.1443231762989292 MDA 115
-114.696160100 81.95686638 30.2881164815509010 ESP 116
-155.148316885 -164.482241905 65.7308907592160949 NGA 117
65.464530730 106.1893841 7.3945926189344497 ALB 118
20.874365498 -326.516485188 4.8342527861087303 SWZ 119
141.028970800 129.6842166 8.4835134231048404 GEO 120
-87.096663022 -45.090432323 11.5316954521006991 LBY 121
730.990245837 -258.993981353 14.1216146385603007 PNG 122
106.447243925 205.51177304 28.1426722256433983 POL 123
47.463372810 163.8653358 13.1510455858079993 AUT 124
432.707363611 -95.19971076 12.0262213516965009 HKG 125
177.281955447 233.761172273 5.0537115073973000 EST 126
169.948838034 247.592998566 10.2800778207171000 NOR 127
58.693030080 114.470454839 3.4770677301427400 MNE 128
147.927346200 31.18485555 29.6389945848370999 IRQ 129
-237.993087009 4.68933901 6.4436014774348100 GNB 130
-185.715637200 -12.048697015 21.2058954067023997 MLI 131
202.396836900 174.5389053 19.4553334589773002 KAZ 132