-2.028191415 91.96368748 12.557061120706921 HRV 0
109.4932567 90.10993267 37.190267079057826 UZB 1
15.29403579 67.66250151 16.219054210516582 BGR 2
-101.9183849 39.86040957 4.8067563876665504 ESH 3
-50.87456879 -63.36145203 8.2122012116535252 GNQ 4
9.098128984 76.84652079 16.768756670155742 SRB 5
-98.37658716 12.51191776 30.241677316167273 BFA 6
-86.62162641 -34.1343191 18.870849556599598 TGO 7
87.11112315 75.01161775 16.009163623128554 TKM 8
79.55542091 161.7956571 8.4843270967260729 LVA 9
-23.96102277 128.5612854 57.238547839388026 DEU 10
212.8841589 -68.92067129 53.143183431408069 THA 11
91.68968878 97.52756219 20.237889446289813 AZE 12
215.8237164 59.36791197 236.80474093456917 CHN 13
-50.25039047 -69.55314706 9.789922219419763 GAB 14
127.5172525 -9.829230561 97.25798843362314 PAK 15
10.75483016 -71.6959086 23.545605091055275 RWA 16
39.31286441 46.4794684 30.225840536078788 SYR 17
-2.273569792 -101.0380133 28.444318200884272 ZMB 18
-4.867365863 143.6629288 15.2478088008267 DNK 19
170.6615116 -20.31150569 34.860711515510097 NPL 20
-41.10216388 51.08248813 22.136663020574257 TUN 21
168.0642042 -60.81096066 82.479617937764189 BGD 22
126.0164699 83.08038043 16.276737746062985 KGZ 23
-5.637207419 29.65978011 66.584789381892961 EGY 24
-73.23397182 49.38585806 42.35386041920701 DZA 25
-52.00173133 35.78599692 32.710506560757047 NER 26
109.0015686 50.73319723 40.760695937709116 AFG 27
76.67359865 -21.91257431 36.810586215824081 YEM 28
-92.33085089 72.82721897 20.076669064768613 PRT 29
-18.30027288 -74.67488473 63.422018311371339 COD 30
78.37319207 3.22864368 13.020670410425378 KWT 31
-65.33470719 62.41818687 1.1329633457435904 GIB 32
238.5327197 -75.69312455 25.816605213989654 KHM 33
227.5142583 -143.9151047 104.48136402769953 IDN 34
120.983748 71.93112681 19.974416800942763 TJK 35
-141.1223684 -19.89099011 18.595133539528913 SLE 36
38.76913487 76.13950513 58.098497280179103 TUR 37
78.39175431 145.9358027 19.3284881314313 BLR 38
23.68730751 110.4539243 19.987163229818361 HUN 39
6.715993003 66.18979102 9.0569604257762002 MKD 40
229.1784856 -55.8935922 4.2198916596449774 BRN 41
-11.46421318 -134.8456083 48.747317566996678 ZAF 42
-11.72276902 -1.112568267 26.813465849264972 TCD 43
-22.67154239 85.73047061 1.1508063858912092 SMR 44
-50.22532705 101.5210572 50.468822644874962 FRA 45
26.66501347 -121.4087136 36.514378401015769 MOZ 46
42.73647443 -34.2003773 70.546041612587103 ETH 47
45.74317626 -6.517600497 12.142968576167476 ERI 48
-43.21524788 69.42140608 1.7770982283583625 AND 49
2.074636319 83.12877803 11.238449618691737 BIH 50
-23.87032 -108.4460202 37.985730249503682 AGO 51
93.2842827 167.2130511 14.769275929636084 FIN 52
12.38764887 -2.770880691 43.500575062320337 SDN 53
183.7304326 -16.55681211 5.565028320431276 BTN 54
220.3558901 -36.35866084 46.332917598525327 MMR 55
187.7280762 137.939835 11.644467007726591 MNG 56
311.4326166 71.78119485 45.13134315363525 KOR 57
-23.93655672 -41.13227446 15.029101654374699 CAF 58
23.09578019 30.35958712 18.996217189388506 ISR 59
229.7945167 -21.82674347 5.2620541529842972 MAC 60
259.9813363 -55.27643034 62.357436562825313 VNM 61
-99.96677908 54.29981971 38.579420067195542 MAR 62
20.00838632 44.44252708 14.511818404630572 LBN 63
61.84821654 -1.460741813 38.121459497544961 SAU 64
86.01474211 26.25652356 59.22384170286221 IRN 65
61.70314075 -16.50792569 6.6859618848297169 DJI 66
76.47296429 155.7134958 10.340522835179389 LTU 67
161.999394 151.8002861 75.375622048486363 RUS 68
6.185320423 -117.0976944 25.603029953893035 ZWE 69
-107.7308587 29.39673154 13.83031670550182 MRT 70
-5.522723578 -113.6271517 10.258426419874205 BWA 71
78.65254831 -4.793189333 10.336581335956653 QAT 72
-143.1793379 2.1266446 10.444430594358346 GMB 73
112.8980474 -153.1063155 237.05012914518309 IND 74
-48.06752593 -49.32469444 33.567875577731229 CMR 75
-24.09171931 42.99250622 0.14273996463758234 VAT 76
-132.3623494 -38.50849795 14.598607327398124 LBR 77
-100.4681956 -21.65404547 36.635262367418953 GHA 78
38.85911681 105.0461149 27.972298945107518 ROU 79
79.40908275 126.544339 38.017095393994964 UKR 80
7.93646802 -87.00987856 22.819205598105199 BDI 81
64.01818307 -67.27133722 46.5542406551113 KEN 82
-129.6162507 -5.453998827 23.625512441898575 GIN 83
16.90015546 -101.8066397 28.693573347859068 MWI 84
-2.561686333 99.63965693 9.130896023358769 SVN 85
12.17934489 -127.278708 9.5742239410731038 LSO 86
-123.985469 -23.86416891 33.699632998247999 CIV 87
82.8596602 -42.33015119 26.714119015999053 SOM 88
9.384560616 -27.73519361 20.88447149161146 SSD 89
264.7857466 -138.1294948 7.3160324182542684 TLS 90
-21.13655991 97.39955934 1.2443781621195815 LIE 91
-52.78601486 125.5345776 21.43952368190336 BEL 92
-42.97426557 -64.995947 15.498300193355377 COG 93
34.13504719 -81.10969112 51.503024119408458 TZA 94
7.805078942 112.8876693 20.317769221632126 CZE 95
225.0319719 -96.55411714 36.735232949191008 MYS 96
26.49352677 121.9545288 15.098083179099644 SVK 97
7.478154489 -49.34600017 43.713866559415592 UGA 98
267.8292865 133.1946908 32.078087891570178 PRK 99
-33.10500428 108.9291825 5.0748022272783357 LUX 100
-91.05722038 -3.884473316 23.22454234302446 BEN 101
8.980485645 55.78103949 20.168303373972602 GRC 102
-29.13854117 91.84650347 18.601158916192968 CHE 103
-133.6509569 14.66335781 26.432728327444451 SEN 104
33.10298509 13.53614816 21.116832849381122 JOR 105
-49.23500471 141.1777063 26.324593283299887 NLD 106
89.73019191 -11.04602719 13.515899445744749 OMN 107
-26.45861056 69.59564102 48.120519234662289 ITA 108
242.1178183 -35.34891388 17.328067322333666 LAO 109
82.80927201 88.10006825 10.453205380069374 ARM 110
-9.900764058 69.23215232 1.1942482260115264 MCO 111
88.79448194 -0.003156366499 19.347453128436602 ARE 112
34.1794918 32.35043607 14.534966062107987 PSE 113
83.20310686 173.3870991 20.43077159041167 SWE 114
51.46711874 100.0279473 11.625204021819526 MDA 115
-71.82078995 78.63172477 43.233246755155612 ESP 116
-51.84972676 -6.709511064 93.824250225672941 NGA 117
1.115365806 62.72350788 10.55503888936032 ALB 118
15.84695714 -131.4212623 6.900410717382937 SWZ 119
84.8393044 110.570426 12.109364060164401 GEO 120
-32.59993635 36.79184395 16.460338010442232 LBY 121
260.9340117 -116.1061408 20.1571877413366 PNG 122
47.24249845 139.3835686 40.170840382954083 POL 123
-4.753618947 108.8893343 18.771797818654669 AUT 124
238.320046 -24.38517612 17.166224104648915 HKG 125
84.37008805 163.9434602 7.2136660185443509 EST 126
73.50530292 166.6827715 14.673779446007559 NOR 127
0.4362765137 75.39804507 4.9631652484305366 MNE 128
51.81191667 24.89854511 42.306690389331351 IRQ 129
-136.6078502 3.068246044 9.1975944702771741 GNB 130
-93.03835549 32.1199371 30.269287604609637 MLI 131
104.0381253 115.382865 27.770536099467865 KAZ 132
