-1.563118043 95.64654563 12.557061120706921 HRV 0
112.5629766 89.38146375 37.190267079057826 UZB 1
15.73215074 71.0425989 16.219054210516582 BGR 2
-112.3934478 41.56332193 4.8067563876665504 ESH 3
-55.49219108 -69.81913081 8.2122012116535252 GNQ 4
9.496369897 80.72670743 16.768756670155742 SRB 5
-108.7062646 10.42554276 30.241677316167273 BFA 6
-96.45920721 -37.1327439 18.870849556599598 TGO 7
87.19206174 75.37971674 16.009163623128554 TKM 8
82.47126866 162.0967204 8.4843270967260729 LVA 9
-23.41375491 129.7098992 57.238547839388026 DEU 10
211.0185001 -80.96880366 53.143183431408069 THA 11
92.97041321 93.6495657 20.237889446289813 AZE 12
218.0452865 49.41304316 236.80474093456917 CHN 13
-54.31255134 -76.00095021 9.789922219419763 GAB 14
127.876658 -24.58749926 97.25798843362314 PAK 15
4.803717377 -84.10296841 23.545605091055275 RWA 16
37.41933178 46.99245822 30.225840536078788 SYR 17
-10.623488 -115.993392 28.444318200884272 ZMB 18
-3.37397493 145.1677174 15.2478088008267 DNK 19
173.0126916 -34.1416715 34.860711515510097 NPL 20
-47.92095795 54.57991967 22.136663020574257 TUN 21
163.7401764 -83.71002682 82.479617937764189 BGD 22
130.0113532 82.74630316 16.276737746062985 KGZ 23
-7.039841423 26.17792165 66.584789381892961 EGY 24
-80.1566234 53.05881831 42.35386041920701 DZA 25
-62.96506162 32.92896685 32.710506560757047 NER 26
109.3800257 40.74935206 40.760695937709116 AFG 27
73.1921917 -33.12422335 36.810586215824081 YEM 28
-96.04007154 72.69684142 20.076669064768613 PRT 29
-25.39749915 -87.47891229 63.422018311371339 COD 30
74.39842705 -7.622231481 13.020670410425378 KWT 31
-67.44881012 61.90061959 1.1329633457435904 GIB 32
242.2037963 -75.55491768 25.816605213989654 KHM 33
232.8665433 -154.1594005 104.48136402769953 IDN 34
122.84327 72.27046547 19.974416800942763 TJK 35
-153.6736419 -18.0011498 18.595133539528913 SLE 36
40.82796289 77.65051861 58.098497280179103 TUR 37
81.34371806 145.6476987 19.3284881314313 BLR 38
24.90939958 114.0692298 19.987163229818361 HUN 39
6.802007536 66.7381758 9.0569604257762002 MKD 40
234.7478831 -64.26649367 4.2198916596449774 BRN 41
-18.1728683 -152.2981758 48.747317566996678 ZAF 42
-19.08526381 -6.443457793 26.813465849264972 TCD 43
-22.78636422 85.69354935 1.1508063858912092 SMR 44
-49.93893361 102.1221298 50.468822644874962 FRA 45
26.38971374 -131.940064 36.514378401015769 MOZ 46
38.4091666 -47.23872423 70.546041612587103 ETH 47
40.74989181 -18.46157573 12.142968576167476 ERI 48
-43.48726115 71.64804331 1.7770982283583625 AND 49
2.021667349 87.27263562 11.238449618691737 BIH 50
-32.98860036 -122.1382535 37.985730249503682 AGO 51
97.22543168 169.799209 14.769275929636084 FIN 52
5.705588041 -10.09025202 43.500575062320337 SDN 53
186.210226 -29.12881835 5.565028320431276 BTN 54
225.3477983 -49.32804306 46.332917598525327 MMR 55
191.7280657 132.0547971 11.644467007726591 MNG 56
315.5926307 71.74598522 45.13134315363525 KOR 57
-27.49804852 -47.42490411 15.029101654374699 CAF 58
22.83078419 26.98001179 18.996217189388506 ISR 59
234.6497395 -33.71165409 5.2620541529842972 MAC 60
273.623942 -58.60640745 62.357436562825313 VNM 61
-108.2474148 56.15639394 38.579420067195542 MAR 62
19.94818916 44.46957934 14.511818404630572 LBN 63
57.11976771 -12.13643926 38.121459497544961 SAU 64
86.02044373 14.79744536 59.22384170286221 IRN 65
57.10186095 -27.79177842 6.6859618848297169 DJI 66
79.56317262 155.8599226 10.340522835179389 LTU 67
164.6627965 145.9049506 75.375622048486363 RUS 68
-1.142961836 -132.7066257 25.603029953893035 ZWE 69
-117.872201 32.3341293 13.83031670550182 MRT 70
-13.1874598 -129.2607887 10.258426419874205 BWA 71
76.74697332 -15.56035472 10.336581335956653 QAT 72
-155.0354754 4.346903406 10.444430594358346 GMB 73
108.4635829 -180.7940242 237.05012914518309 IND 74
-54.63970942 -55.23771501 33.567875577731229 CMR 75
-24.44331294 43.15547714 0.14273996463758234 VAT 76
-144.2011214 -38.10101504 14.598607327398124 LBR 77
-111.6672097 -25.12486145 36.635262367418953 GHA 78
40.40134455 107.7065742 27.972298945107518 ROU 79
82.00167468 124.2536679 38.017095393994964 UKR 80
2.296468756 -100.2167731 22.819205598105199 BDI 81
59.4341257 -82.30359973 46.5542406551113 KEN 82
-141.6090353 -3.934422731 23.625512441898575 GIN 83
9.317082718 -116.8770559 28.693573347859068 MWI 84
-0.5712773885 103.2502904 9.130896023358769 SVN 85
10.75443091 -135.7562154 9.5742239410731038 LSO 86
-136.1573169 -23.21117981 33.699632998247999 CIV 87
76.32687429 -55.08259759 26.714119015999053 SOM 88
7.48116716 -39.30817592 20.88447149161146 SSD 89
271.4345123 -147.3433656 7.3160324182542684 TLS 90
-17.59429526 99.75675731 1.2443781621195815 LIE 91
-52.13065075 127.1338908 21.43952368190336 BEL 92
-47.25317982 -70.69500587 15.498300193355377 COG 93
28.09848229 -96.10447808 51.503024119408458 TZA 94
10.63978377 116.780157 20.317769221632126 CZE 95
231.3459633 -104.8760508 36.735232949191008 MYS 96
28.91812385 125.6455499 15.098083179099644 SVK 97
0.9170610085 -60.8900802 43.713866559415592 UGA 98
270.4881432 127.2841508 32.078087891570178 PRK 99
-32.11574508 109.7699702 5.0748022272783357 LUX 100
-101.5656291 -6.817450674 23.22454234302446 BEN 101
9.426386557 55.60934325 20.168303373972602 GRC 102
-28.98706785 90.17644723 18.601158916192968 CHE 103
-145.3561755 17.50869771 26.432728327444451 SEN 104
33.01553379 13.80951717 21.116832849381122 JOR 105
-49.59084117 143.6192463 26.324593283299887 NLD 106
88.33744128 -24.21405119 13.515899445744749 OMN 107
-26.71504959 66.91373703 48.120519234662289 ITA 108
248.3382642 -46.99486302 17.328067322333666 LAO 109
83.89244524 84.43044239 10.453205380069374 ARM 110
-9.737348345 69.77995866 1.1942482260115264 MCO 111
87.244637 -12.79025287 19.347453128436602 ARE 112
33.46691513 31.87206969 14.534966062107987 PSE 113
86.90393532 176.4800568 20.43077159041167 SWE 114
53.2421655 101.2995112 11.625204021819526 MDA 115
-76.26872728 82.70434936 43.233246755155612 ESP 116
-60.9354893 -11.20683137 93.824250225672941 NGA 117
1.006938126 63.09061134 10.55503888936032 ALB 118
13.90718971 -140.5671211 6.900410717382937 SWZ 119
86.3928141 106.8227502 12.109364060164401 GEO 120
-35.01857043 33.78983892 16.460338010442232 LBY 121
268.0553091 -123.5609433 20.1571877413366 PNG 122
49.24598565 142.1638931 40.170840382954083 POL 123
-2.426797974 112.8173719 18.771797818654669 AUT 124
243.5084511 -35.96238469 17.166224104648915 HKG 125
86.39459145 165.9298544 7.2136660185443509 EST 126
77.57215976 168.5297358 14.673779446007559 NOR 127
0.4474913034 78.59015857 4.9631652484305366 MNE 128
52.64505787 26.75346552 42.306690389331351 IRQ 129
-148.2587112 5.399596583 9.1975944702771741 GNB 130
-102.5215603 31.12773505 30.269287604609637 MLI 131
106.5161199 114.6496007 27.770536099467865 KAZ 132
