74.43130158 83.45104094 12.557061120706921 HRV 0
204.6523049 64.0530464 37.190267079057826 UZB 1
105.8630176 80.61461914 16.219054210516582 BGR 2
-145.3111996 45.34847191 4.8067563876665504 ESH 3
-69.06411096 -109.0333093 8.2122012116535252 GNQ 4
90.13656104 77.96289048 16.768756670155742 SRB 5
-165.2379111 -31.31149219 30.241677316167273 BFA 6
-167.4378029 -80.37403395 18.870849556599598 TGO 7
182.0031068 51.86620608 16.009163623128554 TKM 8
178.0757376 156.2345451 8.4843270967260729 LVA 9
43.53045746 160.8262098 57.238547839388026 DEU 10
233.2274914 -198.1619204 53.143183431408069 THA 11
177.2866973 68.74345926 20.237889446289813 AZE 12
320.331492 -21.66817446 236.80474093456917 CHN 13
-71.06897845 -117.5026379 9.789922219419763 GAB 14
193.980725 -122.305004 97.25798843362314 PAK 15
17.49584566 -180.4885344 23.545605091055275 RWA 16
99.73341026 -3.796256275 30.225840536078788 SYR 17
-26.06014812 -200.0727031 28.444318200884272 ZMB 18
14.51637764 187.8758664 15.2478088008267 DNK 19
103.9697899 -127.8042319 34.860711515510097 NPL 20
-57.00906554 11.8736566 22.136663020574257 TUN 21
166.217155 -208.6394245 82.479617937764189 BGD 22
230.2124928 67.90796384 16.276737746062985 KGZ 23
-9.333743742 12.22666795 66.584789381892961 EGY 24
-107.9676812 16.97146256 42.35386041920701 DZA 25
-102.8822327 -36.83336154 32.710506560757047 NER 26
190.6910798 13.05080441 40.760695937709116 AFG 27
110.4267361 -93.76068374 36.810586215824081 YEM 28
-115.1140108 93.85460709 20.076669064768613 PRT 29
-39.110071 -155.6691417 63.422018311371339 COD 30
122.6441784 -68.53217432 13.020670410425378 KWT 31
-71.86773934 60.41934899 1.1329633457435904 GIB 32
311.9415391 -204.3863941 25.816605213989654 KHM 33
266.8926034 -266.5291282 104.48136402769953 IDN 34
211.0131547 37.15867233 19.974416800942763 TJK 35
-222.0533713 -4.810798074 18.595133539528913 SLE 36
122.2387964 48.62523263 58.098497280179103 TUR 37
168.8165953 132.2289065 19.3284881314313 BLR 38
103.5577795 97.96836604 19.987163229818361 HUN 39
85.78710357 66.19832196 9.0569604257762002 MKD 40
288.9730289 -157.72753 4.2198916596449774 BRN 41
-49.74764771 -233.7017141 48.747317566996678 ZAF 42
-51.59200906 -63.09174032 26.813465849264972 TCD 43
-16.12839685 84.22483057 1.1508063858912092 SMR 44
-26.93332273 107.3112683 50.468822644874962 FRA 45
28.3224228 -235.5944484 36.514378401015769 MOZ 46
24.29582964 -93.35137701 70.546041612587103 ETH 47
37.61109624 -55.65658175 12.142968576167476 ERI 48
-45.03024768 73.74089412 1.7770982283583625 AND 49
77.77167704 72.44256098 11.238449618691737 BIH 50
-85.72612527 -170.8679461 37.985730249503682 AGO 51
200.5928562 171.5768693 14.769275929636084 FIN 52
-17.98286266 -57.95913013 43.500575062320337 SDN 53
243.5698518 -148.7630757 5.565028320431276 BTN 54
264.9026149 -161.9714862 46.332917598525327 MMR 55
294.2078945 103.369622 11.644467007726591 MNG 56
426.0541384 79.4934105 45.13134315363525 KOR 57
-39.49217384 -103.1233998 15.029101654374699 CAF 58
50.51982233 -2.898768264 18.996217189388506 ISR 59
266.0429731 -137.0527229 5.2620541529842972 MAC 60
371.121516 -181.3264917 62.357436562825313 VNM 61
-118.382357 65.68527804 38.579420067195542 MAR 62
57.81261284 11.56692018 14.511818404630572 LBN 63
84.35259054 -66.6113833 38.121459497544961 SAU 64
144.7503747 -3.70667099 59.22384170286221 IRN 65
51.93252836 -67.88049716 6.6859618848297169 DJI 66
170.718094 146.4467864 10.340522835179389 LTU 67
252.2739015 120.0694218 75.375622048486363 RUS 68
-15.05081023 -224.3086681 25.603029953893035 ZWE 69
-158.6048368 33.30806484 13.83031670550182 MRT 70
-44.57390984 -203.9516141 10.258426419874205 BWA 71
108.7068023 -69.60833319 10.336581335956653 QAT 72
-218.9207733 9.145318445 10.444430594358346 GMB 73
114.5404212 -354.2214314 237.05012914518309 IND 74
-59.7012319 -91.13516191 33.567875577731229 CMR 75
-16.45400273 45.67751973 0.14273996463758234 VAT 76
-223.268844 -20.81263444 14.598607327398124 LBR 77
-184.5236877 -59.68100647 36.635262367418953 GHA 78
127.3888285 93.89173914 27.972298945107518 ROU 79
161.1355105 104.9894695 38.017095393994964 UKR 80
-2.270582105 -191.5599008 22.819205598105199 BDI 81
55.15028993 -140.8167278 46.5542406551113 KEN 82
-200.9935627 -2.16510361 23.625512441898575 GIN 83
18.20570917 -205.7361733 28.693573347859068 MWI 84
75.51192254 95.12670566 9.130896023358769 SVN 85
-2.426562062 -207.2397211 9.5742239410731038 LSO 86
-201.7554468 -30.36618174 33.699632998247999 CIV 87
71.28444578 -95.10283507 26.714119015999053 SOM 88
-9.547629075 -121.7884523 20.88447149161146 SSD 89
336.147118 -232.0353545 7.3160324182542684 TLS 90
55.921445 115.1926212 1.2443781621195815 LIE 91
-33.00936019 142.6083957 21.43952368190336 BEL 92
-60.97470241 -124.400308 15.498300193355377 COG 93
53.08984461 -188.8102239 51.503024119408458 TZA 94
81.1590421 135.1280218 20.317769221632126 CZE 95
282.3513998 -198.143148 36.735232949191008 MYS 96
109.2094533 116.1655633 15.098083179099644 SVK 97
12.17357824 -148.4020878 43.713866559415592 UGA 98
359.2811196 110.2853316 32.078087891570178 PRK 99
-10.53817898 129.8528554 5.0748022272783357 LUX 100
-154.0573627 -57.4622633 23.22454234302446 BEN 101
84.52775808 51.73385536 20.168303373972602 GRC 102
40.11479595 123.3531319 18.601158916192968 CHE 103
-197.6061004 24.57155964 26.432728327444451 SEN 104
60.96489096 -19.23875937 21.116832849381122 JOR 105
-38.98069647 166.806287 26.324593283299887 NLD 106
133.5582084 -79.9757814 13.515899445744749 OMN 107
27.77998787 64.98284308 48.120519234662289 ITA 108
294.1892127 -172.7714012 17.328067322333666 LAO 109
163.5779369 63.06619712 10.453205380069374 ARM 110
-4.220669324 80.68421513 1.1942482260115264 MCO 111
138.537315 -61.68551653 19.347453128436602 ARE 112
71.47138508 14.8295558 14.534966062107987 PSE 113
188.8708519 183.9140878 20.43077159041167 SWE 114
140.8773536 80.30660042 11.625204021819526 MDA 115
-83.76087392 84.81296204 43.233246755155612 ESP 116
-120.1355743 -107.4111038 93.824250225672941 NGA 117
71.2193509 58.33067278 10.55503888936032 ALB 118
4.870781543 -238.2204552 6.900410717382937 SWZ 119
172.7107312 83.6977058 12.109364060164401 GEO 120
-65.97741629 -23.90437254 16.460338010442232 LBY 121
329.8499208 -177.590878 20.1571877413366 PNG 122
137.9949828 137.0576236 40.170840382954083 POL 123
75.6320835 111.7239489 18.771797818654669 AUT 124
300.7235632 -157.428072 17.166224104648915 HKG 125
186.9442013 159.5941437 7.2136660185443509 EST 126
179.5257205 168.6309113 14.673779446007559 NOR 127
73.37080741 65.96311466 4.9631652484305366 MNE 128
115.1408211 -42.85758281 42.306690389331351 IRQ 129
-213.4136681 16.88156928 9.1975944702771741 GNB 130
-149.7078565 4.519589813 30.269287604609637 MLI 131
194.5803122 93.8001797 27.770536099467865 KAZ 132
