-0.4824402085 5.967994231 0.569539287494723 HRV 0
4.170036736 5.220287455 0.601040764008565 UZB 1
3.120576256 4.088022469 0.527967802048571 BGR 2
-2.593469385 -0.1006828323 0.1 ESH 3
-1.326999728 -2.633330865 0.526189129496229 GNQ 4
1.748710151 6.024063579 0.608276253029821 SRB 5
-3.57695132 -0.6378470738 0.620483682299542 BFA 6
-1.648160505 -4.044660556 0.868187767709264 TGO 7
4.890158624 4.30537999 0.25 TKM 8
5.482974111 6.62608929 0.36486298798316 LVA 9
-1.002996553 9.213122577 1.03923048454133 DEU 10
8.954146967 -1.384885129 0.797652806677192 THA 11
4.421227861 3.137223393 0.755397246486903 AZE 12
6.600174927 3.608719389 0.827647267862342 CHN 13
-0.7072199808 -2.808017948 0.207665596572952 GAB 14
7.36778907 1.721419241 1.18874934279687 PAK 15
2.345907313 -3.54322749 1.60857079421454 RWA 16
2.149905146 1.749574342 0.757050196486335 SYR 17
0.08813480553 -4.828544135 0.354436171968945 ZMB 18
0.2103103331 10.60876015 0.818153408597679 DNK 19
6.645383982 5.416049116 0.988053642268473 NPL 20
-1.764581534 0.7493162001 0.602598539659697 TUN 21
8.023409755 -4.499921407 2.45305931440721 BGD 22
5.783284877 4.52376126 0.39843443626273 KGZ 23
-0.635643608 0.5726475381 0.716327439094718 EGY 24
-2.213779162 -0.03124293558 0.294745653063789 DZA 25
-1.576308617 -0.2012119523 0.312249899919919 NER 26
5.590116248 2.826780229 0.541410195692693 AFG 27
3.502740768 -1.266561813 0.543714079273287 YEM 28
-4.614125526 7.195390874 0.711951543294905 PRT 29
-0.07705123133 -2.845816094 0.452078533000627 COD 30
5.676333234 0.6020203333 1.04672107077291 KWT 31
-10.38907944 2.420672834 4.66596720948614 GIB 32
9.59639164 -0.2648119381 0.659545297913642 KHM 33
10.03089349 -2.539133239 0.818153408597679 IDN 34
5.374497496 3.788330041 0.575543221661065 TJK 35
-5.129916574 -3.193461823 0.742882897905183 SLE 36
3.172131495 2.771108131 0.704450140180269 TUR 37
4.832976999 6.291426513 0.460298815988048 BLR 38
0.6325239967 6.207994619 0.709753478328921 HUN 39
2.296002712 4.691823737 0.611861912526018 MKD 40
11.18988653 -0.4507097495 0.623498195666993 BRN 41
-0.212736467 -6.296323961 0.474999999999999 ZAF 42
-0.7022663825 -0.6607711027 0.25617376914899 TCD 43
-5.488096855 5.411750858 1.59354165304832 SMR 44
-4.878265319 9.019130473 0.731864058415221 FRA 45
0.5195567227 -5.495943345 0.441588043316392 MOZ 46
0.76136506 -0.02224716071 0.712390342438749 ETH 47
1.282827287 0.7850032865 0.374165738677394 ERI 48
-5.99349132 7.853558724 0.878564169540279 AND 49
0.6004061366 7.272197341 0.532681893816562 BIH 50
-0.6735910116 -3.404915841 0.36486298798316 AGO 51
5.44386011 5.049424322 0.287228132326901 FIN 52
-0.2606642129 -0.3401127433 0.341869858279433 SDN 53
6.281373999 2.399242702 0.306186217847897 BTN 54
8.020705026 0.2052976821 0.615426681254559 MMR 55
5.583709657 5.381902671 0.1 MNG 56
10.69067978 3.894214472 1.55020159979274 KOR 57
-0.3627327117 -1.041277749 0.204633819296811 CAF 58
-2.88659239 2.347468819 1.3856406460551 ISR 59
12.28669815 13.5775611 9.84543041212518 MAC 60
9.833764714 1.435878354 1.19530330878819 VNM 61
-2.829048167 0.5585170725 0.619475584668192 MAR 62
-2.519270017 4.904468507 1.53948043183406 LBN 63
3.482737097 -0.1129394718 0.279508497187473 SAU 64
5.060074732 2.003531109 0.498748433581499 IRN 65
1.692958427 -0.5179148521 0.471036092035419 DJI 66
4.888213335 7.174656084 0.443705983732471 LTU 67
5.371408284 5.593300909 0.2 RUS 68
-0.3134460814 -5.517550205 0.441588043316392 ZWE 69
-2.834654857 -0.1302157047 0.145773797371132 MRT 70
-0.3525562796 -5.015910878 0.145773797371132 BWA 71
4.705129383 -2.060256232 1.03471010432874 QAT 72
-6.285093768 -0.5647860297 1.11411399775786 GMB 73
6.894824884 -1.2074814 1.47521184919319 IND 74
-0.5346572119 -1.714058395 0.523808170993923 CMR 75
-8.475965979 9.068015036 2.3090853167434 VAT 76
-4.134227617 -3.943397889 0.504975246918103 LBR 77
-2.624010059 -2.881321596 0.824242076091723 GHA 78
2.86810473 5.584383886 0.625999201277443 ROU 79
3.858762476 6.188012196 0.536190264738177 UKR 80
-1.920494862 -6.11404542 1.52807067899361 BDI 81
2.366683638 -1.388365256 0.662382064974585 KEN 82
-4.511007134 -2.128198473 0.511126207506521 GIN 83
1.868311886 -5.732904497 1.00280855600658 MWI 84
-1.318831347 6.709084969 0.690561365846654 SVN 85
0.1116216389 -7.284850378 0.589491306127578 LSO 86
-3.908646611 -2.924516449 0.641287766919031 CIV 87
2.632954225 -0.4840353946 0.362284418654735 SOM 88
0.067719046 -0.8248992014 0.281735691739615 SSD 89
11.28309678 -3.173932986 0.643719659479185 TLS 90
-2.792375095 9.017519025 1.058595767987 LIE 91
-4.577087023 12.34084045 1.32216678221773 BEL 92
-0.5510942981 -2.406637644 0.285043856274784 COG 93
0.5198042539 -4.092131939 0.587367006223534 TZA 94
0.6826079843 8.492214546 0.784617741323759 CZE 95
10.29974927 -1.237493898 0.687840824609879 MYS 96
1.708641551 7.433111801 0.731436941916391 SVK 97
0.869740258 -1.810225395 1.04761634198784 UGA 98
8.132458175 4.348557566 0.991841721243868 PRK 99
-5.789800276 10.50424577 1.07325439668328 LUX 100
-3.418994392 -1.800096222 0.742041103982792 BEN 101
2.200994453 3.568206112 0.602598539659697 GRC 102
-3.943519845 10.35781882 1.00405428140116 CHE 103
-4.604417885 -0.9885505959 0.646625857818875 SEN 104
2.266837262 0.4395010046 0.760345316287276 JOR 105
-1.97620295 11.41906906 1.53948043183406 NLD 106
3.397946343 -0.5681621981 0.261007662722763 OMN 107
-2.905768725 7.300748224 0.949670995661126 ITA 108
8.859200543 0.4880908948 0.387298334620741 LAO 109
4.027046189 1.963026813 0.664736790015413 ARM 110
-10.83410412 18.68607191 9.06611134941543 MCO 111
4.436564475 -0.3969786106 0.779021822544141 ARE 112
0.06833631386 2.889073743 2.01013059277251 PSE 113
4.903003308 4.877606497 0.343693177121688 SWE 114
2.742223214 6.705151134 0.687840824609879 MDA 115
-7.099911226 6.627308173 0.656220237420332 ESP 116
-1.835952731 -1.346490188 1.05504739230046 NGA 117
1.211237772 4.973011657 0.6841966091702 ALB 118
0.7220060226 -6.496960262 0.564579489531811 SWZ 119
4.094906476 4.193640878 0.4930770730829 GEO 120
-1.125762004 -0.1175990797 0.13228756555323 LBY 121
10.49712029 -3.453451302 0.321130814466628 PNG 122
3.72546757 7.488641748 0.779021822544141 POL 123
-0.5615424341 7.675615675 0.701338006955277 AUT 124
16.64208705 -0.4751673531 5.68451844926198 HKG 125
5.601491254 7.249389265 0.374165738677394 EST 126
5.010057903 5.413631986 0.261007662722763 NOR 127
0.137859266 5.32032868 0.459619407771255 MNE 128
3.519355018 0.8532724535 0.689202437604508 IRQ 129
-5.513067462 -1.855635324 0.588430114796991 GNB 130
-2.773580852 -0.5273134151 0.293683503111768 MLI 131
5.29266435 4.652026898 0.182002747232013 KAZ 132
