-39.29797284 108.0663641 10.6517596039178 HRV 0
84.56494761 77.98597595 11.2409132626055 UZB 1
53.25285245 76.8107443 9.87427246813477 BGR 2
-50.98065526 1.701517115 1.87024141052192 ESH 3
-26.32618145 -41.50063977 9.84100699750328 GNQ 4
25.90104457 99.17163269 11.3762343745348 SRB 5
-61.4031709 -4.774233475 11.6045427718973 BFA 6
-27.22755213 -62.43141098 16.2372071527845 TGO 7
90.21075181 66.51299932 4.67560352630479 TKM 8
101.2046723 116.0197277 6.82381869292867 LVA 9
-19.88218478 148.0701268 19.4361188726595 DEU 10
165.8717696 -30.76589636 14.9180331026672 THA 11
77.53130255 58.30208277 14.1277521177404 AZE 12
118.4004097 60.00151446 15.4790019366148 CHN 13
-15.51607874 -43.67190449 3.88384798251473 GAB 14
131.8230143 24.75933987 22.2324824762943 PAK 15
21.01789744 -60.02892125 30.0841571109616 RWA 16
52.57902186 35.79437933 14.158666273125 SYR 17
2.839551785 -83.25518092 6.62881206203189 ZMB 18
5.38974323 159.9069809 15.3014438491904 DNK 19
114.335565 86.99866485 18.4789883758751 NPL 20
-25.15794903 16.13305324 11.270047427916 TUN 21
135.5833482 -69.0813496 45.8781311227088 BGD 22
98.83006355 71.0546081 7.45168582076514 KGZ 23
-9.088694708 4.355561783 13.3970524008806 EGY 24
-35.47534356 7.454032816 5.51245525931226 DZA 25
-27.78683838 2.548858125 5.83982693261558 NER 26
91.90530785 40.66088955 10.1256776806325 AFG 27
66.21475606 -26.84755718 10.168765865407 YEM 28
-127.3514753 63.09990816 13.3152125855512 PRT 29
-3.881942984 -40.78087038 8.45495993225773 COD 30
102.4769724 8.421505245 19.5762109182535 KWT 31
-206.0217663 6.142699228 87.2648509531839 GIB 32
172.6081173 -9.933809481 12.3350892827311 KHM 33
185.933448 -44.43761876 15.3014438491904 IDN 34
97.50504193 56.48098134 10.7640476669572 TJK 35
-88.10219794 -51.99251226 13.893703588308 SLE 36
55.60906799 57.58085101 13.1749182381311 TUR 37
89.66200876 110.838884 8.60869906875057 BLR 38
8.685192886 108.9581323 13.2741034643272 HUN 39
41.00144271 88.77694544 11.443294863273 MKD 40
204.5741862 -9.951183564 11.6609214492211 BRN 41
-0.2655676238 -112.1034073 8.8836466999791 ZAF 42
-6.061561532 -9.939016718 4.79106791351923 TCD 43
-80.54848929 112.9536126 29.8030758892253 SMR 44
-108.0445394 90.32249643 13.6876246892078 FRA 45
26.21649925 -104.8183488 8.25876245001663 MOZ 46
16.39412626 -0.5816146658 13.3234191888484 ETH 47
32.718741 -0.379654082 6.99780258872985 ERI 48
-83.9203761 66.01604934 16.4312709167503 AND 49
1.970911946 126.4736504 9.96243736450974 BIH 50
-12.19238657 -51.60593678 6.82381869292867 AGO 51
94.93910228 86.38199408 5.3718594734464 FIN 52
2.851075225 -8.797184152 6.39379165963456 SDN 53
114.0314119 39.25100883 5.72642143950222 BTN 54
144.205019 0.6061971834 11.5099646442235 MMR 55
106.07113 101.1035296 1.87024141052192 MNG 56
238.428734 22.84388923 28.9925122658972 KOR 57
-0.4149158216 -16.58081013 3.82714642842155 CAF 58
-46.97185363 43.84967311 25.9148251635459 ISR 59
415.7632591 9.228792282 184.133316611684 MAC 60
185.8539826 14.60370855 22.3550574622954 VNM 61
-51.22655911 14.02535923 11.5856889125373 MAR 62
-23.12766142 80.81538516 28.7920005430423 LBN 63
61.19394055 -6.224781668 5.22748366032762 SAU 64
87.07451431 25.79806902 9.32779973917061 IRN 65
49.97390558 -7.354301551 8.80951205175054 DJI 66
81.36424852 125.5697368 8.29837304872832 LTU 67
100.2190921 99.68576825 3.74048282104383 RUS 68
2.275118582 -98.56830356 8.25876245001663 ZWE 69
-50.24862586 -1.924571299 2.72632192412523 MRT 70
-0.2423045288 -90.1097405 2.72632192412523 BWA 71
94.06845185 -21.69974873 19.3515768500107 QAT 72
-109.9051438 -34.14578981 20.8366213464887 GMB 73
77.87584224 -55.75722319 27.5900228965372 IND 74
1.855500932 -27.28761796 9.79647732562582 CMR 75
-102.359608 21.53402977 43.1854697980164 VAT 76
-77.43056537 -67.40867906 9.44425618074768 LBR 77
-46.23159226 -45.43216535 15.415316630013 GHA 78
54.34786918 101.7305269 11.7076962918272 ROU 79
71.33856095 114.2418178 10.0280523703205 UKR 80
-27.31812049 -98.43713215 28.578610620582 BDI 81
49.33551068 -40.94257193 12.3881436750249 KEN 82
-67.95359096 -29.91474058 9.55929399281715 GIN 83
43.8677216 -92.14534822 18.7549408826919 MWI 84
-16.71517589 113.7022247 12.9151646291299 SVN 85
15.28227066 -115.8590529 11.0249105186245 LSO 86
-66.45860133 -54.13373057 11.993629377531 CIV 87
53.43981654 -22.14657859 6.77559322154946 SOM 88
8.397261286 -17.10478807 5.26913757513467 SSD 89
204.2925042 -56.53105953 12.0391116392504 TLS 90
-54.71098109 144.218124 19.7982964229255 LIE 91
-118.3145971 135.1549483 24.7277106772012 BEL 92
-14.13027348 -36.39993422 5.33100823819959 COG 93
16.5874379 -92.72342311 10.9851809821354 TZA 94
19.30071041 136.0709493 14.6742459125387 CZE 95
189.0001976 -22.0192762 12.8642839403294 MYS 96
33.11856239 117.9624716 13.6796365795755 SVK 97
32.26010852 -21.73664642 19.5929546512516 UGA 98
160.4239282 95.65008896 18.5498345975362 PRK 99
-66.3830844 175.177426 20.0724481670179 LUX 100
-50.73834994 -22.28917992 13.8779600097802 BEN 101
38.78489348 67.91025525 11.270047427916 GRC 102
-86.71851819 151.4909421 18.7782389548828 CHE 103
-77.35481472 -15.16604418 12.0934645640712 SEN 104
45.67517867 10.69677129 14.2202929681685 JOR 105
-28.57550913 185.8268416 28.7920005430423 NLD 106
63.98902684 -13.8498698 4.8814733928765 OMN 107
-60.52422346 80.40887661 17.7611402245702 ITA 108
160.0860666 0.04077774388 7.24341383633885 LAO 109
73.88949201 37.27792395 12.4321827178424 ARM 110
50.15055881 -259.3068128 169.558168780795 MCO 111
76.31602916 -0.9687281815 14.5695887222231 ARE 112
11.18944205 39.99103217 37.5942947516013 PSE 113
92.59880209 95.56806968 6.42789212366825 SWE 114
54.11585873 121.6824503 12.8642839403294 MDA 115
-106.9794368 65.84697829 12.2729026244603 ESP 116
-24.10550311 -17.84686409 19.7319332314348 NGA 117
23.60728409 79.88830437 12.7961283140879 ALB 118
37.21737704 -115.1874092 10.5589994085372 SWZ 119
68.45194723 74.72890296 9.22173160658582 GEO 120
-21.35464104 0.7456099001 2.47409683194783 LBY 121
190.4805656 -60.94030289 6.00592147410119 PNG 122
66.38733089 139.9891943 14.5695887222231 POL 123
-34.8720638 126.6409071 13.1167138338067 AUT 124
240.2674397 -144.5430905 106.314218026856 HKG 125
93.56975145 124.0819961 6.99780258872985 EST 126
83.99985511 92.39417986 4.8814733928765 NOR 127
6.680027566 76.920089 8.59599249493361 MNE 128
65.99724388 18.52872289 12.889749390406 IRQ 129
-84.38890863 -32.33752903 11.005063678915 GNB 130
-44.27191775 -4.89610536 5.49259049106771 MLI 131
96.2437982 79.40761482 3.40389074702064 KAZ 132
