31.03645039 70.31181792 37.490194851673259 HRV 0
81.20847654 50.68805408 39.56379454628641 UZB 1
52.07414278 58.40507974 34.753732023085263 BGR 2
-48.68110893 0.4792038497 6.5825476266236391 ESH 3
-0.2438670383 -20.72931221 34.636650055205656 GNQ 4
45.74077514 64.650365 40.04007405712975 SRB 5
-17.18190249 -3.026806843 40.843633902795517 BFA 6
-10.8904383 -17.19365932 57.148873297983101 TGO 7
77.8619573 46.87639264 16.456369066559098 TKM 8
57.01696938 94.52204011 24.017279955913629 LVA 9
13.12807971 110.4125665 68.407841595324427 DEU 10
107.6025247 -12.66616586 52.505875894626271 THA 11
74.30079931 58.49709423 49.724383520204178 AZE 12
111.0619646 45.96390558 54.480275587488016 CHN 13
4.141031317 -22.71565994 13.669686798526666 GAB 14
86.02585337 34.72705469 78.249991650779748 PAK 15
23.33721512 -16.00458702 105.8849386371303 RWA 16
65.05505902 45.23030097 49.833189741160915 SYR 17
29.05563926 -41.50328378 23.330929825837512 ZMB 18
15.52775573 120.8049133 53.8553377797869 DNK 19
95.95669703 42.91610622 65.039101578911939 NPL 20
3.395453157 15.31407207 39.666335870438125 TUN 21
103.1939039 22.79794488 161.47379768018232 BGD 22
90.62916345 52.13428003 26.227136527863653 KGZ 23
22.47155595 6.070389321 47.152594840983397 EGY 24
-23.53031137 6.731876525 19.401772990326847 DZA 25
-5.517331504 -4.64730911 20.553998376313377 NER 26
81.89667003 43.87775417 35.638583986867758 AFG 27
58.80083801 5.98650533 35.790238220822438 YEM 28
-94.8707612 75.44593976 46.864549415869277 PRT 29
11.58856434 -18.1893247 29.758284744507812 COD 30
73.34343605 25.15148491 68.900913001532132 KWT 31
-104.5648976 21.67375749 307.139513807068 GIB 32
114.442154 -17.56648197 43.414883354322512 KHM 33
118.0248271 -26.07725464 53.8553377797869 IDN 34
87.8940387 47.14439968 37.885406677643793 TJK 35
-34.79215521 -14.90219178 48.900620564650424 SLE 36
61.05823993 55.67278124 46.370765983183162 TUR 37
58.61483301 85.31632553 30.299388787198048 BLR 38
41.49055826 77.61092965 46.719860742619012 HUN 39
45.25656185 57.21736563 40.276101801195594 MKD 40
122.0740143 -17.60281267 41.04206568091908 BRN 41
22.31608098 -49.94380206 31.267101226462287 ZAF 42
13.08162991 1.577165669 16.86276036114916 TCD 43
26.2843304 58.51588204 104.89563826199188 SMR 44
-66.0296519 109.8840533 48.175300207322664 FRA 45
43.52508796 -46.31186103 29.067743264776951 MOZ 46
43.34797422 -2.0658708 46.893433578497977 ETH 47
44.03491081 4.61006429 24.629637950947618 ERI 48
-73.66502599 101.3089384 57.831904890439311 AND 49
39.07397624 64.32712858 35.064039358876016 BIH 50
10.49034263 -22.8789459 24.017279955913629 AGO 51
70.12415328 71.38937238 18.906928607479859 FIN 52
26.88403205 -0.3955915009 22.503746242314453 SDN 53
90.86375327 11.53963622 20.154853615995446 BTN 54
115.055858 9.679463326 40.510754400530573 MMR 55
96.66787253 66.67396918 6.5825476266236391 MNG 56
238.9139697 6.705799119 102.04275861503933 KOR 57
11.95141813 -10.33643952 13.470118615391556 CAF 58
34.4081355 8.053040227 91.210455460432556 ISR 59
174.6611021 20.21390514 648.08014592423012 MAC 60
116.2051973 -4.741771577 78.681409583590963 VNM 61
-47.72226437 5.019191496 40.777275396089074 MAR 62
51.86920586 46.50588361 101.33703262802861 LBN 63
56.46322793 10.29405546 18.398779947825453 SAU 64
76.80705104 40.53560402 32.83035317754161 IRN 65
48.72137326 3.211808703 31.006175096818232 DJI 66
51.7869061 93.57941273 29.207157701368857 LTU 67
92.21979358 84.24962055 13.165095253247278 RUS 68
26.8443082 -45.54609684 29.067743264776951 ZWE 69
-43.35526389 -4.472746886 9.5956296390926372 MRT 70
21.74800276 -44.09367412 9.5956296390926372 BWA 71
73.26723247 12.98558815 68.110285414926707 QAT 72
-51.69270799 -6.852068867 73.337084517291729 GMB 73
86.28791209 2.347762915 97.106522566737226 IND 74
8.093713017 -13.51762129 34.479922327821242 CMR 75
20.13916407 23.94203184 151.99664071400809 VAT 76
-31.02017217 -21.33869575 33.240236131044512 LBR 77
-19.27446985 -11.28964081 54.256127217409372 GHA 78
52.94028312 66.76532372 41.206695566371444 ROU 79
66.98234674 67.66835091 35.294979545710106 UKR 80
33.34167277 -31.23901309 100.58598021322578 BDI 81
47.92631129 -9.142729646 43.601614897165426 KEN 82
-29.42975047 -9.994859163 33.645126041271965 GIN 83
46.6613656 -38.56943299 66.010350802989848 MWI 84
26.87483596 82.99001817 45.45653079791888 SVN 85
35.23245274 -43.34740176 38.803545980653695 LSO 86
-26.35485639 -16.2582099 42.21307268115654 CIV 87
53.45182414 4.985674765 23.847544401784575 SOM 88
28.97046619 -3.428220865 18.545386089957795 SSD 89
128.4340195 -26.06411163 42.373153167156971 TLS 90
15.68713928 96.34950713 69.682570601166972 LIE 91
-56.05153798 116.3182244 87.03225814287967 BEL 92
7.8043407 -20.2189271 18.763147596052324 COG 93
47.12320494 -29.33289139 38.663712927737727 TZA 94
32.30023651 93.71917145 51.647836509575221 CZE 95
109.5857882 -23.98056114 45.277449875306132 MYS 96
39.15083116 85.6092764 48.147185060365835 SVK 97
37.75079867 -10.48274918 68.959844655642485 UGA 98
168.133585 82.32314672 65.288453681601325 PRK 99
-16.43790513 116.1616286 70.647481816509369 LUX 100
-10.87960363 -7.734870728 48.8452090787911 BEN 101
40.65492223 41.46203826 39.666335870438125 GRC 102
5.090373849 101.7383749 66.092351270385095 CHE 103
-41.93539955 -9.572969993 42.564455056991314 SEN 104
46.52632942 10.68139657 50.050092571412179 JOR 105
-2.555263607 124.2588 101.33703262802861 NLD 106
66.68592923 9.222071252 17.180953707863122 OMN 107
23.00061072 44.21398846 62.512545585624721 ITA 108
117.5787475 4.296233312 25.494097333530512 LAO 109
68.5592741 52.71571495 43.756615794453971 ARM 110
-34.83505341 59.57159671 596.78109745800441 MCO 111
62.21873491 13.39437072 51.279482490759783 ARE 112
44.87302901 26.50150856 132.31780362658318 PSE 113
66.65806624 72.73554485 22.623767073491052 SWE 114
60.18934238 64.58237118 45.277449875306132 MDA 115
-87.1695266 78.95517895 43.196009663736234 ESP 116
-1.074937911 -11.4237581 69.448997081628505 NGA 117
39.34194714 49.06109256 45.037567658372453 ALB 118
38.51814539 -49.54921163 37.163713788580061 SWZ 119
66.86760239 59.99976265 32.457033171643772 GEO 120
4.007048192 10.41742729 8.707892006642302 LBY 121
145.9040128 -32.22053315 21.138588806030199 PNG 122
44.652824 92.31930157 51.279482490759783 POL 123
24.20399434 90.73567553 46.165908331444115 AUT 124
206.8523113 -63.36284302 374.18613426687835 HKG 125
57.63666607 98.78545546 24.629637950947618 EST 126
63.55208447 74.34361117 17.180953707863122 NOR 127
38.15594365 55.64702 30.254666417748435 MNE 128
70.52243291 37.80228666 45.367078699168012 IRQ 129
-44.89556032 -16.26635391 38.733692555908085 GNB 130
-23.6922985 0.5129303014 19.331856463868863 MLI 131
82.17478703 69.79476171 11.980417518310691 KAZ 132
