56.29802909 97.66376594 7.26478614836657 HRV 0
191.8675944 107.2266333 21.5161282192423 UZB 1
86.36504022 83.01096433 9.38340263183605 BGR 2
-151.1626019 17.86065735 2.78091003046154 ESH 3
-47.2992753 -121.0304921 4.75110258973248 GNQ 4
74.29636208 98.58310858 9.70142854380077 SRB 5
-154.57673 -55.32728356 17.4960778129505 BFA 6
-164.0398971 -118.2083034 10.9175773812731 TGO 7
170.2076907 81.47940971 9.26197213012298 TKM 8
147.3222312 186.3564927 4.90853881955436 LVA 9
14.47056733 164.3924043 33.1148989002288 DEU 10
264.3931074 -168.8119808 30.7455589457912 THA 11
161.7666363 99.23235264 11.7084672526706 AZE 12
338.7214093 30.57072887 137.001467562511 CHN 13
-45.55593905 -130.7505587 5.66388031797865 GAB 14
198.6131748 -84.28637785 56.2678225739818 PAK 15
56.37685577 -180.270849 13.6221193857483 RWA 16
96.34293728 17.11068287 17.4869155719201 SYR 17
12.17122355 -207.7400151 16.4562302340599 ZMB 18
-20.3144766 187.3376322 8.82149645560949 DNK 19
128.1215623 -112.3031262 20.1683826896769 NPL 20
-58.2205466 1.176957679 12.8069873465642 TUN 21
191.8774667 -181.6707654 47.717915852838 BGD 22
221.2859995 107.430775 9.41677497477506 KGZ 23
-9.558633886 8.992408089 38.522091351121 EGY 24
-109.4108156 -3.960172393 24.5034833824226 DZA 25
-95.29161055 -56.20081251 18.9243990042205 NER 26
188.5768871 54.40419007 23.5817709573576 AFG 27
126.6928375 -73.46060239 21.2964669267229 YEM 28
-131.0657175 72.63307719 11.6151945049113 PRT 29
-13.86301369 -165.2624347 36.692295729143 COD 30
135.6384244 -44.87395553 7.53300355320557 KWT 31
-81.76125892 46.15805705 0.655466780136348 GIB 32
345.0585899 -147.6622562 14.9359881387502 KHM 33
342.4616853 -221.4596367 60.4468481004054 IDN 34
208.2728145 80.92054562 11.5560372847035 TJK 35
-217.10502 -45.63885713 10.7580641096212 SLE 36
119.7152067 58.9282127 33.6124156938241 TUR 37
139.5960127 172.1426999 11.1823404773063 BLR 38
78.01725868 118.166225 11.5634116280348 HUN 39
72.84960051 80.72327645 5.23983120054918 MKD 40
313.9296792 -101.8773772 2.44138418869706 BRN 41
-9.463222729 -243.5831415 28.202366304227 ZAF 42
-55.75873727 -64.94966295 15.5127137965602 TCD 43
-30.41515936 79.37247916 0.665789726697101 SMR 44
-51.62996031 97.64512605 29.1983291432937 FRA 45
76.2278199 -235.8909762 21.1250982912299 MOZ 46
37.53512824 -85.13124484 40.8138417901053 ETH 47
52.78693313 -42.800457 7.02521625595351 ERI 48
-57.83448114 64.19202024 1.02812580663283 AND 49
64.06446057 87.35765496 6.50191412896388 BIH 50
-61.92960278 -191.9854624 21.9763370027021 AGO 51
165.7551981 204.7402274 8.54464513341348 FIN 52
-17.67215716 -57.19772995 25.16690586443 SDN 53
260.2710472 -98.16843944 3.21960212416811 BTN 54
281.5525225 -117.6658301 26.8055347304248 MMR 55
270.7395548 155.9095935 6.73681220547259 MNG 56
360.3393794 181.9350903 26.1103735538121 KOR 57
-21.79758644 -112.5530883 8.69496520495935 CAF 58
50.14667368 6.071374802 10.9901078112347 ISR 59
287.6083026 -90.34797957 3.04431887008312 MAC 60
407.5897027 -120.2493589 36.0763905689867 VNM 61
-130.0675957 40.83835415 22.3198114448932 MAR 62
55.47297121 23.44535907 8.39569516466893 LBN 63
89.54248181 -53.89916075 22.0548620613619 SAU 64
163.7749527 6.145395521 34.2634746076466 IRN 65
65.2263552 -53.70665968 3.86810917160554 DJI 66
134.8625424 187.5764048 5.98242585090247 LTU 67
223.9882882 162.4323952 43.6079564890682 RUS 68
30.07201212 -230.9497879 14.8124258994437 ZWE 69
-162.4232704 3.013705607 8.00141786870558 MRT 70
-8.761056818 -209.8834318 5.93492963383333 BWA 71
120.3534447 -48.69000305 5.98014552840648 QAT 72
-217.7899311 -29.90486486 6.04254084455702 GMB 73
171.1317701 -353.7326425 137.143434927032 IND 74
-43.55932546 -97.6835557 19.4204229144873 CMR 75
-23.85014675 42.24374357 0.0825810520430966 VAT 76
-217.6544538 -63.63210253 8.44590619397686 LBR 77
-179.3628662 -92.2980455 21.1950347322684 GHA 78
101.3234605 101.8300749 16.1831473113787 ROU 79
119.1642373 132.8951963 21.9944830533625 UKR 80
32.11630764 -188.2530327 13.2018668343084 BDI 81
87.32034717 -129.1775133 26.9335793947252 KEN 82
-197.4646937 -25.51434511 13.6683491372784 GIN 83
53.8713953 -208.4902079 16.6004347833366 MWI 84
58.16915809 109.2758588 5.28260604253058 SVN 85
33.19719242 -206.1627425 5.53908982363477 LSO 86
-190.4539535 -55.80211543 19.4966501044575 CIV 87
90.5740486 -89.10778475 15.4552374897034 SOM 88
8.863255801 -125.5855939 12.0825420653582 SSD 89
389.3906113 -180.214847 4.23263138263217 TLS 90
35.65386291 123.6251808 0.719924921014262 LIE 91
-57.07015892 136.2611298 12.4036630207228 BEL 92
-32.39439847 -126.682198 8.96641622475248 COG 93
97.04149258 -181.9763772 29.7966580416393 TZA 94
55.73044505 147.6520444 11.7546810506177 CZE 95
311.2908087 -151.5055605 21.2528719037786 MYS 96
88.21033966 134.2375324 8.73487390815811 SVK 97
41.30659869 -147.0375285 25.2903039349472 UGA 98
315.8430549 178.0153361 18.5585182982406 PRK 99
-34.38619118 126.4788363 2.935985782982 LUX 100
-147.1765821 -83.36622616 13.4363711296691 BEN 101
74.75540843 64.95972572 11.668208793352 GRC 102
18.25133545 122.6963136 10.7615500425562 CHE 103
-194.8844366 1.510344741 15.2924411827618 SEN 104
66.17030435 -8.653888684 12.2169728495293 JOR 105
-68.08159291 159.7089707 15.2298805275812 NLD 106
146.6497712 -54.14003373 7.81951430611768 OMN 107
17.14855409 67.80402113 27.8397371986751 ITA 108
321.0430256 -122.8684085 10.0250131978466 LAO 109
147.1138761 91.31549501 6.04761742585862 ARM 110
-19.00030614 78.52862528 0.690922651935891 MCO 111
150.6917837 -35.51348792 11.1933125229325 ARE 112
70.60884315 27.81020721 8.40908705468145 PSE 113
151.1220644 217.02982 11.8200576570984 SWE 114
125.7188649 105.0052684 6.7256677607774 MDA 115
-95.8225852 69.04929206 25.0122452345033 ESP 116
-104.2261647 -130.7613419 54.2812611062592 NGA 117
59.09835282 71.05235642 6.10653237901724 ALB 118
48.58201219 -234.8084113 3.9921768091913 SWZ 119
154.5490487 115.6177467 7.00577463501729 GEO 120
-59.61391819 -35.24139885 9.52299542275068 LBY 121
369.7418857 -144.1458464 11.661777933995 PNG 122
102.6866048 172.8939253 23.2405147969767 POL 123
55.61642703 124.1911815 10.8602717994275 AUT 124
331.804615 -107.5668498 9.93138011326245 HKG 125
154.5722735 191.2723319 4.17340813003173 EST 126
145.4106584 198.8681192 8.48939641519723 NOR 127
60.33538786 79.37677407 2.87139911180289 MNE 128
114.2155651 -17.93038887 24.4761935431549 IRQ 129
-214.236862 -19.32944347 5.32119388953018 GNB 130
-147.9816776 -23.1147592 17.5120515220135 MLI 131
173.1950804 137.1158844 16.066419048916 KAZ 132
