-1.32873133 95.44850088 12.557061120706921 HRV 0
112.5690287 89.39634812 37.190267079057826 UZB 1
15.6608404 71.04060508 16.219054210516582 BGR 2
-112.4019376 41.56832002 4.8067563876665504 ESH 3
-55.48333458 -69.83222533 8.2122012116535252 GNQ 4
9.422173339 80.74783812 16.768756670155742 SRB 5
-108.6928808 10.45334889 30.241677316167273 BFA 6
-96.48915325 -37.11799819 18.870849556599598 TGO 7
87.19206174 75.37971674 16.009163623128554 TKM 8
82.47157641 162.0956843 8.4843270967260729 LVA 9
-23.42172011 129.7162772 57.238547839388026 DEU 10
211.0625498 -80.95073844 53.143183431408069 THA 11
92.96850967 93.65216303 20.237889446289813 AZE 12
218.1026572 49.3363261 236.80474093456917 CHN 13
-54.35363178 -76.01700801 9.789922219419763 GAB 14
127.8634224 -24.59037822 97.25798843362314 PAK 15
4.786851551 -84.08459949 23.545605091055275 RWA 16
37.40756207 46.95931245 30.225840536078788 SYR 17
-10.59484546 -116.0385968 28.444318200884272 ZMB 18
-3.370988276 145.1715303 15.2478088008267 DNK 19
173.0245372 -34.16841426 34.860711515510097 NPL 20
-47.93080872 54.57501493 22.136663020574257 TUN 21
163.7816712 -83.76921182 82.479617937764189 BGD 22
130.0166964 82.74437003 16.276737746062985 KGZ 23
-7.063440815 26.17952151 66.584789381892961 EGY 24
-80.1478719 53.01742532 42.35386041920701 DZA 25
-63.09825992 32.89708774 32.710506560757047 NER 26
109.3929032 40.78505771 40.760695937709116 AFG 27
73.18647894 -33.12440049 36.810586215824081 YEM 28
-96.04007154 72.69684142 20.076669064768613 PRT 29
-25.38728804 -87.55670626 63.422018311371339 COD 30
74.44394083 -7.634454636 13.020670410425378 KWT 31
-67.44932673 61.9006295 1.1329633457435904 GIB 32
242.2037963 -75.55491768 25.816605213989654 KHM 33
232.917568 -154.1772359 104.48136402769953 IDN 34
122.84327 72.27046547 19.974416800942763 TJK 35
-153.7103866 -17.99078243 18.595133539528913 SLE 36
40.76505989 77.63221652 58.098497280179103 TUR 37
81.31716609 145.6009636 19.3284881314313 BLR 38
24.84810999 114.1089264 19.987163229818361 HUN 39
6.803103702 66.73750582 9.0569604257762002 MKD 40
234.7587124 -64.29042625 4.2198916596449774 BRN 41
-18.18765026 -152.3542275 48.747317566996678 ZAF 42
-19.08954441 -6.452850553 26.813465849264972 TCD 43
-22.78636422 85.69354935 1.1508063858912092 SMR 44
-49.94786977 102.1123921 50.468822644874962 FRA 45
26.45947632 -131.9452034 36.514378401015769 MOZ 46
38.3639861 -47.21013431 70.546041612587103 ETH 47
40.7589925 -18.4301533 12.142968576167476 ERI 48
-43.48912331 71.64993395 1.7770982283583625 AND 49
2.021667349 87.27263562 11.238449618691737 BIH 50
-33.0012331 -122.1752671 37.985730249503682 AGO 51
97.22543168 169.799209 14.769275929636084 FIN 52
5.701326995 -10.10923005 43.500575062320337 SDN 53
186.230046 -29.12867281 5.565028320431276 BTN 54
225.4081204 -49.30726683 46.332917598525327 MMR 55
191.7296346 132.0880602 11.644467007726591 MNG 56
315.5926307 71.74598522 45.13134315363525 KOR 57
-27.56783327 -47.42661913 15.029101654374699 CAF 58
22.8161785 26.8747016 18.996217189388506 ISR 59
234.6497395 -33.71165409 5.2620541529842972 MAC 60
273.6294292 -58.60835439 62.357436562825313 VNM 61
-108.2474148 56.15639394 38.579420067195542 MAR 62
19.94818916 44.46957934 14.511818404630572 LBN 63
57.15663652 -12.14512123 38.121459497544961 SAU 64
86.03077212 14.82991297 59.22384170286221 IRN 65
57.08997003 -27.79385501 6.6859618848297169 DJI 66
79.53296567 155.8491096 10.340522835179389 LTU 67
164.6733928 145.9370198 75.375622048486363 RUS 68
-1.148928146 -132.7599816 25.603029953893035 ZWE 69
-117.8852372 32.33813465 13.83031670550182 MRT 70
-13.1863054 -129.3034655 10.258426419874205 BWA 71
76.74697332 -15.56035472 10.336581335956653 QAT 72
-155.0778032 4.336344551 10.444430594358346 GMB 73
108.2900773 -181.2430844 237.05012914518309 IND 74
-54.57065558 -55.27051247 33.567875577731229 CMR 75
-24.44331294 43.15547714 0.14273996463758234 VAT 76
-144.2280473 -38.07670257 14.598607327398124 LBR 77
-111.7073161 -25.10917388 36.635262367418953 GHA 78
40.3345878 107.7006253 27.972298945107518 ROU 79
81.96830094 124.1778266 38.017095393994964 UKR 80
2.296468756 -100.2167731 22.819205598105199 BDI 81
59.40947575 -82.27250455 46.5542406551113 KEN 82
-141.646035 -3.906647392 23.625512441898575 GIN 83
9.336019406 -116.9409786 28.693573347859068 MWI 84
-0.5590538891 103.2712857 9.130896023358769 SVN 85
10.76622056 -135.7493356 9.5742239410731038 LSO 86
-136.1956742 -23.1812529 33.699632998247999 CIV 87
76.32893079 -55.08619081 26.714119015999053 SOM 88
7.417336929 -39.32342192 20.88447149161146 SSD 89
271.4388436 -147.3699329 7.3160324182542684 TLS 90
-17.59384934 99.75713917 1.2443781621195815 LIE 91
-52.12560235 127.1297202 21.43952368190336 BEL 92
-47.24365442 -70.76282343 15.498300193355377 COG 93
28.07437332 -96.11235626 51.503024119408458 TZA 94
10.63978377 116.780157 20.317769221632126 CZE 95
231.380628 -104.8848688 36.735232949191008 MYS 96
28.90015745 125.6732319 15.098083179099644 SVK 97
0.8861493787 -60.91807026 43.713866559415592 UGA 98
270.4904023 127.2730192 32.078087891570178 PRK 99
-32.12221759 109.7701222 5.0748022272783357 LUX 100
-101.5899334 -6.814050181 23.22454234302446 BEN 101
9.426386557 55.60934325 20.168303373972602 GRC 102
-28.983457 90.18042347 18.601158916192968 CHE 103
-145.3787536 17.51976415 26.432728327444451 SEN 104
33.01553379 13.80951717 21.116832849381122 JOR 105
-49.58883681 143.6214868 26.324593283299887 NLD 106
88.33893286 -24.21322381 13.515899445744749 OMN 107
-26.71426904 66.90043076 48.120519234662289 ITA 108
248.3362284 -46.99767474 17.328067322333666 LAO 109
83.90580681 84.42946518 10.453205380069374 ARM 110
-9.734882006 69.78020849 1.1942482260115264 MCO 111
87.24772321 -12.78773387 19.347453128436602 ARE 112
33.42104533 31.84349102 14.534966062107987 PSE 113
86.90393532 176.4800568 20.43077159041167 SWE 114
53.2421655 101.2995112 11.625204021819526 MDA 115
-76.26670651 82.65770394 43.233246755155612 ESP 116
-60.94653511 -11.24118443 93.824250225672941 NGA 117
1.005008191 63.09118075 10.55503888936032 ALB 118
13.91045346 -140.567628 6.900410717382937 SWZ 119
86.41212942 106.8425646 12.109364060164401 GEO 120
-35.08156937 33.75697976 16.460338010442232 LBY 121
268.0553091 -123.5609433 20.1571877413366 PNG 122
49.24598565 142.1638931 40.170840382954083 POL 123
-2.440692099 112.8333446 18.771797818654669 AUT 124
243.5066931 -35.96185358 17.166224104648915 HKG 125
86.39459145 165.9298544 7.2136660185443509 EST 126
77.5709319 168.5290281 14.673779446007559 NOR 127
0.4474913034 78.59015857 4.9631652484305366 MNE 128
52.58516156 26.67118371 42.306690389331351 IRQ 129
-148.3050705 5.424269388 9.1975944702771741 GNB 130
-102.5320544 31.12889157 30.269287604609637 MLI 131
106.5161199 114.6496007 27.770536099467865 KAZ 132
