40.91358449 130.5814479 8.79715863219482 HRV 0
236.6548406 147.225764 26.0545581424825 UZB 1
83.49638365 131.9530084 11.3626581397136 BGR 2
-183.9215815 7.976989229 3.36749164809655 ESH 3
-81.35110937 -147.4228796 5.75325994545701 GNQ 4
61.27562167 129.2112191 11.7477657450257 SRB 5
-181.2306352 -80.13604648 21.1865523386888 BFA 6
-181.5704792 -114.5219238 13.2204387219184 TGO 7
199.8645614 143.9801691 11.2156141160438 TKM 8
177.9477818 227.1768829 5.94390444068542 LVA 9
-9.864903824 184.5382557 40.0998753115268 DEU 10
532.5753985 -142.210281 37.2307668467895 THA 11
162.6821106 136.1962862 14.1781522068286 AZE 12
453.1980566 79.20859843 165.899397226151 CHN 13
-68.9492787 -145.946965 6.8585712797929 GAB 14
242.1341964 -3.241985708 68.1364806839919 PAK 15
42.87024224 -201.2470032 16.4954539191864 RWA 16
92.6011729 29.26121588 21.1754574921063 SYR 17
6.057815162 -238.4933215 19.9273681152329 ZMB 18
-25.09029575 233.7623419 10.6822282319748 DNK 19
320.9110191 -49.21504223 24.4225305814118 NPL 20
-88.52144031 -9.451257676 15.5083848288595 TUN 21
511.5684291 -232.0900018 57.783129025694 BGD 22
269.6343337 162.8828024 11.4030697621298 KGZ 23
-17.68512518 3.956974992 46.6476151587624 EGY 24
-135.1555704 -6.546367654 29.6720407117543 DZA 25
-130.1240396 -70.10598325 22.9161515093613 NER 26
260.9522332 98.60594322 28.555910071297 AFG 27
175.4649155 -83.41613792 25.788563356651 YEM 28
-158.5912703 87.84339552 14.0652052953378 PRT 29
-9.539713798 -171.3228525 44.4318579399962 COD 30
156.6272153 -6.603202907 9.12195154558496 KWT 31
-125.2058734 53.40805636 0.793725393319377 GIB 32
529.9110729 -88.35403687 18.0864590232582 KHM 33
644.6527965 -255.8230683 73.1969944738171 IDN 34
275.448172 138.2773183 13.9935699519458 TJK 35
-258.637513 -55.25750793 13.0272790712413 SLE 36
112.2481847 90.50139461 40.7023340854059 TUR 37
172.4182068 208.9876783 13.5410487038486 BLR 38
72.94518898 155.8501295 14.0024997768256 HUN 39
73.61303378 116.779134 6.34507683168612 MKD 40
607.2890248 -156.2871201 2.9563490998189 BRN 41
-16.12019701 -313.5427225 34.1511346810029 ZAF 42
-80.9484947 -75.77616783 18.7848343085586 TCD 43
-5.546456467 135.3688549 0.806225774829855 SMR 44
-60.71704233 121.6827815 35.3571774891605 FRA 45
41.99365617 -306.9534319 25.581047672056 MOZ 46
100.7668982 -91.70610515 49.4227680325576 ETH 47
25.16468987 -61.37951297 8.50705589496155 ERI 48
-85.04627797 92.53122704 1.24498995979887 AND 49
47.47552569 115.2993338 7.87337284776988 BIH 50
-41.09261165 -232.4282204 26.6118394704312 AGO 51
192.2458989 250.500494 10.3469802357983 FIN 52
-31.87513941 -70.70463253 30.4753999153415 SDN 53
375.390216 -69.55761006 3.89871773792358 BTN 54
467.0858221 -121.8384474 32.4596672811044 MMR 55
292.3246761 183.9393083 8.15781833580523 MNG 56
364.9288135 255.1847448 31.617874691383 KOR 57
-48.11008025 -116.6191456 10.5290075505719 CAF 58
40.30115363 19.17012143 13.3082681067072 ISR 59
549.6023323 -60.89455214 3.68646171823336 MAC 60
589.61575 -84.85723317 43.6860389598325 VNM 61
-159.744088 43.75998773 27.0277635034792 MAR 62
50.49387321 42.58869148 10.1666120217111 LBN 63
122.8125319 -18.67197662 26.7069279401431 SAU 64
191.8554349 90.34294635 41.4907218544098 IRN 65
44.01260242 -71.81685028 4.68401537145215 DJI 66
163.7651369 227.248745 7.24430811050993 LTU 67
248.8835697 227.4606829 52.8062496301337 RUS 68
15.88686752 -273.8193176 17.936833611315 ZWE 69
-196.3463763 3.756921722 9.68916921103146 MRT 70
-7.36864818 -264.6515765 7.18679344353238 BWA 71
143.2907266 -44.41276977 7.24154679609267 QAT 72
-250.3927005 5.172281566 7.31710325197068 GMB 73
294.5030346 -231.9630222 166.071309984597 IND 74
-81.05988445 -118.133342 23.5168025037419 CMR 75
-6.146153731 72.4801393 0.1 VAT 76
-256.0200042 -78.20049119 10.2274141404365 LBR 77
-219.4556407 -116.8860577 25.6657359138599 GHA 78
107.3056985 150.8945119 19.5966833928601 ROU 79
144.2208768 179.1144716 26.6338130953869 UKR 80
41.4894202 -233.6636612 15.9865568525559 BDI 81
22.17465729 -103.3473542 32.6147206028198 KEN 82
-240.708491 -31.7427135 16.5514349831064 GIN 83
58.19034278 -264.4373977 20.1019899512461 MWI 84
45.85025608 144.9742975 6.39687423668779 SVN 85
15.72959095 -338.5552035 6.7074585350936 LSO 86
-223.7658862 -67.91634559 23.6091084117974 CIV 87
49.75758719 -49.89045484 18.7152344361486 SOM 88
-23.00036658 -113.8250431 14.6311311934518 SSD 89
709.5929012 -299.7408406 5.1254268114958 TLS 90
39.70000135 152.6582082 0.871779788708134 LIE 91
-62.8594452 170.4008789 15.0199866844148 BEL 92
-53.44546036 -137.4924471 10.8577161502776 COG 93
90.09297573 -220.3075209 36.0817128196542 TZA 94
65.93705031 183.9775222 14.234113952052 CZE 95
586.1148932 -175.5081312 25.7357727686581 MYS 96
89.09768912 175.2408246 10.5773342577419 SVK 97
63.21774109 -159.4934529 30.6248265301209 UGA 98
326.6731347 217.8457682 22.4730950249404 PRK 99
-47.04059664 160.5603814 3.55527776692624 LUX 100
-154.0252089 -104.7386314 16.2705254985818 BEN 101
58.15845948 86.50975094 14.129401968944 GRC 102
26.583189 148.0521386 13.0315002973564 CHE 103
-225.1875977 -0.5227161829 18.5180992545132 SEN 104
70.08563509 1.982659172 14.7939176690963 JOR 105
-83.08537759 196.373621 18.4423425843899 NLD 106
174.4837498 -48.48490142 9.46889645101265 OMN 107
8.380451978 104.9856587 33.7120156620751 ITA 108
500.6178585 -92.48052615 12.1396046064112 LAO 109
151.6065627 117.9525925 7.32325064435187 ARM 110
-28.09375232 106.0212783 0.836660026534076 MCO 111
160.1322764 -31.2664594 13.5543350998859 ARE 112
62.18681348 25.35615689 10.1828286836222 PSE 113
177.4798712 269.2641465 14.3132805464017 SWE 114
135.0073208 146.6734058 8.14432317629893 MDA 115
-114.6961601 81.95686638 30.2881164815509 ESP 116
-140.7505915 -183.0307914 65.7308907592161 NGA 117
65.40159183 106.0568729 7.39459261893445 ALB 118
19.54363506 -327.8472347 4.83425278610873 SWZ 119
141.0289708 129.6842166 8.48351342310484 GEO 120
-87.63107922 -36.43479649 11.5316954521007 LBY 121
730.5872307 -260.6060419 14.1216146385603 PNG 122
101.9282923 211.1383754 28.1426722256434 POL 123
47.36393294 163.8719054 13.151045585808 AUT 124
430.4307828 -95.19971076 12.0262213516965 HKG 125
187.8581731 231.9521055 5.0537115073973 EST 126
173.3429759 244.032202 10.2800778207171 NOR 127
58.68904011 114.313235 3.47706773014274 MNE 128
147.9191071 31.20022389 29.6389945848371 IRQ 129
-248.3278801 -8.747869643 6.44360147743481 GNB 130
-195.8824768 -29.20800974 21.2058954067024 MLI 131
202.4921883 175.1079597 19.4553334589773 KAZ 132
