-1.945228914 89.25466138 12.557061120706921 HRV 0
109.349141 89.77557715 37.190267079057826 UZB 1
15.45536373 67.11549996 16.219054210516582 BGR 2
-99.07894839 39.18522135 4.8067563876665504 ESH 3
-49.39951018 -62.81176062 8.2122012116535252 GNQ 4
9.272332108 76.17812137 16.768756670155742 SRB 5
-96.15558613 11.28015446 30.241677316167273 BFA 6
-84.53732407 -34.57024825 18.870849556599598 TGO 7
87.22054604 74.88435699 16.009163623128554 TKM 8
78.7519488 160.5543441 8.4843270967260729 LVA 9
-23.89446314 128.8859041 57.238547839388026 DEU 10
212.1816691 -66.93105235 53.143183431408069 THA 11
91.51779457 96.62355002 20.237889446289813 AZE 12
215.3232843 59.42833895 236.80474093456917 CHN 13
-49.37108813 -68.90767569 9.789922219419763 GAB 14
127.4572543 -8.670990791 97.25798843362314 PAK 15
12.27169261 -69.52675622 23.545605091055275 RWA 16
39.43054519 46.15600488 30.225840536078788 SYR 17
-0.9164885276 -98.33668621 28.444318200884272 ZMB 18
-4.793836624 143.5946143 15.2478088008267 DNK 19
170.1758064 -18.89735999 34.860711515510097 NPL 20
-39.80093389 50.6861831 22.136663020574257 TUN 21
167.7592295 -59.05152814 82.479617937764189 BGD 22
125.7795432 82.97568141 16.276737746062985 KGZ 23
-5.315424239 29.62974533 66.584789381892961 EGY 24
-70.77972297 48.52024168 42.35386041920701 DZA 25
-49.68820074 35.16174485 32.710506560757047 NER 26
108.3602951 52.40716757 40.760695937709116 AFG 27
77.28538144 -19.0108622 36.810586215824081 YEM 28
-91.13357073 73.02924838 20.076669064768613 PRT 29
-16.53663379 -72.07701806 63.422018311371339 COD 30
78.2718088 5.376650818 13.020670410425378 KWT 31
-64.80983304 62.62525039 1.1329633457435904 GIB 32
237.0708721 -75.35306323 25.816605213989654 KHM 33
226.1998852 -141.5076644 104.48136402769953 IDN 34
120.968409 71.91832308 19.974416800942763 TJK 35
-138.1545252 -20.42186281 18.595133539528913 SLE 36
38.70432191 75.5189611 58.098497280179103 TUR 37
77.73598131 145.3785068 19.3284881314313 BLR 38
23.43582774 109.1677002 19.987163229818361 HUN 39
7.168925205 65.55957385 9.0569604257762002 MKD 40
227.7501134 -53.91272461 4.2198916596449774 BRN 41
-11.05940867 -131.5969736 48.747317566996678 ZAF 42
-10.12242004 -1.065354863 26.813465849264972 TCD 43
-22.56619472 85.71415442 1.1508063858912092 SMR 44
-50.45747977 100.8894913 50.468822644874962 FRA 45
27.03422298 -119.0916963 36.514378401015769 MOZ 46
44.00886774 -32.20851071 70.546041612587103 ETH 47
46.11941323 -4.789555406 12.142968576167476 ERI 48
-43.03005612 69.12605065 1.7770982283583625 AND 49
1.99962839 82.13247964 11.238449618691737 BIH 50
-22.90258409 -105.2294968 37.985730249503682 AGO 51
92.06525572 165.5555217 14.769275929636084 FIN 52
15.00303482 -0.8573361347 43.500575062320337 SDN 53
182.9017084 -14.44371817 5.565028320431276 BTN 54
219.7223823 -34.72188752 46.332917598525327 MMR 55
186.7646475 137.0457706 11.644467007726591 MNG 56
308.9243645 70.84680892 45.13134315363525 KOR 57
-22.57647835 -41.00921742 15.029101654374699 CAF 58
23.13407025 30.36964805 18.996217189388506 ISR 59
228.5611683 -20.01675096 5.2620541529842972 MAC 60
257.1792268 -54.00228191 62.357436562825313 VNM 61
-97.22763792 53.4966435 38.579420067195542 MAR 62
20.07325036 44.4132678 14.511818404630572 LBN 63
61.94193521 0.6317607153 38.121459497544961 SAU 64
85.44068328 28.30854703 59.22384170286221 IRN 65
62.38941561 -14.26640932 6.6859618848297169 DJI 66
75.77567807 155.0475293 10.340522835179389 LTU 67
161.376406 150.9308397 75.375622048486363 RUS 68
6.876219898 -114.5333676 25.603029953893035 ZWE 69
-105.3238303 27.98603693 13.83031670550182 MRT 70
-4.45123249 -110.7121204 10.258426419874205 BWA 71
78.48263452 -2.392183997 10.336581335956653 QAT 72
-140.2766492 1.967612717 10.444430594358346 GMB 73
112.5687802 -150.0749228 237.05012914518309 IND 74
-46.56336023 -49.16510051 33.567875577731229 CMR 75
-24.02637301 43.02238407 0.14273996463758234 VAT 76
-129.5195082 -39.40378523 14.598607327398124 LBR 77
-98.32906913 -22.30119027 36.635262367418953 GHA 78
38.75681525 104.6201348 27.972298945107518 ROU 79
78.84472776 126.3238037 38.017095393994964 UKR 80
9.266693471 -84.65913274 22.819205598105199 BDI 81
64.89467403 -65.07597846 46.5542406551113 KEN 82
-127.1915289 -7.269048354 23.625512441898575 GIN 83
18.13008512 -99.31841653 28.693573347859068 MWI 84
-4.030551592 99.89248867 9.130896023358769 SVN 85
12.7381761 -124.6571853 9.5742239410731038 LSO 86
-121.5022604 -25.46077206 33.699632998247999 CIV 87
82.4766313 -39.4934044 26.714119015999053 SOM 88
10.0024068 -25.9003064 20.88447149161146 SSD 89
263.0072144 -136.0331628 7.3160324182542684 TLS 90
-21.81461877 97.01487485 1.2443781621195815 LIE 91
-52.06496372 124.7573897 21.43952368190336 BEL 92
-41.74375675 -64.7668844 15.498300193355377 COG 93
35.39359071 -78.97540496 51.503024119408458 TZA 94
6.924483498 111.7411023 20.317769221632126 CZE 95
223.4305168 -94.62469277 36.735232949191008 MYS 96
26.05268607 120.5432889 15.098083179099644 SVK 97
9.165057662 -47.37024787 43.713866559415592 UGA 98
267.1814921 132.2013342 32.078087891570178 PRK 99
-33.69778968 108.635124 5.0748022272783357 LUX 100
-88.70356405 -4.866458676 23.22454234302446 BEN 101
9.061915477 55.76786868 20.168303373972602 GRC 102
-29.38374805 91.76665744 18.601158916192968 CHE 103
-131.3096032 13.0427608 26.432728327444451 SEN 104
33.24333411 15.25820696 21.116832849381122 JOR 105
-49.22486553 140.3840116 26.324593283299887 NLD 106
90.25969571 -8.434894616 13.515899445744749 OMN 107
-26.2951726 69.75329159 48.120519234662289 ITA 108
240.9517013 -33.03402486 17.328067322333666 LAO 109
81.96305463 87.97199007 10.453205380069374 ARM 110
-9.848419785 69.15273411 1.1942482260115264 MCO 111
88.78920231 2.395991001 19.347453128436602 ARE 112
34.12613615 32.24630317 14.534966062107987 PSE 113
82.06654497 171.6441263 20.43077159041167 SWE 114
51.15742889 100.1276957 11.625204021819526 MDA 115
-70.42884911 76.98551926 43.233246755155612 ESP 116
-49.83355273 -6.912428464 93.824250225672941 NGA 117
0.930341161 63.65557202 10.55503888936032 ALB 118
16.33369471 -128.7958791 6.900410717382937 SWZ 119
83.84829638 110.4235095 12.109364060164401 GEO 120
-32.14553752 36.18431807 16.460338010442232 LBY 121
259.0008962 -114.4282949 20.1571877413366 PNG 122
46.62313542 137.6759098 40.170840382954083 POL 123
-5.794203996 109.0141232 18.771797818654669 AUT 124
237.142505 -22.21087629 17.166224104648915 HKG 125
83.58961236 162.51708 7.2136660185443509 EST 126
72.46255089 165.0028372 14.673779446007559 NOR 127
0.2347685278 75.5901925 4.9631652484305366 MNE 128
51.79616645 25.40618041 42.306690389331351 IRQ 129
-133.7651411 1.449018601 9.1975944702771741 GNB 130
-90.91475937 30.71357664 30.269287604609637 MLI 131
104.2115254 115.2284165 27.770536099467865 KAZ 132
