19.48337882 46.59588844 44.533807217745306 HRV 0
63.59351419 43.93076374 46.996992309527926 UZB 1
22.38207258 40.41411682 41.283221069846888 BGR 2
-11.41392683 26.86186949 7.8192686958681321 ESH 3
16.37361835 0.3966779705 41.144141883759261 GNQ 4
19.32697124 42.29832598 47.562754637560218 SRB 5
2.178748199 13.1142102 48.517286333017566 BFA 6
0.7228522053 -0.8678317398 67.885934341846365 TGO 7
56.61377588 34.52531243 19.54817173967033 TKM 8
30.23598008 58.68696647 28.529617402176342 LVA 9
9.106830722 56.49333215 81.260223955657779 DEU 10
98.49470862 10.15240239 62.370616214222537 THA 11
46.65240541 39.80472435 59.066540424000038 AZE 12
106.7143868 37.67567167 64.715963728167878 CHN 13
8.284925918 -4.498408274 16.237930984916545 GAB 14
66.93700642 39.04018101 92.95150523365362 PAK 15
29.64094887 -5.813747194 125.77847256289328 RWA 16
38.4124766 39.45624543 59.195789025863917 SYR 17
30.53430699 -18.08547723 27.714316641600973 ZMB 18
13.65029969 58.92452415 63.973613362656039 DNK 19
82.88895125 21.52601671 77.258569148282902 NPL 20
10.81596592 26.8079521 47.118798973368882 TUN 21
89.7488652 26.88281222 191.81129906251886 BGD 22
70.57989725 46.49219031 31.15465914825036 KGZ 23
26.20840015 24.11063709 56.011567205046987 EGY 24
6.540164297 21.34157379 23.046954582448855 DZA 25
12.408094 19.22467196 24.415658677317786 NER 26
65.41108264 40.44813719 42.334317948036556 AFG 27
50.52407066 17.13005477 42.514464795643661 YEM 28
-6.983610384 38.36951182 55.669404154608429 PRT 29
22.96884528 -0.4405110247 35.349235211658097 COD 30
48.25901183 26.44150444 81.845933020002008 KWT 31
-3.70129163 32.32406112 364.84451337081953 GIB 32
105.332856 10.26028593 51.571619014831185 KHM 33
121.9145507 -9.151798956 63.973613362656039 IDN 34
71.80582883 34.32849917 45.003270962534728 TJK 35
-16.17538248 4.916512579 58.088009882856824 SLE 36
33.58990158 39.54245743 55.08284928911408 TUR 37
32.89527215 44.01991445 35.992001226004987 BLR 38
19.90697092 48.20489128 55.497531548808638 HUN 39
22.46313985 38.29558198 47.843126988086951 MKD 40
117.9130841 -1.227527019 48.752999233091558 BRN 41
23.77888209 -35.96791369 37.141526305373105 ZAF 42
13.58476979 16.95383621 20.030915338092207 TCD 43
15.11937968 44.79952698 124.60330363242798 SMR 44
4.954191187 44.40040389 57.226417215971679 FRA 45
33.98134166 -14.12680098 34.528955635735002 MOZ 46
37.76525117 12.78480791 55.703715038700238 ETH 47
37.72606474 25.77862002 29.257024475064838 ERI 48
-1.338011088 42.73282689 68.697293081976909 AND 49
17.85047602 42.62094908 41.651828571755829 BIH 50
21.59808548 -11.17644997 28.529617402176342 AGO 51
38.25767536 63.38681017 22.459139436763884 FIN 52
34.70587227 14.37560967 26.731722809052243 SDN 53
89.17907092 21.84767944 23.941523083243005 BTN 54
96.83521155 22.00379174 48.121865833357347 MMR 55
94.067956 50.56348282 7.8192686958681321 MNG 56
126.7696004 35.73396191 121.21442841543978 KOR 57
14.40670926 2.084276506 16.000868173434725 CAF 58
32.22682528 27.7758312 108.3469652742113 ISR 59
108.8127458 24.6137507 769.84065818877934 MAC 60
111.0249304 13.91906202 93.463977444750384 VNM 61
-10.66923387 26.62831505 48.438460470505902 MAR 62
32.52047218 35.67625275 120.37611148541555 LBN 63
52.23016286 20.95765942 21.855520422871578 SAU 64
54.28007124 32.80341111 38.998480138170763 IRN 65
46.2870168 0.7684896469 36.831577690765926 DJI 66
23.92568018 52.7630907 34.694563087686532 LTU 67
71.05161995 53.43431025 15.638537391736264 RUS 68
28.31844193 -18.1759801 34.528955635735002 ZWE 69
-15.19016778 24.27541199 11.398444904619073 MRT 70
25.31234837 -25.63289365 11.398444904619073 BWA 71
55.44992206 28.04642168 80.906763280762021 QAT 72
-16.4601236 12.405594 87.115567062965226 GMB 73
81.26758729 17.66762308 115.3507783217006 IND 74
13.91681725 4.58186656 40.957968340926769 CMR 75
19.48989564 39.20753306 180.55358533300256 VAT 76
-9.620804518 7.563381697 39.48537140414976 LBR 77
-4.946469107 13.06188723 64.44970263401359 GHA 78
31.48899559 43.04401018 48.948559581871748 ROU 79
38.73958295 41.46125599 41.926157520964892 UKR 80
24.89055015 -9.468943509 119.48395225328625 BDI 81
43.54137933 3.488549842 51.7934334536032 KEN 82
-6.180268747 8.002725792 39.966331539934984 GIN 83
42.65725167 -12.13325362 78.412295499309153 MWI 84
13.31463627 46.37157339 53.996848705407075 SVN 85
28.15765545 -24.61176182 46.09390916489771 LSO 86
-5.407357886 6.518485157 50.144013609131548 CIV 87
49.70843025 14.02516383 28.327992137877231 SOM 88
32.71100121 13.77855432 22.029670749283277 SSD 89
123.8410959 -6.99712418 50.334169822804569 TLS 90
9.28550064 50.05158472 82.774447501992341 LIE 91
9.355713723 47.47427481 103.3837733091176 BEL 92
13.76576165 1.835344708 22.288345023189358 COG 93
39.65800968 -8.111845601 45.927804447494381 TZA 94
20.50343658 51.6706066 61.351369429556172 CZE 95
117.42979 -2.799275759 53.784122276120684 MYS 96
20.07800556 50.09520116 57.19301982928323 SVK 97
27.71549393 1.687933972 81.915936681853537 UGA 98
129.0901579 46.69824639 77.554769221780816 PRK 99
12.34552957 48.07105268 83.920645066883992 LUX 100
4.485831016 15.7655964 58.022187754200388 BEN 101
21.77266656 36.43781883 47.118798973368882 GRC 102
8.481676648 45.44100169 78.509702115123986 CHE 103
-16.62518621 15.83459549 50.561413279819419 SEN 104
37.14187834 33.02550664 59.453443296950098 JOR 105
5.470038885 53.43036559 120.37611148541555 NLD 106
62.70285775 28.41306007 20.408890465097933 OMN 107
17.02451651 41.39613968 74.257326877469239 ITA 108
105.3395671 12.73221119 30.283897438618197 LAO 109
38.96798911 48.73591652 51.977555731593327 ARM 110
9.144534236 35.83479913 708.90360667738537 MCO 111
61.01297995 27.50689482 60.913809504175333 ARE 112
39.8573923 37.11305969 157.1775121867293 PSE 113
35.2152895 73.32444623 26.87429300851052 SWE 114
34.2189256 47.60420602 53.784122276120684 MDA 115
-4.938298448 38.65492796 51.311623600559329 ESP 116
8.612688229 13.64968302 82.496990472722388 NGA 117
20.09106209 34.8590863 53.499171279035693 ALB 118
29.84518292 -18.96841671 44.145987288253025 SWZ 119
42.57247729 51.90762779 38.555021222074046 GEO 120
21.69054977 26.26648752 10.343920201829693 LBY 121
146.6541105 -13.954508 25.110081248375081 PNG 122
22.0869267 53.08011261 60.913809504175333 POL 123
12.32796977 53.47854845 54.839503230079146 AUT 124
123.5075386 25.58216103 444.48777161398789 HKG 125
27.58003044 61.65242121 29.257024475064838 EST 126
35.09977379 55.7700173 20.408890465097933 NOR 127
12.83507282 27.65806764 35.938876471991861 MNE 128
40.94988669 28.39946353 53.890590454769722 IRQ 129
-16.88681255 8.879187786 46.010931763381734 GNB 130
1.877489104 14.07462563 22.963902223747191 MLI 131
69.99716673 52.92512758 14.23128383993285 KAZ 132
