-95.73050588 0.2543240416 2.16035532952908 ECU 0
-88.31777646 1.931510957 0.504866933196508 SUR 1
-88.84227982 -0.100079144 1.28545492556643 BRA 2
-90.2351681 -3.969785897 1.0312657948377 ARG 3
-99.64028525 12.59704529 1.93046021830909 NIC 4
-109.3548709 24.09473132 1.0730342291487 BLZ 5
-90.81231091 -2.208116827 0.854116229664759 BOL 6
-102.6191824 15.70120789 2.45550026844296 HND 7
-88.95743769 -2.383140594 1.04817291823975 PRY 8
-108.8424958 28.32085681 0.521985903736631 CAN 9
-88.11715262 -4.330342547 1.11717729388826 URY 10
-107.2220438 10.74987904 4.42324003825118 SLV 11
-112.6204326 24.38329006 2.05185035997943 MEX 12
-99.60141033 8.208161232 2.55031478093684 CRI 13
-95.75441345 5.571595379 1.95758745277471 PAN 14
-109.2932595 19.83316921 3.27862054964304 GTM 15
-89.6428957 3.504958259 1.44328501015677 VEN 16
-92.5474959 -3.71529009 1.29567062205629 CHL 17
-92.62629804 -1.119799533 1.30580640067986 PER 18
-109.8880639 26.59543879 1.53763787543597 USA 19
-92.26018371 1.829577228 1.72869106232576 COL 20
-87.65795005 1.218345646 0.487146750754583 GUF 21
-89.27560193 1.623924789 0.513497762378277 GUY 22
