60.92011491 92.0578641 12.557061120706921 HRV 0
185.2962708 70.43791263 37.190267079057826 UZB 1
87.58620208 80.2849589 16.219054210516582 BGR 2
-139.7963752 57.17544201 4.8067563876665504 ESH 3
-61.6730004 -93.30977607 8.2122012116535252 GNQ 4
78.35772088 92.39336565 16.768756670155742 SRB 5
-157.3654502 -23.87708803 30.241677316167273 BFA 6
-160.0119685 -72.35007611 18.870849556599598 TGO 7
162.4811543 58.62848968 16.009163623128554 TKM 8
159.5230395 158.869478 8.4843270967260729 LVA 9
26.10568767 153.1703461 57.238547839388026 DEU 10
231.554413 -183.6884304 53.143183431408069 THA 11
159.1703697 74.93204231 20.237889446289813 AZE 12
295.1208943 -14.81292026 236.80474093456917 CHN 13
-62.17432653 -102.0257208 9.789922219419763 GAB 14
181.4674051 -115.0717443 97.25798843362314 PAK 15
28.66275796 -165.651751 23.545605091055275 RWA 16
83.82444235 3.123283078 30.225840536078788 SYR 17
-12.38537247 -182.7468027 28.444318200884272 ZMB 18
14.90321969 185.1065151 15.2478088008267 DNK 19
104.4716054 -125.9445241 34.860711515510097 NPL 20
-49.53934621 23.77399949 22.136663020574257 TUN 21
168.9066871 -199.7976824 82.479617937764189 BGD 22
211.1969805 73.49024121 16.276737746062985 KGZ 23
-8.321320022 12.82359652 66.584789381892961 EGY 24
-105.966605 24.32148221 42.35386041920701 DZA 25
-94.69159038 -23.68144305 32.710506560757047 NER 26
173.4587521 17.70458099 40.760695937709116 AFG 27
106.0627551 -92.60743078 36.810586215824081 YEM 28
-115.3394733 90.85767029 20.076669064768613 PRT 29
-30.84077555 -138.427556 63.422018311371339 COD 30
113.8339007 -53.91801858 13.020670410425378 KWT 31
-72.4251269 59.75006849 1.1329633457435904 GIB 32
306.2159072 -176.6935714 25.816605213989654 KHM 33
277.0075671 -241.6123976 104.48136402769953 IDN 34
192.5416914 44.65234633 19.974416800942763 TJK 35
-212.7963102 -3.30630208 18.595133539528913 SLE 36
98.60114469 47.76571758 58.098497280179103 TUR 37
151.8257195 137.6236606 19.3284881314313 BLR 38
88.92502279 105.7818423 19.987163229818361 HUN 39
74.21421968 69.56152882 9.0569604257762002 MKD 40
279.2147496 -139.4953617 4.2198916596449774 BRN 41
-33.44119759 -223.3985043 48.747317566996678 ZAF 42
-41.5334374 -49.06242313 26.813465849264972 TCD 43
-22.02946339 86.41707721 1.1508063858912092 SMR 44
-41.53420176 100.0623524 50.468822644874962 FRA 45
41.65647492 -218.5514991 36.514378401015769 MOZ 46
27.97204352 -81.89868776 70.546041612587103 ETH 47
46.49235532 -48.41346621 12.142968576167476 ERI 48
-45.71236726 73.31999831 1.7770982283583625 AND 49
68.56971073 83.82252548 11.238449618691737 BIH 50
-74.72691192 -159.8150883 37.985730249503682 AGO 51
181.5473029 170.8591125 14.769275929636084 FIN 52
-8.75664932 -43.00394839 43.500575062320337 SDN 53
237.277364 -127.9331393 5.565028320431276 BTN 54
255.3285108 -144.4648229 46.332917598525327 MMR 55
273.1069701 107.1270102 11.644467007726591 MNG 56
406.6670274 80.04029519 45.13134315363525 KOR 57
-32.6251795 -89.91829939 15.029101654374699 CAF 58
35.28424702 3.677949287 18.996217189388506 ISR 59
255.0488928 -120.7686714 5.2620541529842972 MAC 60
363.9454257 -160.8059176 62.357436562825313 VNM 61
-118.7319615 63.67887238 38.579420067195542 MAR 62
42.18037939 17.58273157 14.511818404630572 LBN 63
79.78129071 -64.6813518 38.121459497544961 SAU 64
128.4392213 2.494830694 59.22384170286221 IRN 65
58.32899272 -62.97409921 6.6859618848297169 DJI 66
153.1131648 152.0839079 10.340522835179389 LTU 67
232.489847 121.3725721 75.375622048486363 RUS 68
-2.892695913 -205.8336916 25.603029953893035 ZWE 69
-152.6377003 43.6763091 13.83031670550182 MRT 70
-31.25993018 -183.9114306 10.258426419874205 BWA 71
103.3796708 -57.54925965 10.336581335956653 QAT 72
-209.0717494 9.604394893 10.444430594358346 GMB 73
122.5035134 -340.1401339 237.05012914518309 IND 74
-50.24169508 -75.72881156 33.567875577731229 CMR 75
-23.39229975 43.12370443 0.14273996463758234 VAT 76
-215.6467385 -21.94759185 14.598607327398124 LBR 77
-173.8153819 -50.81594998 36.635262367418953 GHA 78
109.3716675 96.22839721 27.972298945107518 ROU 79
145.499383 110.6955138 38.017095393994964 UKR 80
10.98030067 -177.6397745 22.819205598105199 BDI 81
58.23940884 -127.1034243 46.5542406551113 KEN 82
-193.4163524 3.54765995 23.625512441898575 GIN 83
31.35922161 -190.0862745 28.693573347859068 MWI 84
61.40459154 104.5525683 9.130896023358769 SVN 85
5.432429212 -191.5208635 9.5742239410731038 LSO 86
-192.2282872 -24.34253645 33.699632998247999 CIV 87
71.29623175 -93.45555349 26.714119015999053 SOM 88
-5.759492707 -106.9245989 20.88447149161146 SSD 89
332.6381769 -217.3853492 7.3160324182542684 TLS 90
42.55717659 116.0874784 1.2443781621195815 LIE 91
-47.21323271 132.7556917 21.43952368190336 BEL 92
-54.43793755 -111.1582189 15.498300193355377 COG 93
64.8493488 -173.4174744 51.503024119408458 TZA 94
64.98966805 138.1733682 20.317769221632126 CZE 95
276.9903863 -176.4622436 36.735232949191008 MYS 96
95.24258592 120.971835 15.098083179099644 SVK 97
17.73926311 -136.740098 43.713866559415592 UGA 98
339.096401 116.5888637 32.078087891570178 PRK 99
-25.96590882 120.6114501 5.0748022272783357 LUX 100
-143.6729192 -44.93270213 23.22454234302446 BEN 101
63.26126558 55.48830479 20.168303373972602 GRC 102
24.53119975 117.8339879 18.601158916192968 CHE 103
-191.285112 33.03814953 26.432728327444451 SEN 104
55.98019638 -15.07962793 21.116832849381122 JOR 105
-49.97338458 154.6953062 26.324593283299887 NLD 106
124.553284 -60.13065981 13.515899445744749 OMN 107
17.38413322 68.35681777 48.120519234662289 ITA 108
292.745108 -152.1583306 17.328067322333666 LAO 109
145.2314334 69.08576184 10.453205380069374 ARM 110
-4.920819558 80.60228884 1.1942482260115264 MCO 111
126.6713738 -40.78653671 19.347453128436602 ARE 112
55.37294921 20.42369222 14.534966062107987 PSE 113
170.2165417 182.8979794 20.43077159041167 SWE 114
123.5799694 84.77769769 11.625204021819526 MDA 115
-86.26467489 84.56309137 43.233246755155612 ESP 116
-108.922852 -88.13467284 93.824250225672941 NGA 117
64.80956612 70.02606533 10.55503888936032 ALB 118
21.5149512 -223.0449869 6.900410717382937 SWZ 119
152.4508722 88.33322865 12.109364060164401 GEO 120
-58.67659843 -10.29788956 16.460338010442232 LBY 121
327.4823103 -172.3078525 20.1571877413366 PNG 122
120.2876955 138.1416135 40.170840382954083 POL 123
61.56902832 117.9935919 18.771797818654669 AUT 124
288.6800339 -136.7334257 17.166224104648915 HKG 125
167.5774726 161.1904132 7.2136660185443509 EST 126
160.814004 169.5619181 14.673779446007559 NOR 127
64.92575703 77.28179935 4.9631652484305366 MNE 128
98.94030989 -32.9692612 42.306690389331351 IRQ 129
-200.4454219 19.33278622 9.1975944702771741 GNB 130
-142.9873686 12.80941554 30.269287604609637 MLI 131
177.2050636 99.46367951 27.770536099467865 KAZ 132
