-7.152066149 -0.155947685 0.763132672576379 ECU 0
-2.341159968 2.410800163 0.14124534950298 SUR 1
-2.260107539 -0.349047985 2.63225306893267 BRA 2
-4.205091515 -4.669936098 1.21056022281752 ARG 3
-8.877593507 2.982898714 0.474961812203264 NIC 4
-10.54410602 4.949656533 0.11467742631458 BLZ 5
-4.668949112 -2.526859659 0.629775289625503 BOL 6
-9.776010906 3.540606706 0.58236949512807 HND 7
-3.715097624 -3.07165542 0.46868787592753 PRY 8
-12.05004651 16.27322914 1.11426004866596 CAN 9
-2.753371625 -4.151250603 0.331036865472448 URY 10
-10.64783265 2.992948412 0.451421194149502 SLV 11
-12.48324203 6.51567071 2.02793100127617 MEX 12
-8.581108814 2.149723427 0.408491948074612 CRI 13
-7.817643405 1.958823006 0.378221376469621 PAN 14
-10.96097617 4.178053138 0.761065413645523 GTM 15
-3.663308819 2.946875913 0.960867836042827 VEN 16
-5.767056364 -3.42996695 0.792742787854207 CHL 17
-6.078175164 -1.614981665 1.04871397197943 PER 18
-12.46241632 11.88946892 3.2992385673634 USA 19
-5.787760118 1.368111699 1.29132197294515 COL 20
-2.099933562 2.407844973 0.1 GUF 21
-2.629088138 2.504180349 0.161409627945072 GUY 22
