69.26494465 88.40761494 12.557061120706921 HRV 0
195.3519091 58.65595688 37.190267079057826 UZB 1
100.1412107 75.75583742 16.219054210516582 BGR 2
-143.8800555 51.02158966 4.8067563876665504 ESH 3
-67.27175971 -98.64873681 8.2122012116535252 GNQ 4
84.50443181 77.56987702 16.768756670155742 SRB 5
-160.2546142 -22.47455266 30.241677316167273 BFA 6
-164.5725607 -71.54022275 18.870849556599598 TGO 7
172.8989302 47.96251469 16.009163623128554 TKM 8
171.8929847 153.3262268 8.4843270967260729 LVA 9
36.74356687 156.7344127 57.238547839388026 DEU 10
233.9112654 -193.83121 53.143183431408069 THA 11
169.1231842 64.37426231 20.237889446289813 AZE 12
312.1388341 -16.4002202 236.80474093456917 CHN 13
-69.20862149 -106.8849579 9.789922219419763 GAB 14
191.4380706 -127.5644508 97.25798843362314 PAK 15
22.578131 -171.5569897 23.545605091055275 RWA 16
93.56496109 -2.143554949 30.225840536078788 SYR 17
-20.78636082 -189.0367833 28.444318200884272 ZMB 18
14.91633971 186.6880854 15.2478088008267 DNK 19
104.6081962 -127.252622 34.860711515510097 NPL 20
-50.67502572 22.99096743 22.136663020574257 TUN 21
174.8445458 -214.4666224 82.479617937764189 BGD 22
222.5912169 61.661179 16.276737746062985 KGZ 23
-8.246266774 12.87198815 66.584789381892961 EGY 24
-105.7545095 23.47359781 42.35386041920701 DZA 25
-98.53722962 -28.53058777 32.710506560757047 NER 26
182.4682048 7.877824637 40.760695937709116 AFG 27
110.97669 -94.08109141 36.810586215824081 YEM 28
-115.3371136 92.87423582 20.076669064768613 PRT 29
-38.43466425 -148.3432255 63.422018311371339 COD 30
117.0337348 -66.68978119 13.020670410425378 KWT 31
-72.07485074 60.17213293 1.1329633457435904 GIB 32
308.3115683 -202.8020899 25.816605213989654 KHM 33
275.1881909 -253.7701768 104.48136402769953 IDN 34
202.1444739 32.77014299 19.974416800942763 TJK 35
-218.5954303 -3.336468917 18.595133539528913 SLE 36
110.4605583 42.97217971 58.098497280179103 TUR 37
162.6581 130.691445 19.3284881314313 BLR 38
99.40007138 95.28509017 19.987163229818361 HUN 39
78.65759283 66.19044767 9.0569604257762002 MKD 40
284.548773 -147.4809565 4.2198916596449774 BRN 41
-43.99599946 -222.516362 48.747317566996678 ZAF 42
-45.01820228 -53.93721462 26.813465849264972 TCD 43
-18.76629522 84.70050875 1.1508063858912092 SMR 44
-32.60457239 105.8316865 50.468822644874962 FRA 45
31.67992847 -226.7248905 36.514378401015769 MOZ 46
25.55870607 -87.42980114 70.546041612587103 ETH 47
43.59647773 -53.28831051 12.142968576167476 ERI 48
-45.28327579 73.58578399 1.7770982283583625 AND 49
71.49491188 77.61120542 11.238449618691737 BIH 50
-82.96011526 -166.3355274 37.985730249503682 AGO 51
197.4617793 171.0013135 14.769275929636084 FIN 52
-11.72106142 -48.78491879 43.500575062320337 SDN 53
242.0478206 -140.7670887 5.565028320431276 BTN 54
261.3678034 -155.3869436 46.332917598525327 MMR 55
284.4404964 98.58624364 11.644467007726591 MNG 56
416.29209 75.35352264 45.13134315363525 KOR 57
-40.10243943 -95.47093612 15.029101654374699 CAF 58
47.36368786 0.08324401172 18.996217189388506 ISR 59
261.3509265 -131.2666262 5.2620541529842972 MAC 60
370.0911477 -172.8386654 62.357436562825313 VNM 61
-118.778427 65.18543993 38.579420067195542 MAR 62
52.62027255 15.56168038 14.511818404630572 LBN 63
78.49898083 -67.65577735 38.121459497544961 SAU 64
138.1565212 -8.279953366 59.22384170286221 IRN 65
55.80898132 -67.60148523 6.6859618848297169 DJI 66
164.2567893 145.6236457 10.340522835179389 LTU 67
243.3989979 112.7826159 75.375622048486363 RUS 68
-10.29082911 -212.5280544 25.603029953893035 ZWE 69
-157.0204195 38.60412288 13.83031670550182 MRT 70
-38.8826205 -191.0909279 10.258426419874205 BWA 71
106.2504561 -67.63625853 10.336581335956653 QAT 72
-215.3584982 10.02962193 10.444430594358346 GMB 73
135.9436638 -359.4865393 237.05012914518309 IND 74
-58.56770102 -81.03013064 33.567875577731229 CMR 75
-19.94011468 44.50345176 0.14273996463758234 VAT 76
-220.7328932 -18.82078184 14.598607327398124 LBR 77
-180.225505 -50.41079607 36.635262367418953 GHA 78
122.7512494 94.3201003 27.972298945107518 ROU 79
156.0134297 102.3182069 38.017095393994964 UKR 80
3.386438967 -182.9853167 22.819205598105199 BDI 81
53.21268685 -135.6368608 46.5542406551113 KEN 82
-197.9224292 4.678845084 23.625512441898575 GIN 83
22.71068368 -197.2615562 28.693573347859068 MWI 84
70.26628829 98.66163908 9.130896023358769 SVN 85
2.619447986 -198.1770704 9.5742239410731038 LSO 86
-197.8229773 -22.72657131 33.699632998247999 CIV 87
71.0442315 -97.21797107 26.714119015999053 SOM 88
-10.22946426 -113.0891559 20.88447149161146 SSD 89
333.4117198 -226.1985715 7.3160324182542684 TLS 90
50.89273823 115.7562233 1.2443781621195815 LIE 91
-39.69179012 139.0774007 21.43952368190336 BEL 92
-61.28994235 -117.451103 15.498300193355377 COG 93
58.55946881 -181.8247506 51.503024119408458 TZA 94
79.59442023 134.8102807 20.317769221632126 CZE 95
281.7140817 -188.1836229 36.735232949191008 MYS 96
103.3000106 111.3866524 15.098083179099644 SVK 97
11.20171138 -140.2180889 43.713866559415592 UGA 98
350.7273933 103.5991367 32.078087891570178 PRK 99
-17.16451283 127.7404539 5.0748022272783357 LUX 100
-150.6004417 -47.63373143 23.22454234302446 BEN 101
74.37526521 49.99673871 20.168303373972602 GRC 102
32.24592272 118.7784108 18.601158916192968 CHE 103
-195.9569168 29.79718181 26.432728327444451 SEN 104
57.7248559 -19.71848472 21.116832849381122 JOR 105
-43.88036758 161.3417466 26.324593283299887 NLD 106
128.7261309 -71.10014787 13.515899445744749 OMN 107
22.85174207 66.45623217 48.120519234662289 ITA 108
292.5725012 -164.4673143 17.328067322333666 LAO 109
154.8892138 58.76222209 10.453205380069374 ARM 110
-4.497787907 80.6692415 1.1942482260115264 MCO 111
132.615681 -55.0269805 19.347453128436602 ARE 112
66.41730238 14.78895032 14.534966062107987 PSE 113
186.1906673 183.6630184 20.43077159041167 SWE 114
136.5479443 81.73734221 11.625204021819526 MDA 115
-85.10006364 84.38566672 43.233246755155612 ESP 116
-116.4622102 -93.99737346 93.824250225672941 NGA 117
69.58113067 64.27810302 10.55503888936032 ALB 118
10.73954194 -230.6906808 6.900410717382937 SWZ 119
163.3382382 79.28382284 12.109364060164401 GEO 120
-60.22998415 -13.64907089 16.460338010442232 LBY 121
329.6556736 -174.0190156 20.1571877413366 PNG 122
133.1074894 142.7737467 40.170840382954083 POL 123
69.21884628 111.875476 18.771797818654669 AUT 124
298.1661791 -148.9002001 17.166224104648915 HKG 125
179.1197981 159.4114421 7.2136660185443509 EST 126
177.1559409 169.6160659 14.673779446007559 NOR 127
67.35797352 71.13240026 4.9631652484305366 MNE 128
105.9095758 -42.17633542 42.306690389331351 IRQ 129
-209.6280033 17.28941215 9.1975944702771741 GNB 130
-147.2297423 11.20919433 30.269287604609637 MLI 131
187.7825316 88.81373577 27.770536099467865 KAZ 132
