-95.7036274 0.2534945507 2.16035532952908 ECU 0
-88.31662146 1.929649296 0.504866933196508 SUR 1
-88.83658065 -0.1054115152 1.28545492556643 BRA 2
-90.226562 -3.971625453 1.0312657948377 ARG 3
-99.64732803 12.59380754 1.93046021830909 NIC 4
-109.341144 24.10381909 1.0730342291487 BLZ 5
-90.80596392 -2.20171239 0.854116229664759 BOL 6
-102.615522 15.690186 2.45550026844296 HND 7
-88.95941805 -2.381608178 1.04817291823975 PRY 8
-108.8467967 28.3168852 0.521985903736631 CAN 9
-88.106263 -4.314255125 1.11717729388826 URY 10
-107.2220438 10.74987904 4.42324003825118 SLV 11
-112.6120232 24.40519408 2.05185035997943 MEX 12
-99.60098975 8.222158112 2.55031478093684 CRI 13
-95.75441345 5.571595379 1.95758745277471 PAN 14
-109.2934561 19.86002575 3.27862054964304 GTM 15
-89.64850363 3.503671571 1.44328501015677 VEN 16
-92.5474959 -3.71529009 1.29567062205629 CHL 17
-92.61231159 -1.115754283 1.30580640067986 PER 18
-109.8777429 26.59300691 1.53763787543597 USA 19
-92.24422688 1.820831347 1.72869106232576 COL 20
-87.65883188 1.219792431 0.487146750754583 GUF 21
-89.28352908 1.6271888 0.513497762378277 GUY 22
