-6.172045344 92.57674986 10.651759603917837 HRV 0
94.70024059 80.53962482 11.240913262605497 UZB 1
51.94587819 69.93391987 9.8742724681347713 BGR 2
-50.52636835 1.20521346 1.8702414105219167 ESH 3
-22.71728452 -32.03872335 9.8410069975032801 GNQ 4
41.01331775 77.9328483 11.376234374534803 SRB 5
-53.02944222 -12.58218763 11.604542771897298 BFA 6
-35.05311012 -43.25122637 16.237207152784535 TGO 7
92.09199177 70.73512013 4.6756035263047915 TKM 8
91.06571848 119.6457498 6.8238186929286737 LVA 9
-24.86879257 131.6135674 19.436118872659453 DEU 10
147.1267515 -32.036445 14.918033102667151 THA 11
79.55044859 86.19226337 14.127752117740437 AZE 12
124.2130615 71.97245269 15.479001936614779 CHN 13
-20.45675978 -43.57556845 3.8838479825147276 GAB 14
108.9013398 44.06960339 22.232482476294273 PAK 15
21.69875477 -42.6461167 30.084157110961634 RWA 16
66.58825715 59.18301409 14.158666273124991 SYR 17
8.682187245 -79.33798929 6.6288120620318942 ZMB 18
-4.080709176 150.2153041 15.301443849190363 DNK 19
120.1476876 93.22950599 18.478988375875101 NPL 20
-23.50542352 17.03455597 11.270047427915996 TUN 21
140.6748152 6.177040917 45.878131122708773 BGD 22
105.587531 85.39364749 7.4516858207651406 KGZ 23
-2.502840685 7.72578985 13.397052400880618 EGY 24
-32.20430236 8.808442256 5.5124552593122589 DZA 25
-25.39016946 6.289966604 5.8398269326155834 NER 26
100.2962275 62.81913134 10.125677680632489 AFG 27
79.65720319 -9.870547727 10.168765865407005 YEM 28
-115.0226485 62.27415639 13.315212585551224 PRT 29
-0.7204268717 -32.59764457 8.4549599322577347 COD 30
88.39170226 27.05097574 19.576210918253498 KWT 31
-173.232863 -5.376711425 87.264850953183938 GIB 32
164.8456627 -21.97834468 12.335089282731149 KHM 33
165.909524 -47.44326908 15.301443849190363 IDN 34
107.5952071 73.95795364 10.764047666957218 TJK 35
-72.82184093 -38.76328694 13.893703588307952 SLE 36
65.06663276 76.54569949 13.174918238131072 TUR 37
85.25322525 111.7089319 8.6086990687505729 BLR 38
39.32835827 93.55413849 13.274103464327151 HUN 39
38.00697498 63.70199051 11.443294863273028 MKD 40
176.7903798 -31.53232312 11.66092144922113 BRN 41
8.130109563 -101.8380637 8.8836466999791028 ZAF 42
0.3008108226 -3.525740502 4.7910679135192282 TCD 43
-37.46368172 81.67905294 29.803075889225333 SMR 44
-83.73288846 95.0566734 13.6876246892078 FRA 45
30.03402454 -89.89927154 8.2587624500166275 MOZ 46
24.52776294 4.664973171 13.323419188848396 ETH 47
39.8824213 3.692437659 6.9978025887298454 ERI 48
-72.99266734 78.85648048 16.431270916750275 AND 49
9.878529677 103.5056567 9.9624373645097446 BIH 50
-23.36088428 -52.16424977 6.8238186929286737 AGO 51
99.23165431 103.6617541 5.3718594734463982 FIN 52
11.5729804 1.068494371 6.3937916596345561 SDN 53
123.9276818 34.48749213 5.7264214395022215 BTN 54
168.7859584 29.67383328 11.509964644223476 MMR 55
115.4279911 105.329195 1.8702414105219167 MNG 56
238.3499633 23.34516517 28.992512265897236 KOR 57
2.24628606 -12.59835382 3.8271464284215528 CAF 58
11.54343722 28.4804991 25.914825163545935 ISR 59
380.5772618 -14.20321697 184.13331661168428 MAC 60
183.2851697 -2.794045186 22.355057462295424 VNM 61
-45.12493137 7.871793462 11.585688912537307 MAR 62
15.44729568 79.43681137 28.792000543042317 LBN 63
65.34236181 4.220183978 5.2274836603276205 SAU 64
90.35360428 55.41102145 9.3277997391706116 IRN 65
67.90049483 -7.025639813 8.8095120517505396 DJI 66
80.63034075 121.4455353 8.2983730487283154 LTU 67
101.0809044 109.1880709 3.7404828210438335 RUS 68
8.096408473 -90.87339485 8.2587624500166275 ZWE 69
-51.95491064 -1.353569217 2.7263219241252297 MRT 70
0.1786441043 -90.18277188 2.7263219241252297 BWA 71
99.12111319 4.678852879 19.351576850010694 QAT 72
-95.53832187 -34.66314308 20.836621346488705 GMB 73
105.5854183 -25.42328365 27.590022896537221 IND 74
-11.18015385 -27.1765894 9.7964773256258191 CMR 75
-58.48559722 40.13376245 43.185469798016364 VAT 76
-67.8607561 -55.641192 9.4442561807476775 LBR 77
-49.94090182 -29.62550307 15.415316630013042 GHA 78
56.5403723 91.29155057 11.707696291827231 ROU 79
94.98621492 94.8090019 10.028052370320545 UKR 80
-12.51643733 -71.96089041 28.578610620581966 BDI 81
58.24332877 -24.80623764 12.388143675024942 KEN 82
-65.26161334 -25.29184233 9.5592939928171514 GIN 83
39.41860173 -75.43551308 18.754940882691905 MWI 84
-3.220535342 109.9169615 12.915164629129924 SVN 85
19.59842394 -96.39917146 11.024910518624518 LSO 86
-57.69429261 -46.46762911 11.993629377531024 CIV 87
71.1179271 -16.50707458 6.7755932215494594 SOM 88
11.14361184 -10.70464848 5.2691375751346747 SSD 89
183.2035776 -45.21099898 12.039111639250418 TLS 90
-41.95426091 113.3431365 19.798296422925503 LIE 91
-80.29687065 121.1538598 24.727710677201209 BEL 92
-13.66279838 -37.3501438 5.3310082381995949 COG 93
21.65023162 -68.82018862 10.985180982135423 TZA 94
13.7223221 118.732151 14.674245912538705 CZE 95
148.0367786 -49.72200566 12.864283940329408 MYS 96
49.34464097 107.5168335 13.67963657957546 SVK 97
34.61080183 -13.73765186 19.592954651251638 UGA 98
163.9772467 96.7355859 18.549834597536183 PRK 99
-54.1397889 135.6505283 20.072448167017935 LUX 100
-36.82944518 -11.41421204 13.877960009780162 BEN 101
30.11709057 51.56361433 11.270047427915996 GRC 102
-62.55852686 99.83190299 18.778238954882752 CHE 103
-69.37200054 -12.11374494 12.09346456407123 SEN 104
53.62902606 -3.593657147 14.220292968168506 JOR 105
-41.03496446 163.9156545 28.792000543042317 NLD 106
85.21733701 -2.05369772 4.8814733928765035 OMN 107
-13.99714471 62.48533007 17.761140224570227 ITA 108
172.8038489 17.34635882 7.2434138363388518 LAO 109
81.61999491 67.69480014 12.432182717842437 ARM 110
75.20464729 -216.2998422 169.55816878079546 MCO 111
77.68563662 7.794128897 14.569588722223145 ARE 112
52.01976635 29.39438755 37.594294751601325 PSE 113
94.61715138 109.6649678 6.4278921236682471 SWE 114
67.62650941 102.3667189 12.864283940329408 MDA 115
-88.27341468 59.17880424 12.272902624460331 ESP 116
-15.55841844 -8.87014105 19.731933231434812 NGA 117
14.83678625 52.932789 12.796128314087881 ALB 118
34.63260539 -108.868299 10.558999408537172 SWZ 119
81.67160625 100.9227948 9.2217316065858199 GEO 120
-13.2892022 7.368432198 2.4740968319478251 LBY 121
176.3973531 -56.23907469 6.0059214741011866 PNG 122
63.0111514 119.24122 14.569588722223145 POL 123
-19.74574605 111.4358826 13.116713833806669 AUT 124
235.6267522 -129.4365293 106.31421802685612 HKG 125
88.74798821 128.1452078 6.9978025887298454 EST 126
90.11366716 104.0312723 4.8814733928765035 NOR 127
2.221714896 58.10633409 8.5959924949336148 MNE 128
78.88746146 47.10069122 12.88974939040604 IRQ 129
-78.37229044 -23.82573579 11.005063678914977 GNB 130
-45.89823941 -3.000209467 5.4925904910677117 MLI 131
103.8176157 92.42417428 3.4038907470206374 KAZ 132
