1.48914598 92.23211857 28.537990747697954 HRV 0
108.5463284 74.50901421 30.116439969779236 UZB 1
56.62213306 70.35462781 26.454962073330357 BGR 2
-50.3343579 4.424346616 5.010715041841995 ESH 3
-23.16226639 -30.52902546 26.365837860205033 GNQ 4
43.10664535 71.3659935 30.47898970651816 SRB 5
-49.04652034 -9.352991642 31.090669201158288 BFA 6
-34.58105421 -45.33988131 43.502415068040477 TGO 7
96.65527797 69.17233872 12.526787604604987 TKM 8
96.11591738 114.6517423 18.282244620986376 LVA 9
-18.48078784 131.3070336 52.072878208319693 DEU 10
146.4590201 -34.86603297 39.968109165848851 THA 11
95.21923251 81.30031253 37.850803455379669 AZE 12
154.7585707 69.18691098 41.471046144172696 CHN 13
-22.96369308 -42.59875225 10.405531284211813 GAB 14
110.362482 40.97142211 59.564842129320823 PAK 15
16.13314853 -32.25112476 80.600898744385262 RWA 16
73.04004198 58.81372694 37.933628069635212 SYR 17
-4.844781275 -75.43223458 17.759786582576918 ZMB 18
3.802453211 150.2226053 40.995335909946881 DNK 19
131.3697852 71.71006896 49.508552474614177 NPL 20
-22.74809681 16.61160837 30.19449566864866 TUN 21
136.5491615 1.498796981 122.91581205230848 BGD 22
125.001211 85.60845127 19.964414229695002 KGZ 23
-0.4229731426 13.86303181 35.893126739560699 EGY 24
-31.52499066 10.27382193 14.768864773242742 DZA 25
-23.1190759 6.042834872 15.645952703424003 NER 26
103.8395562 59.52533418 27.128522113639942 AFG 27
76.81320865 -10.6033801 27.243963154759381 YEM 28
-111.5986125 68.2204506 35.673863070504133 PRT 29
-6.417211985 -35.03838065 22.6523670540011 COD 30
90.99970448 25.71688044 52.448210139348106 KWT 31
-173.2764562 3.715314402 233.79832081313785 GIB 32
163.0094011 -30.55612353 33.047935450320651 KHM 33
163.6726213 -56.41117916 40.995335909946881 IDN 34
115.9809059 63.87695425 28.838830780073092 TJK 35
-73.87683589 -35.00036767 37.223745108606629 SLE 36
69.79961011 74.59959447 35.297989136289736 TUR 37
95.88423837 105.1972817 23.064262010133788 BLR 38
48.60348728 84.82101849 35.563724298623939 HUN 39
39.92966122 58.08762613 30.658656886243435 MKD 40
174.6159343 -39.14068652 31.241717875899614 BRN 41
4.337570615 -101.2354049 23.800896448749473 ZAF 42
-0.1061844278 -3.005516198 12.836137584002028 TCD 43
-30.31294186 83.63083581 79.847831307310187 SMR 44
-76.30746883 99.53427737 36.671622460846834 FRA 45
30.757938 -93.41472098 22.126718509430216 MOZ 46
33.39421702 -6.767054778 35.695850045208161 ETH 47
40.42138943 3.647261351 18.7483789493274 ERI 48
-68.77629316 83.30307314 44.022346995388965 AND 49
18.04707728 93.64035785 26.691171778635322 BIH 50
-23.66170296 -56.40400682 18.282244620986376 AGO 51
111.0312239 101.2258116 14.392183230905879 FIN 52
10.87410663 0.7860223349 17.13012441233149 SDN 53
122.0047135 28.61585732 15.342118873751685 BTN 54
167.6710248 14.81105743 30.837277289131155 MMR 55
130.0673989 97.0195726 5.010715041841995 MNG 56
240.0433704 10.73112089 77.676184739690541 KOR 57
-2.966545797 -16.55817939 10.253617564201088 CAF 58
23.78805154 14.79386825 69.430504277759582 ISR 59
358.8349693 -31.13169518 493.32646259444425 MAC 60
175.6863236 -12.59811119 59.893242689085007 VNM 61
-47.94852576 12.01729464 31.040156301507803 MAR 62
18.48534364 70.79170415 77.138977564123607 LBN 63
66.41050432 1.270335941 14.005374311799255 SAU 64
94.90840106 51.34185429 24.990862782419555 IRN 65
63.62933022 -9.804763167 23.602276316123458 DJI 66
87.18415927 114.1244907 22.23284246843593 LTU 67
117.0050078 104.1941888 10.02143008368399 RUS 68
3.154171762 -90.64628091 22.126718509430216 ZWE 69
-51.67956776 1.904280265 7.3043095919396075 MRT 70
-8.401674152 -85.73788465 7.3043095919396075 BWA 71
96.98166059 2.860486044 51.846374837059365 QAT 72
-95.47525181 -29.08826099 55.825077668920258 GMB 73
102.5057933 -25.28420569 73.918662026558764 IND 74
-13.04513074 -24.28203073 26.246534814389989 CMR 75
-50.32861558 45.53355284 115.70168529502678 VAT 76
-70.50592622 -51.7442919 25.302870654904186 LBR 77
-48.61196972 -33.03146663 41.300421687918899 GHA 78
63.57733136 87.88793335 31.367036140219717 ROU 79
104.7331346 94.59766199 26.866966248128421 UKR 80
14.03017429 -66.79000815 76.567267362310048 BDI 81
58.62672009 -37.46252498 33.190077764145322 KEN 82
-67.51923536 -22.66042222 25.611077762325817 GIN 83
39.46031548 -78.27933452 50.247879156700158 MWI 84
0.4442245935 109.8900704 34.602062231627954 SVN 85
14.62615824 -95.57956383 29.537729546485483 LSO 86
-60.92879429 -43.49559151 32.133102598504621 CIV 87
69.20220921 -17.11149851 18.15303985978268 SOM 88
20.2838 -9.754664052 14.116972684234538 SSD 89
179.6776664 -54.47296767 32.254957804817671 TLS 90
-34.48480536 112.5772909 53.043217378827713 LIE 91
-69.67331826 126.7614833 66.25000983482235 BEL 92
-16.49034719 -36.90332255 14.282735382207104 COG 93
36.74475508 -60.94803324 29.431286931659752 TZA 94
19.30883332 117.0812453 39.314959185470592 CZE 95
147.5027661 -52.62599584 34.465743662657282 MYS 96
53.15599314 100.0462956 36.650220870193635 SVK 97
44.50788662 -24.96205637 52.493069628779978 UGA 98
168.7346857 85.77330327 49.698362317631073 PRK 99
-43.26652242 134.5110944 53.777719491839861 LUX 100
-33.97046207 -9.675449359 37.181565213916137 BEN 101
26.38699054 36.80646839 30.19449566864866 GRC 102
-55.14519627 99.17783396 50.310298906426482 CHE 103
-70.22870762 -9.308888381 32.400579122170356 SEN 104
54.81140688 0.9096387227 38.098737133147701 JOR 105
-33.36622306 161.5701551 77.138977564123607 NLD 106
83.859027 -3.125087813 13.078350216409746 OMN 107
-10.23399805 64.05062279 47.585307427602821 ITA 108
179.7534594 14.28826903 19.406415909645048 LAO 109
85.61793002 68.63986349 33.308066325960112 ARM 110
77.06627007 -214.3091909 454.27700509530524 MCO 111
77.26989788 6.261143628 39.034563641451086 ARE 112
56.39457195 33.20158256 100.72191597272028 PSE 113
105.0515856 104.8257398 17.221485723821072 SWE 114
74.75809029 97.12248868 34.465743662657282 MDA 115
-80.86311381 60.97569916 32.881326144031945 ESP 116
-14.31837021 -6.56407434 52.865418384560847 NGA 117
10.88895965 37.77301126 34.283142411464119 ALB 118
29.28538159 -111.2536077 28.289469405125189 SWZ 119
87.02714328 92.57590691 24.706687068839141 GEO 120
-11.73898861 7.419086113 6.6285529456622623 LBY 121
172.8729313 -65.02826987 16.090950024469048 PNG 122
68.75546487 113.0235779 39.034563641451086 POL 123
-15.04156378 111.9026632 35.142049008662916 AUT 124
225.489482 -147.0739697 284.83502099345412 HKG 125
95.48087625 122.7763257 18.7483789493274 EST 126
95.83480389 96.76515415 13.078350216409746 NOR 127
9.233347712 50.27712332 23.030218800419412 MNE 128
84.23173744 43.74933649 34.533970209790922 IRQ 129
-79.36490495 -19.40762062 29.484556272860946 GNB 130
-46.47018219 0.4693513327 14.715643465829876 MLI 131
107.9244807 87.34843931 9.1196390321201388 KAZ 132
