-19.65540408 0.06310431496 0.443471156521669 ECU 0
-18.28149033 0.2676070309 0.10363754503432 SUR 1
-18.42893967 -0.06197583348 0.263874268600844 BRA 2
-18.52500331 -0.8266665304 0.211695098702862 ARG 3
-20.4560621 2.335770594 0.396278988891712 NIC 4
-22.19525636 4.558081074 0.220269195573323 BLZ 5
-18.64263514 -0.4531428773 0.175330375978439 BOL 6
-20.98991019 3.061981228 0.504057609876167 HND 7
-18.26029845 -0.5013600831 0.215165741455967 PRY 8
-22.55764684 5.532437041 0.107151675122144 CAN 9
-18.09173838 -0.9042120857 0.229330749339448 URY 10
-22.03995745 2.146611355 0.907989231458415 SLV 11
-22.82197216 4.421999212 0.421197587133886 MEX 12
-20.2079055 1.449750943 0.523520843972877 CRI 13
-19.45392679 0.9176113652 0.401847584889448 PAN 14
-22.00177351 3.699568321 0.673025232040346 GTM 15
-18.39168444 0.7101076416 0.296273147243853 VEN 16
-18.98933463 -0.7585093382 0.26597131563524 CHL 17
-19.02295758 -0.2348844387 0.268051957373663 PER 18
-22.59189494 5.116917298 0.315641615807596 USA 19
-18.93387941 0.370619564 0.354860431614918 COL 20
-18.08142455 0.2655473387 0.1 GUF 21
-18.48058192 0.3184290262 0.105409255338946 GUY 22
