-9.521337804 111.3188536 10.6517596039178 HRV 0
77.20015975 97.77163945 11.2409132626055 UZB 1
59.06430763 76.32397636 9.87427246813477 BGR 2
-49.07993283 -2.939103305 1.87024141052192 ESH 3
-25.23195612 -50.22411867 9.84100699750328 GNQ 4
33.77061664 113.5249325 11.3762343745348 SRB 5
-67.56020973 -10.84650962 11.6045427718973 BFA 6
-30.71872687 -76.84204959 16.2372071527845 TGO 7
89.45082843 78.82466928 4.67560352630479 TKM 8
103.1378357 123.9639042 6.82381869292867 LVA 9
-17.34980262 171.4827646 19.4361188726595 DEU 10
168.3932909 -27.4966411 14.9180331026672 THA 11
80.91272925 58.79274774 14.1277521177404 AZE 12
124.5536056 67.65681827 15.4790019366148 CHN 13
-13.16238505 -53.0626976 3.88384798251473 GAB 14
140.3435894 33.57827363 22.2324824762943 PAK 15
46.71625775 -64.3177656 30.0841571109616 RWA 16
39.55871455 33.76757953 14.158666273125 SYR 17
1.429278757 -91.02562967 6.62881206203189 ZMB 18
15.06363504 185.9299384 15.3014438491904 DNK 19
123.529076 102.029591 18.4789883758751 NPL 20
-32.2622077 19.02077516 11.270047427916 TUN 21
140.8788646 -98.70042674 45.8781311227088 BGD 22
108.519182 84.044765 7.45168582076514 KGZ 23
-11.41800989 11.13995066 13.3970524008806 EGY 24
-38.88519977 2.115806981 5.51245525931226 DZA 25
-26.13864248 1.903238235 5.83982693261558 NER 26
104.9176928 51.2243219 10.1256776806325 AFG 27
65.65352638 -24.57896368 10.168765865407 YEM 28
-122.4429505 67.08264736 13.3152125855512 PRT 29
-0.616218632 -53.19961569 8.45495993225773 COD 30
108.3897718 11.7126066 19.5762109182535 KWT 31
-235.9611389 -54.74583199 87.2648509531839 GIB 32
180.4105285 -3.85376936 12.3350892827311 KHM 33
186.9350215 -47.53466059 15.3014438491904 IDN 34
100.6310928 69.60253292 10.7640476669572 TJK 35
-96.56754856 -59.86842746 13.893703588308 SLE 36
57.62877979 50.59633737 13.1749182381311 TUR 37
90.02426481 118.8510987 8.60869906875057 BLR 38
11.62042962 115.8207224 13.2741034643272 HUN 39
42.59323632 86.41606741 11.443294863273 MKD 40
209.6830367 -8.194384695 11.6609214492211 BRN 41
-3.722797316 -118.7784081 8.8836466999791 ZAF 42
-12.16351875 -12.53171618 4.79106791351923 TCD 43
-95.44602471 153.9666071 29.8030758892253 SMR 44
-79.11947245 117.495052 13.6876246892078 FRA 45
8.692382226 -102.3450702 8.25876245001663 MOZ 46
13.17040757 1.217331223 13.3234191888484 ETH 47
24.46549447 15.69627569 6.99780258872985 ERI 48
-95.74496053 39.97462696 16.4312709167503 AND 49
10.66966662 136.7907699 9.96243736450974 BIH 50
-13.73476087 -63.95782738 6.82381869292867 AGO 51
102.188076 93.74639859 5.3718594734464 FIN 52
-4.899401347 -5.5081958 6.39379165963456 SDN 53
117.6818846 44.73166632 5.72642143950222 BTN 54
149.4291417 4.481309568 11.5099646442235 MMR 55
104.6133177 100.8199012 1.87024141052192 MNG 56
238.428734 22.84388923 28.9925122658972 KOR 57
-6.22899628 -19.57359193 3.82714642842155 CAF 58
-57.72966256 44.2508409 25.9148251635459 ISR 59
460.8717203 26.75532242 184.133316611684 MAC 60
188.9834717 27.50830111 22.3550574622954 VNM 61
-53.33970103 10.65902335 11.5856889125373 MAR 62
-48.92614691 92.88187785 28.7920005430423 LBN 63
58.61703366 -2.871708441 5.22748366032762 SAU 64
95.01975415 36.70258969 9.32779973917061 IRN 65
31.72829788 -9.770161478 8.80951205175054 DJI 66
91.24336678 135.7141362 8.29837304872832 LTU 67
100.128905 104.9460747 3.74048282104383 RUS 68
-6.228173255 -103.4961844 8.25876245001663 ZWE 69
-53.19136172 -2.269552268 2.72632192412523 MRT 70
-6.626718133 -93.58040592 2.72632192412523 BWA 71
88.31278604 -40.69022957 19.3515768500107 QAT 72
-130.2844988 -44.16922838 20.8366213464887 GMB 73
128.1166973 -26.06297155 27.5900228965372 IND 74
-9.710512898 -31.38015857 9.79647732562582 CMR 75
-146.5034536 21.96957429 43.1854697980164 VAT 76
-76.87203647 -74.58450625 9.44425618074768 LBR 77
-48.75340384 -54.65208156 15.415316630013 GHA 78
53.46341882 104.2835462 11.7076962918272 ROU 79
71.51933617 116.6384115 10.0280523703205 UKR 80
-37.50629184 -116.7551144 28.578610620582 BDI 81
45.32354442 -25.97411234 12.3881436750249 KEN 82
-85.20159514 -39.86861112 9.55929399281715 GIN 83
36.9899706 -107.3529948 18.7549408826919 MWI 84
-25.67934411 125.2236258 12.9151646291299 SVN 85
1.543773136 -135.9753598 11.0249105186245 LSO 86
-73.5899614 -55.49793709 11.993629377531 CIV 87
49.57781785 -9.192646342 6.77559322154946 SOM 88
0.3557856257 -14.64022749 5.26913757513467 SSD 89
211.8478604 -59.96096686 12.0391116392504 TLS 90
-52.68531942 168.7130184 19.7982964229255 LIE 91
-130.0273175 118.882 24.7277106772012 BEL 92
-10.02714759 -45.04246255 5.33100823819959 COG 93
9.13741116 -77.10499119 10.9851809821354 TZA 94
12.80294832 158.9447864 14.6742459125387 CZE 95
193.0555381 -22.83697322 12.8642839403294 MYS 96
31.79857694 140.2367798 13.6796365795755 SVK 97
16.83242658 -30.76622787 19.5929546512516 UGA 98
158.9015564 81.21515197 18.5498345975362 PRK 99
-110.3320728 196.5126316 20.0724481670179 LUX 100
-64.94180522 -33.71770974 13.8779600097802 BEN 101
41.68711005 65.91713593 11.270047427916 GRC 102
-75.24026274 195.2793165 18.7782389548828 CHE 103
-87.99409432 -17.2330069 12.0934645640712 SEN 104
42.15473019 8.262183698 14.2202929681685 JOR 105
-20.84762101 214.9111936 28.7920005430423 NLD 106
63.44185834 -10.62541214 4.8814733928765 OMN 107
-52.52976099 134.7826834 17.7611402245702 ITA 108
165.77004 9.145088159 7.24341383633885 LAO 109
75.40241548 35.44013545 12.4321827178424 ARM 110
-1.951091731 -299.0747124 169.558168780795 MCO 111
81.94053004 -4.161597052 14.5695887222231 ARE 112
-1.530921961 56.13128002 37.5942947516013 PSE 113
91.80434119 91.32861601 6.42789212366825 SWE 114
51.48892599 126.3939572 12.8642839403294 MDA 115
-96.89218036 65.88030413 12.2729026244603 ESP 116
-35.72182829 -25.46431091 19.7319332314348 NGA 117
22.37750927 94.86939767 12.7961283140879 ALB 118
14.59678219 -121.4899515 10.5589994085372 SWZ 119
76.06139375 79.32093182 9.22173160658582 GEO 120
-19.93386935 -3.184158699 2.47409683194783 LBY 121
196.1690108 -64.42397925 6.00592147410119 PNG 122
71.33649306 141.2362934 14.5695887222231 POL 123
-10.2200545 142.9522764 13.1167138338067 AUT 124
267.9821447 -151.1227837 106.314218026856 HKG 125
105.0492832 136.3031128 6.99780258872985 EST 126
93.16653538 101.4541616 4.8814733928765 NOR 127
3.191542463 97.69813651 8.59599249493361 MNE 128
65.80104038 14.67701247 12.889749390406 IRQ 129
-103.0803781 -34.82136253 11.005063678915 GNB 130
-52.09238825 -9.612673205 5.49259049106771 MLI 131
97.22979614 84.29633552 3.40389074702064 KAZ 132
