-19.65600513 0.06305538618 0.443471156521669 ECU 0
-18.28142205 0.2687362482 0.10363754503432 SUR 1
-18.42613334 -0.06223265583 0.263874268600844 BRA 2
-18.52496153 -0.8270748998 0.211695098702862 ARG 3
-20.4560621 2.335770594 0.396278988891712 NIC 4
-22.19525636 4.558081074 0.220269195573323 BLZ 5
-18.64263514 -0.4531428773 0.175330375978439 BOL 6
-20.98991019 3.061981228 0.504057609876167 HND 7
-18.25914112 -0.50247217 0.215165741455967 PRY 8
-22.55764684 5.532437041 0.107151675122144 CAN 9
-18.09108245 -0.9057529693 0.229330749339448 URY 10
-22.04003801 2.146494694 0.907989231458415 SLV 11
-22.82197216 4.421999212 0.421197587133886 MEX 12
-20.2079055 1.449750943 0.523520843972877 CRI 13
-19.45392679 0.9176113652 0.401847584889448 PAN 14
-22.00209679 3.700081244 0.673025232040346 GTM 15
-18.39171627 0.7104981011 0.296273147243853 VEN 16
-18.98946678 -0.7586736366 0.26597131563524 CHL 17
-19.0231637 -0.2348648387 0.268051957373663 PER 18
-22.59189494 5.116917298 0.315641615807596 USA 19
-18.93420635 0.370921652 0.354860431614918 COL 20
-18.08128724 0.2656124315 0.1 GUF 21
-18.48071314 0.3187701125 0.105409255338946 GUY 22
